frame,time_s,WRIST_x,WRIST_y,WRIST_speed_px_s,WRIST_speed_mm_s,WRIST_accel_mm_s2,THUMB_CMC_x,THUMB_CMC_y,THUMB_CMC_speed_px_s,THUMB_CMC_speed_mm_s,THUMB_CMC_accel_mm_s2,THUMB_MCP_x,THUMB_MCP_y,THUMB_MCP_speed_px_s,THUMB_MCP_speed_mm_s,THUMB_MCP_accel_mm_s2,THUMB_IP_x,THUMB_IP_y,THUMB_IP_speed_px_s,THUMB_IP_speed_mm_s,THUMB_IP_accel_mm_s2,THUMB_TIP_x,THUMB_TIP_y,THUMB_TIP_speed_px_s,THUMB_TIP_speed_mm_s,THUMB_TIP_accel_mm_s2,INDEX_FINGER_MCP_x,INDEX_FINGER_MCP_y,INDEX_FINGER_MCP_speed_px_s,INDEX_FINGER_MCP_speed_mm_s,INDEX_FINGER_MCP_accel_mm_s2,INDEX_FINGER_PIP_x,INDEX_FINGER_PIP_y,INDEX_FINGER_PIP_speed_px_s,INDEX_FINGER_PIP_speed_mm_s,INDEX_FINGER_PIP_accel_mm_s2,INDEX_FINGER_DIP_x,INDEX_FINGER_DIP_y,INDEX_FINGER_DIP_speed_px_s,INDEX_FINGER_DIP_speed_mm_s,INDEX_FINGER_DIP_accel_mm_s2,INDEX_FINGER_TIP_x,INDEX_FINGER_TIP_y,INDEX_FINGER_TIP_speed_px_s,INDEX_FINGER_TIP_speed_mm_s,INDEX_FINGER_TIP_accel_mm_s2,MIDDLE_FINGER_MCP_x,MIDDLE_FINGER_MCP_y,MIDDLE_FINGER_MCP_speed_px_s,MIDDLE_FINGER_MCP_speed_mm_s,MIDDLE_FINGER_MCP_accel_mm_s2,MIDDLE_FINGER_PIP_x,MIDDLE_FINGER_PIP_y,MIDDLE_FINGER_PIP_speed_px_s,MIDDLE_FINGER_PIP_speed_mm_s,MIDDLE_FINGER_PIP_accel_mm_s2,MIDDLE_FINGER_DIP_x,MIDDLE_FINGER_DIP_y,MIDDLE_FINGER_DIP_speed_px_s,MIDDLE_FINGER_DIP_speed_mm_s,MIDDLE_FINGER_DIP_accel_mm_s2,MIDDLE_FINGER_TIP_x,MIDDLE_FINGER_TIP_y,MIDDLE_FINGER_TIP_speed_px_s,MIDDLE_FINGER_TIP_speed_mm_s,MIDDLE_FINGER_TIP_accel_mm_s2,RING_FINGER_MCP_x,RING_FINGER_MCP_y,RING_FINGER_MCP_speed_px_s,RING_FINGER_MCP_speed_mm_s,RING_FINGER_MCP_accel_mm_s2,RING_FINGER_PIP_x,RING_FINGER_PIP_y,RING_FINGER_PIP_speed_px_s,RING_FINGER_PIP_speed_mm_s,RING_FINGER_PIP_accel_mm_s2,RING_FINGER_DIP_x,RING_FINGER_DIP_y,RING_FINGER_DIP_speed_px_s,RING_FINGER_DIP_speed_mm_s,RING_FINGER_DIP_accel_mm_s2,RING_FINGER_TIP_x,RING_FINGER_TIP_y,RING_FINGER_TIP_speed_px_s,RING_FINGER_TIP_speed_mm_s,RING_FINGER_TIP_accel_mm_s2,PINKY_MCP_x,PINKY_MCP_y,PINKY_MCP_speed_px_s,PINKY_MCP_speed_mm_s,PINKY_MCP_accel_mm_s2,PINKY_PIP_x,PINKY_PIP_y,PINKY_PIP_speed_px_s,PINKY_PIP_speed_mm_s,PINKY_PIP_accel_mm_s2,PINKY_DIP_x,PINKY_DIP_y,PINKY_DIP_speed_px_s,PINKY_DIP_speed_mm_s,PINKY_DIP_accel_mm_s2,PINKY_TIP_x,PINKY_TIP_y,PINKY_TIP_speed_px_s,PINKY_TIP_speed_mm_s,PINKY_TIP_accel_mm_s2,WRIST_path_mm,THUMB_CMC_path_mm,THUMB_MCP_path_mm,THUMB_IP_path_mm,THUMB_TIP_path_mm,INDEX_FINGER_MCP_path_mm,INDEX_FINGER_PIP_path_mm,INDEX_FINGER_DIP_path_mm,INDEX_FINGER_TIP_path_mm,MIDDLE_FINGER_MCP_path_mm,MIDDLE_FINGER_PIP_path_mm,MIDDLE_FINGER_DIP_path_mm,MIDDLE_FINGER_TIP_path_mm,RING_FINGER_MCP_path_mm,RING_FINGER_PIP_path_mm,RING_FINGER_DIP_path_mm,RING_FINGER_TIP_path_mm,PINKY_MCP_path_mm,PINKY_PIP_path_mm,PINKY_DIP_path_mm,PINKY_TIP_path_mm
0,0.0,404.0763473510742,151.56784057617188,,,,400.53478240966797,185.1135492324829,,,,375.20660400390625,207.77562618255615,,,,342.10472106933594,215.02992153167725,,,,319.2063903808594,206.84466361999512,,,,385.77220916748047,162.68248558044434,,,,338.80970001220703,186.51625156402588,,,,346.06945037841797,196.1636209487915,,,,357.72449493408203,192.6776933670044,,,,373.45272064208984,142.25192070007324,,,,328.40965270996094,175.84545135498047,,,,339.98767852783203,184.8128843307495,,,,353.9969253540039,177.19433784484863,,,,360.22132873535156,130.27982711791992,,,,320.58082580566406,163.72129440307617,,,,332.58045196533203,170.7952880859375,,,,345.9174346923828,162.65756607055664,,,,347.79354095458984,125.67771434783936,,,,319.886474609375,152.3338222503662,,,,328.41163635253906,158.76224040985107,,,,339.3339157104492,152.56450653076172,,,,0.0,0.0,0.0,0.0,0.0,0.0,0.0,0.0,0.0,0.0,0.0,0.0,0.0,0.0,0.0,0.0,0.0,0.0,0.0,0.0,0.0
1,0.04,405.3838348388672,152.420654296875,39.02575089728156,40.70950544809113,,399.0280532836914,183.93404960632324,47.837302568033216,49.90122892551403,,374.6076965332031,206.71885013580322,30.367188002171485,31.67737140206367,,343.5221481323242,215.3721570968628,36.45394921138051,38.02674413443523,,320.4636764526367,208.06599140167236,43.820727234537415,45.71135962993039,,384.3456268310547,162.27456092834473,37.09396585356428,38.69437410651257,,337.5202178955078,188.0197048187256,49.5172685683631,51.653676565100675,,347.7099609375,195.8933687210083,41.56554433272695,43.358877524734304,,360.03021240234375,191.82263374328613,61.47895983363152,64.13145148385948,,373.0113983154297,142.21036434173584,11.081863757030003,11.559987511303508,,327.85919189453125,176.3756275177002,19.106508590656524,19.93085328742547,,339.8355484008789,185.11759757995605,8.514463421466392,8.881817442951581,,353.25782775878906,177.27619171142578,18.590409333948156,19.392487079994247,,360.36216735839844,131.22516632080078,23.894321059683282,24.92523451804672,,321.19701385498047,164.3373155593872,21.782587328287338,22.722390655555678,,333.4670639038086,171.9297981262207,35.99647344664963,37.54953071231044,,345.5744171142578,162.92677402496338,10.901088868164758,11.371413142997108,,347.8700637817383,127.01894760131836,33.58536123924253,35.034391777463306,,320.4375457763672,152.86786079406738,19.184573836298135,20.012286635142942,,329.99683380126953,159.01745796203613,40.14027707930122,41.872117534618084,,340.5661392211914,152.05286979675293,33.355536721931394,34.7946515489099,,1.628380217923645,1.9960491570205614,1.2670948560825468,1.5210697653774092,1.8284543851972157,1.5477749642605028,2.066147062604027,1.734355100989372,2.5652580593543792,0.4623995004521403,0.7972341314970188,0.35527269771806325,0.7756994831997699,0.9970093807218688,0.9088956262222271,1.5019812284924177,0.45485652571988433,1.4013756710985321,0.8004914654057177,1.6748847013847235,1.391786061956396
2,0.08,405.18871307373047,153.2700490951538,21.787955769374722,22.727990716455718,-449.5378682908853,398.3981704711914,183.89910221099854,15.771288745749576,16.451736362700807,-836.2373140703306,374.13848876953125,206.3708209991455,14.60479812965324,15.23491785186393,-411.0613387549935,343.3977508544922,215.32276153564453,3.346136223325962,3.490504287081688,-863.4059961838385,320.48744201660156,208.57176303863525,12.658242146588943,13.20437828310216,-812.6745336707058,383.63197326660156,162.0430326461792,18.7567780332066,19.56603370787797,-478.20850996586495,337.44571685791016,188.8560390472412,20.99114912275459,21.89680608128917,-743.9217620952876,348.50250244140625,196.28896236419678,22.144643341352218,23.10006746887756,-506.47025139641863,361.2135314941406,191.86018466949463,29.59786885349705,30.874860204861715,-831.414781974944,372.4147415161133,142.33540534973145,15.240459922748709,15.898005086169164,108.45043937164141,327.8359603881836,177.18758583068848,20.307264785630856,21.183415755468637,31.314061701079154,340.18688201904297,185.4724645614624,12.484137080102837,13.022761504700847,103.52360154373166,353.5721969604492,177.37390995025635,8.230159823500985,8.58524764982325,-270.1809857542749,359.9851608276367,131.55173778533936,12.469534015147078,13.007528394800156,-297.94265308116417,321.6469955444336,165.02161502838135,20.474821185250182,21.358201326696186,-34.10473322148731,333.9501953125,172.29947090148926,15.208425272667489,15.864588310526802,-542.123560044591,345.85811614990234,163.07579040527344,8.011360075946415,8.357007851476814,-75.36013228800735,347.7464294433594,127.3630142211914,9.140134317163152,9.53448272552667,-637.4977262984158,320.6143569946289,153.2975721359253,11.616637966310403,12.117834396645964,-197.36130596242444,329.8188781738281,159.093017578125,4.833312846896628,5.04184470891944,-920.7568206424661,340.06649017333984,151.85869216918945,13.40135539006114,13.979552929025175,-520.377465497118,2.537499846581874,2.654118611528594,1.8764915701571039,1.660689936860677,2.356629516521302,2.3304163125756214,2.9420193058555935,2.6583577997444747,3.800252467548848,1.0983197038989068,1.6445707617157643,0.8761831579060971,1.1191093891927,1.517310516513875,1.7632236792900744,2.1365647609134895,0.7891368397789569,1.7827549801195992,1.2852048412715562,1.876558489741501,1.950968179117403
3,0.12,403.8218307495117,153.32179069519043,34.19653200103047,35.6719313221144,323.59851514146715,398.0207824707031,184.36471939086914,14.983763318655937,15.630233382549,-20.537574503795184,374.7539520263672,206.6703701019287,17.112215766326866,17.85051728541423,65.38998583875753,344.0863037109375,215.50568103790283,17.81089168924144,18.579337375646556,377.2208272141217,320.64659118652344,209.29397106170654,18.488389716173252,19.2860658557992,152.04218931742602,384.0133285522461,161.92743301391602,9.962276624484652,10.392096121028105,-229.34843967124664,337.210693359375,189.49167251586914,16.942290859408555,17.673261018336508,-105.58862657381658,349.45735931396484,196.28668785095215,23.871489538815947,24.901417937922908,45.03376172613373,363.09276580810547,191.6151237487793,47.3786374701508,49.42277485680849,463.69786629866934,372.5139617919922,142.1156358718872,6.028229763859754,6.288315965018065,-240.24222802877748,328.3014678955078,177.93505668640137,22.014340773620848,22.96414303516397,44.518181992383354,341.45668029785156,185.3582525253296,31.87310835625063,33.24826424715295,505.6375685613027,354.9079895019531,176.81439399719238,36.2060061977856,37.76810369240183,729.5714010644645,359.7079086303711,131.38265132904053,8.118613281847791,8.468888465419631,-113.46599823451311,321.3672637939453,165.2129030227661,8.472047753752637,8.837571763722439,-313.0157390743437,334.3572235107422,172.1380090713501,10.947085135898291,11.419393906181362,-111.129860108636,346.45816802978516,162.75601387023926,16.998516312265373,17.731912301829308,234.37261125881236,347.1514892578125,127.3720121383667,14.87520560555474,15.516991978826686,149.5627313325004,319.89145278930664,153.37517738342285,18.176445343351887,18.96066273470878,171.0707084515704,329.78912353515625,158.86437892913818,5.764165720911532,6.012858956558699,24.27535619098149,340.5035400390625,151.44646167755127,15.019707124400977,15.667727973227196,42.20437610505052,3.96437709946645,3.279327946830554,2.590512261573673,2.4038634318865393,3.1280721507532703,2.746100157416746,3.6489497465890537,3.654414517261391,5.777163461821187,1.3498523424996296,2.563136483122323,2.2061137277922156,2.629833536888773,1.8560660551306603,2.116726549838972,2.5933405171607444,1.4984133318521293,2.4034346592726665,2.0436313506599073,2.117072848003849,2.577677298046491
4,0.16,403.1774139404297,153.59776496887207,17.52560312017778,18.28174011513147,-434.75478017457334,397.6884460449219,184.4242000579834,8.440432811081633,8.804592803643136,-170.6410144726466,374.8388671875,206.65647983551025,2.1510933399359997,2.2439016297717678,-390.1653913910616,344.27562713623047,215.42974948883057,5.099568579128545,5.319587966452397,-331.493735229854,320.51158905029297,209.97153282165527,17.27200616842922,18.017201797444763,-31.72160145886096,384.8652648925781,162.10092544555664,21.735557731153797,22.6733319802782,307.03089648125234,337.68898010253906,189.96030807495117,16.740248951303972,17.462502071497145,-5.268973670984067,348.7355422973633,197.20264434814453,29.15471778079536,30.412589509392955,137.77928928675118,361.6494369506836,192.68325805664062,44.88951081751402,46.82625556642465,-64.91298225959596,372.99041748046875,142.13122844696045,11.917769072877322,12.43195771628796,153.59104378174735,328.33789825439453,177.79741287231445,3.559581313599965,3.7131584030331917,-481.2746158032695,340.8168411254883,185.97350120544434,22.191286365281222,23.148722892363224,-252.4885338697432,354.32849884033203,177.80741214752197,28.743417439803203,29.983543736090784,-194.61399890777616,359.99195098876953,131.2322187423706,8.035469202882227,8.382157159607374,-2.1682826453064408,321.39076232910156,165.29907703399658,2.233011050974456,2.329353656373195,-162.7054526837311,334.2031478881836,172.71612167358398,14.957303365088373,15.60263182206269,104.58094789703321,346.6663360595703,163.5349702835083,20.157303614285905,21.026984553467223,82.37680629094788,347.42664337158203,126.92084312438965,13.211341375342068,13.781340815495836,-43.39127908327125,320.36399841308594,153.39231491088867,11.821406996435707,12.331438126383988,-165.73061520811981,329.91981506347656,159.2859935760498,11.035147995867284,11.511256212357562,137.45993139497156,340.4906463623047,151.82563304901123,9.484763302105996,9.89398062672088,-144.3436836626579,4.6956467040717085,3.631511658976279,2.6802683267645437,2.6166469505446357,3.84876022265106,3.6530334366278736,4.347449829448939,4.87091809763711,7.650213684478174,1.847130651151148,2.7116628192436507,3.1320626434867442,3.8291752863324042,2.191352341514955,2.2099006960938996,3.217445790043252,2.3394927139908184,2.9546882918925004,2.5368888757152668,2.577523096498152,2.973436523115326
5,0.2,403.38123321533203,153.7935447692871,7.065409890457068,7.370244923297415,-272.7873797958514,397.83336639404297,184.1832733154297,7.02885138495801,7.3321091118250035,-36.812092295453304,375.2476501464844,206.12903594970703,16.682711114864247,17.402481782017524,378.9645038061439,345.01197814941406,215.06418228149414,20.552557591700392,21.439291647552004,402.9925920274902,320.6545639038086,210.57096004486084,15.406062213008681,16.070752238563465,-48.66123897203245,385.7199478149414,162.0503282546997,21.404482204407145,22.327972297250003,-8.6339920757049,338.80977630615234,190.2562665939331,28.980333579342254,30.230681552828546,319.20448703328503,349.4682312011719,197.298002243042,18.471704000367595,19.26866023968989,-278.5982317425766,362.2411346435547,192.7873420715332,15.019563115840237,15.667577751459435,-778.9669453741304,373.80088806152344,142.08927154541016,20.288896968890764,21.164255464674525,218.30744370966414,329.2813491821289,178.08430194854736,24.652649389880814,25.716280701139347,550.0780574526539,341.56429290771484,185.74484825134277,19.54108396707172,20.38417829071229,-69.1136150412734,354.7924041748047,177.04454898834229,22.32107130865643,23.284107368969956,-167.4859091780207,360.7369613647461,131.1505651473999,18.736791512362426,19.545184874467033,279.07569287149147,321.441650390625,165.14950275421143,3.949846514332975,4.12026148113303,44.77269561899586,334.2250061035156,172.460675239563,6.4094979440448645,6.686033848763147,-222.9149493324886,346.7876434326172,163.06406021118164,12.157090908556054,12.681605022218188,-208.63448828122588,348.1064224243164,126.75544738769531,17.490270692822094,18.24488328058352,111.58856162719206,320.72132110595703,153.02262783050537,12.853697042168916,13.408266022697795,26.920697407845175,330.11070251464844,159.27002906799316,4.7888467121783025,4.995460095889551,-162.89490291170029,340.9053039550781,152.03649044036865,11.629750608211653,12.13151277962757,55.938303822667244,4.990456501003606,3.924796023449279,3.3763675980452446,3.474218616446716,4.491590312193599,4.5461523285178735,5.556677091562082,5.6416645072247045,8.276916794536552,2.6937008697381293,3.7403140472892242,3.9474297751152356,4.760539581091202,2.973159736493636,2.3747111553392206,3.484887143993778,2.8467569148795455,3.684483623115841,3.073219516623178,2.777341500333734,3.4586970343004286
6,0.24,403.4929656982422,153.57689380645752,6.094146137496247,6.357076281218929,-25.329216051962145,398.5535430908203,183.67016315460205,22.106793522095323,23.060584630294812,393.2118879617452,376.51371002197266,205.95770359039307,31.940006121530917,33.3180482968516,397.8891628708519,346.3181686401367,215.11456489562988,32.679045329743076,34.08897313446085,316.24203717272115,321.36463165283203,211.37573719024658,26.831213888147552,27.98883872429286,297.95216214323494,386.7995834350586,162.4065399169922,28.42204052952343,29.648301113486017,183.00822040590035,340.2134704589844,189.81947422027588,36.752082019083865,38.337739794490545,202.67645604154998,348.90235900878906,197.60846614837646,16.13612357855162,16.83231188712057,-60.90870881423296,360.9684371948242,193.92757415771484,42.71919947724896,44.562306781348774,722.3682257472335,374.2950439453125,142.12281703948975,12.382329588378989,12.916561558672976,-206.19234765003873,329.859619140625,177.54984855651855,19.685600275807143,20.534929713107406,-129.53377470079852,340.9934616088867,186.14410400390625,17.41503530854934,18.16640188777182,-55.44441007351173,354.3922805786133,178.02361965179443,26.44189687151072,27.582724739413315,107.465434261084,361.0389709472656,131.115460395813,7.6010744107988,7.929020531910236,-290.4041085639199,321.3983917236328,164.93016242980957,5.589135117498736,5.830276709212057,42.75038070197568,333.4764099121094,173.0500316619873,23.818811505309363,24.846467126145438,454.01083193455725,346.5693664550781,164.32578563690186,32.011676471567036,33.39281084307247,517.7801455213571,348.39332580566406,126.79199695587158,7.230552415038496,7.542512473558118,-267.559270175635,321.00589752197266,152.97813892364502,7.2008245789079215,7.511502038676214,-147.4190996005395,329.96707916259766,159.79305267333984,13.559622021929252,14.144647928202623,228.72969580782677,341.1617660522461,152.85962104797363,21.553955618110116,22.48389469744935,258.8095479455445,5.244739552252363,4.847219408661072,4.709089529919308,4.83777754182515,5.6111438611653135,5.732084373057314,7.090186683341703,6.3149569827095275,10.059409065790502,3.2103633320850484,4.561711235813521,4.674085850626109,5.863848570667735,3.290320557770046,2.607922223707703,4.478745829039595,4.182469348602444,3.986184122058166,3.373679598170227,3.3431274174618384,4.3580528221984025
7,0.28,403.8502883911133,153.49887371063232,9.143530574715882,9.53802551361318,79.52373080985626,398.3850860595703,183.66281032562256,4.215435584815431,4.397309313991311,-466.58188290758756,376.3623809814453,205.91633319854736,3.9220520640024548,4.091267847413202,-730.6695112359599,346.27113342285156,215.22484302520752,2.9972463954649164,3.126561710154048,-774.06028560767,321.4920425415039,211.69564247131348,8.608604830583964,8.980020555492581,-475.22045422000707,385.93677520751953,162.3317813873291,21.65102300219445,22.585150025286957,-176.5787772049765,339.6110153198242,189.65911388397217,15.5858034794473,16.258248389107475,-551.9872851345767,349.7602081298828,196.96685314178467,26.78120101849762,27.936668064083207,277.6089044240659,362.32940673828125,192.75103569030762,44.97555491254795,46.916012008646085,58.842630682432784,373.7632751464844,142.05330848693848,13.407308974139804,13.985763378738852,26.730045501646906,329.3177795410156,177.53159523010254,13.553674216566181,14.138443506525526,-159.912155164547,340.9095764160156,185.90818405151367,6.25973988676531,6.529814524123778,-290.914684091201,353.99120330810547,177.60672569274902,14.462528090001959,15.086509613172298,-312.40537815602545,360.6797409057617,130.96192359924316,9.766645106554687,10.18802413876311,56.47509017132184,321.44954681396484,164.8470640182495,2.439542640368676,2.5447959904816875,-82.13701796825923,333.60095977783203,172.69492149353027,9.407972044797726,9.813876233188903,-375.81477232391336,346.2369155883789,163.68102550506592,18.135586673274407,18.91804122932125,-361.8692403437804,348.20735931396484,126.48170471191406,9.043810476477422,9.434003021049032,47.28726368727283,320.8717727661133,152.75073051452637,6.600380418592046,6.885151891564597,-15.658753677790438,329.7359848022461,159.46969985961914,9.936097244623815,10.364787239518623,-94.49651721709999,340.6163024902344,152.5645923614502,15.503475887568264,16.172368797477084,-157.78814749930666,5.62626057279689,5.023111781220724,4.872740243815837,4.962840010231312,5.970344683385017,6.635490374068793,7.740516618906002,7.432423705272856,11.936049546136346,3.7697938672346027,5.127248976074542,4.93527843159106,6.4673089551946275,3.6978415233205704,2.7097140633269703,4.871300878367152,4.939190997775294,4.363544242900128,3.6490856738328104,3.7577189070425834,5.004947574097486
8,0.32,404.1667175292969,153.27378273010254,9.708029827399068,10.126879920618332,14.721360175128817,398.9146423339844,183.27152252197266,16.460862543022813,17.171061618756575,319.3438076191316,376.94087982177734,205.8629608154297,14.523892374832862,15.150521442034144,276.4813398655235,346.91925048828125,215.5633306503296,18.27959249514963,19.068260140050636,398.5424607474147,322.0182800292969,212.11854457855225,16.877723592535492,17.605908015713805,215.64718650553058,386.9132614135742,161.8916130065918,26.77771361150885,27.933030193945037,133.697004216452,340.06935119628906,190.08062839508057,15.567318706382704,16.238966095942622,-0.4820573291213215,349.69486236572266,197.33907222747803,9.44778799005603,9.855410025701444,-452.03145095954403,362.0808792114258,192.93777465820312,7.771638088893133,8.106943129758607,-970.226721972187,374.44679260253906,141.89176082611084,17.558718622281937,18.316284375839576,108.26302492751809,329.78370666503906,177.69819259643555,12.370397309955482,12.90411446560439,-30.85822602302839,341.1899948120117,185.92682361602783,7.025930106501006,7.329061795667685,19.981181788597667,354.4750213623047,177.60088920593262,12.096331420814026,12.618224084237836,-61.707138223361554,361.13536834716797,131.05127334594727,11.607641410900754,12.10844968749771,48.010638718365016,321.60675048828125,165.26946544647217,11.267651756885687,11.75379127980042,230.2248822329683,333.98048400878906,172.83875942230225,10.146674074448518,10.58444934476687,19.264327789449176,346.9624328613281,163.67799282073975,18.138090281950394,18.92065285545762,0.06529065340927787,348.36551666259766,126.80389881134033,8.97297277354563,9.360109046247052,-1.8473493700494892,321.146240234375,153.27381134033203,14.767911613095745,15.40506881860221,212.99792317594034,330.24322509765625,159.6346378326416,13.334570958427491,13.909887102720036,88.62749658003533,341.15753173828125,152.29743003845215,15.089416940589073,15.740445398943466,-10.798084963340449,6.031335769621624,5.709954245970987,5.478761101497202,5.725570415833337,6.674581004013569,7.752811581826594,8.390075262743707,7.826640106300914,12.260327271326691,4.502445242268186,5.643413554698717,5.228440903417768,6.97203791856414,4.182179510820479,3.1798657145189875,5.294678852157826,5.696017111993599,4.7379486047500095,4.265288426576899,4.314114391151385,5.634565390055225
9,0.36,403.9693069458008,153.2177495956421,5.130219941297046,5.351561772631663,-119.38295369966674,398.77124786376953,183.502836227417,6.803859401774515,7.097409915663648,-251.8412925773232,376.5964889526367,206.03200435638428,9.591037140408135,10.004839618537277,-128.64204558742168,346.62635803222656,215.58207035064697,7.337283522434085,7.653848463208587,-285.36029192105127,321.8503189086914,211.84640407562256,7.9949746469996725,8.339915478014676,-231.6498134424782,387.12013244628906,162.63879776000977,19.38234828259944,20.218594001793942,-192.86090480377734,340.1922607421875,190.32872200012207,6.921758868572074,7.220396120299537,-225.46424939107715,350.35911560058594,197.2021722793579,16.955344950443067,17.68687832429144,195.78670746474987,362.74852752685547,192.42010116577148,21.120785346763142,22.032035422075893,348.12730730793214,374.94056701660156,142.42156505584717,18.105691332928807,18.8868560633042,14.264292186615624,329.9076461791992,177.89251327514648,5.762027060035761,6.0106280237881045,-172.33716104540716,341.59656524658203,185.78165531158447,10.79274510034555,11.258394915163086,98.23332798738502,354.9005126953125,177.26300239562988,13.58331630717719,14.169364496422629,38.77851030461983,361.4451599121094,131.22317790985107,8.857270770382804,9.239415114168471,-71.72586433323099,321.98577880859375,165.40241718292236,10.041745111783275,10.474993252851396,-31.969950673725613,334.6537399291992,172.56410121917725,18.17812323424747,18.962413017713835,209.44909182367414,347.4393081665039,163.14047813415527,17.964062997073114,18.739117214529784,-4.538391023195931,348.4566116333008,126.50034427642822,7.923211523472909,8.265056155618183,-27.376322265721733,321.30359649658203,153.29213619232178,3.960491877296783,4.131366135152698,-281.8425670862378,330.71659088134766,159.39841747283936,13.225808660410946,13.79643228732634,-2.8363703848424127,341.4695739746094,151.97652339935303,11.190158295086551,11.67295438537123,-101.68727533930588,6.245398240526891,5.9938506425975335,5.8789546862386945,6.03172435436168,7.008177623134157,8.561555341898352,8.678891107555689,8.534115239272571,13.141608688209725,5.257919484800353,5.883838675650241,5.678776700024291,7.538812498421045,4.551756115387217,3.598865444633043,6.05317537286638,6.44558180057479,5.068550850974736,4.430543071983007,4.865971682644439,6.101483565470074
10,0.4,404.64683532714844,153.0178928375244,17.659760603149508,18.421685783270302,326.753100265966,398.98799896240234,183.71519565582275,7.586071347845053,7.913370166215512,20.399006263796604,376.01783752441406,206.62034511566162,20.630413295835247,21.520506413156006,287.89166986546826,346.04393005371094,216.31771087646484,23.457266110197487,24.469322961238046,420.3868624507365,321.876220703125,211.858549118042,0.7151944710400406,0.7460513262610222,-189.84660379384135,386.9839859008789,162.61788368225098,3.4435882880017408,3.5921608924417834,-415.660827733804,339.8683166503906,190.09028434753418,10.055853046289938,10.48970987004531,81.73284374364434,350.0644302368164,197.16693878173828,7.419605067593446,7.739721747235359,-248.67891442640197,362.1538543701172,192.35734462738037,14.949384319594646,15.594371111678948,-160.94160775992364,375.02269744873047,142.66204833984375,6.353031646557689,6.627131329469205,-306.4931183458749,329.2446517944336,177.80884265899658,16.70632975547094,17.427119441930472,285.4122854535592,340.81188201904297,185.9952163696289,20.330643329316004,21.207802959548935,248.73520110964625,354.1633987426758,177.6917552947998,21.31850762422085,22.238288369073874,201.72309681628113,361.5022277832031,131.53016567230225,7.806176569148225,8.142971762591687,-27.41108378941961,321.6866683959961,165.72864532470703,11.064917515977514,11.542310129662173,26.682921920269422,334.4560241699219,172.69394874572754,5.9135385778020835,6.168676461451511,-319.8434139065581,347.12779998779297,163.04726600646973,8.128877772772206,8.479595814787723,-256.48803499355154,348.3540725708008,126.77929401397705,7.429973730477577,7.750537763031748,-12.86295981466088,321.0569763183594,153.59534740447998,9.771084621378453,10.192655195148946,151.53222649990622,330.72654724121094,159.31657791137695,2.0610741923335585,2.1499986325072262,-291.16084137047784,341.28658294677734,151.56842708587646,11.181131353204602,11.663537978735263,-0.23541016589918584,6.982265671857703,6.310385449246154,6.739774942764934,7.010497272811202,7.038019676184597,8.705241777596024,9.098479502357502,8.843704109161985,13.765383532676884,5.523004737979121,6.58092345332746,6.5270888184062485,8.428344033183999,4.877474985890885,4.06055784981953,6.29992243132444,6.784765633166299,5.378572361496007,4.838249279788965,4.951971627944727,6.568025084619485
11,0.44,403.48262786865234,153.33457946777344,30.162781579668007,31.464145924546727,326.06150353191066,397.9718780517578,184.2805051803589,29.06970677935559,30.323910733285125,560.2635141767404,375.2665328979492,207.2618579864502,24.698145238242034,25.76373945450457,106.08082603371409,345.43975830078125,217.03232288360596,23.39462849390301,24.403982863400923,-1.633502445928059,321.8315887451172,211.51482582092285,8.665222034736912,9.03908049227603,207.32572915037517,386.282958984375,162.42273330688477,18.192072563835115,18.97696418702612,384.62008236460844,338.9366149902344,189.8620319366455,23.981335797532257,25.016003481182132,363.1573402784205,349.39788818359375,197.37318992614746,17.443083215209736,18.195659913120377,261.39845414712545,361.67224884033203,192.88903713226318,17.934617469927407,18.708401268770913,77.85075392729914,374.6497344970703,142.54340171813965,9.784502547167772,10.206652033402236,89.48801759832577,329.48657989501953,177.848482131958,6.128850507526835,6.393277961093107,-275.84603702093415,341.3673400878906,186.20354175567627,14.830988097555878,15.470866719442988,-143.42340600264868,354.49405670166016,177.91999340057373,10.04450467814934,10.477871879897146,-294.0104122294182,361.1457061767578,131.56394004821777,8.9529451973509,9.339217386164526,29.906140589320973,321.7251205444336,165.8793067932129,3.887274576406456,4.054989895337747,-187.18300585811065,334.6457290649414,173.1487512588501,12.319529037694746,12.851051496689738,167.05937588095568,347.06905364990234,163.67194175720215,15.685800222029526,16.36255946175428,197.07409117416393,347.7976989746094,127.09545135498047,15.998184326848419,16.688421286950003,223.4470880979564,320.6517028808594,154.01421546936035,14.570883100375495,15.19953956861735,125.17210933671011,330.67283630371094,160.18969058990479,21.869079401822884,22.812614404179495,516.5653942918067,341.31717681884766,152.91993141174316,33.79626391929897,35.25439379165576,589.7713953230124,8.240831508839571,7.5233418785775585,7.770324520945117,7.986656587347239,7.399582895875638,9.464320345077068,10.099119641604787,9.571530505686802,14.513719583427719,5.931270819315211,6.836654571771184,7.145923487183968,8.847458908379885,5.251043681337466,4.2227574456330395,6.813964491192029,7.439268011636471,6.046109212974006,5.446230862533659,5.864476204111907,7.9782008362857155
12,0.48,402.62535095214844,154.11086082458496,28.912977800889706,30.16041972911395,-32.593154885819416,397.72266387939453,185.15303134918213,22.685480199183576,23.664238573960585,-166.4918039831135,375.88565826416016,207.79400825500488,20.409864762668285,21.290442378355987,-111.83242690371458,346.2077331542969,216.75161361694336,20.441732253263773,21.323684782465744,-77.00745202337949,321.95804595947266,211.73190593719482,6.280684872249112,6.551663174849483,-62.18543293566368,387.26806640625,162.4462366104126,24.63469400446668,25.69755063589952,168.01466122183504,339.1212463378906,190.25563716888428,10.868929724882607,11.337866502931256,-341.95342445627193,350.25279998779297,197.38703727722168,21.375598560200253,22.297842476704176,102.55456408959498,363.3150863647461,192.71676063537598,41.29614330511578,43.07785326897751,609.236300005165,375.1730728149414,142.5222873687744,13.094101980979431,13.659043161926046,86.30977821309527,330.33763885498047,178.72379779815674,30.521292453207156,31.838124644340137,636.1211670811757,343.1602096557617,185.9751033782959,45.18410519515172,47.133560131889254,791.5673353111566,356.7654037475586,176.8447208404541,62.825295868074605,65.53587479075195,1376.45007277137,361.5453338623047,131.60827159881592,10.051976591508877,10.485666166762208,28.661219514942047,322.0264434814453,165.89984893798828,7.550558426423725,7.876325050238516,95.53337887251922,335.4685974121094,172.9746150970459,21.02729951186735,21.934516168313763,227.08661679060063,348.28052520751953,163.1067180633545,33.42099975129974,34.86293896143742,462.50948749207856,348.0022430419922,127.1026611328125,5.116777330379188,5.3375391842172215,-283.77205256831957,320.77579498291016,154.03507232666016,3.1458164965361064,3.2815418245636434,-297.9499436013427,330.67798614501953,160.2350664138794,1.1416781143558026,1.1909354810024022,-540.5419730794273,341.4635467529297,152.46511459350586,11.944729375196294,12.460081212925479,-569.857814468257,9.44724829800413,8.469911421535981,8.621942216079356,8.839603978645869,7.661649422869618,10.49222237051305,10.552634301722037,10.46344420475497,16.23683371418682,6.477632545792252,8.11017955754479,9.031265892459539,11.468893900009965,5.670470328007954,4.53781044764258,7.691345137924579,8.833785570093967,6.259610780342696,5.577492535516204,5.912113623352003,8.476604084802734
13,0.52,402.20069885253906,153.99491786956787,11.00489023459416,11.479692988868605,-467.0181685061337,397.3666000366211,184.86149311065674,11.50478174100542,12.001152167380432,-291.5771601645038,375.9473419189453,207.96223640441895,4.479507752179255,4.672774797391803,-415.4416895241046,346.4178466796875,217.09579467773438,10.081179747408832,10.516129284239172,-270.1888874556643,321.53743743896484,212.448992729187,20.783481944404457,21.68017916357307,378.2128997180896,388.6372756958008,163.42848300933838,42.12735206189397,43.94492428323236,456.184341183321,340.7666015625,190.287766456604,41.14172233176699,42.916769848125774,789.4725836298629,350.0233840942383,197.05387115478516,10.112842001475284,10.549157596950174,-293.71712199385007,362.1832275390625,192.4716281890869,28.952486049360942,30.201632549351995,-321.905517990638,376.47762298583984,143.10233116149902,35.692278137833014,37.232210986313405,589.329195609684,331.5953063964844,179.02726650238037,32.34405760139382,33.739532459041904,47.53519536754416,343.3347702026367,185.86875915527344,5.110068388458098,5.330540786969045,-1045.0754836230053,357.05810546875,176.5164041519165,10.996196659547383,11.47062433208192,-1351.6312614667506,362.57381439208984,131.85256004333496,26.427365602163803,27.5675665227219,427.0475088989923,322.4662780761719,166.37537956237793,16.19382300158552,16.89250073480048,225.40439211404905,335.56549072265625,173.03272247314453,2.824533234204494,2.94639689032023,-474.7029819498383,348.8286590576172,162.9510498046875,14.24524754916735,14.859854567273185,-500.0771098541059,348.7373733520508,126.91211700439453,18.985580673918818,19.804707971266982,361.67921967624403,321.1998748779297,154.54692363739014,16.617677365831238,17.334642170999214,351.3275086608893,330.9226608276367,160.2357530593872,6.116891152572667,6.380802623284905,129.74667855706258,342.0088195800781,151.86694622039795,20.23499225680933,21.10802504963568,216.198595917755,9.906436017558875,8.949957508231199,8.808853207975028,9.260249150015436,8.528856589412541,12.250019341842345,12.269305095647068,10.885410508632976,17.4448990161609,7.966920985244787,9.459760855906465,9.2444875239383,11.92771887329324,6.77317298891683,5.2135104770346,7.809201013537388,9.428179752784894,7.051799099193375,6.270878222356173,6.167345728283399,9.320925086788161
14,0.56,403.2794952392578,153.51752758026123,29.49261700326148,30.765067294486602,482.13435764045,398.5356903076172,184.64688777923584,29.71560522280332,30.997676275212992,474.913102695814,376.690673828125,207.81543731689453,18.942219697390268,19.759476198152104,377.1675350190075,347.26436614990234,216.69363498687744,23.42978380185896,24.440654936784703,348.11314131363827,322.9634094238281,211.20296001434326,47.34179989763151,49.38434793805129,692.6042193619555,390.2818298339844,163.27913761138916,41.28303496372173,43.06417937204723,-22.018622779628316,341.6449737548828,189.18532848358154,35.23942388073034,36.75981846540495,-153.92378456802066,350.0504684448242,196.6227149963379,10.80015031763637,11.266119628377147,17.92405078567434,361.61495208740234,192.62529373168945,14.717126246801874,15.352092332607993,-371.2385054186,377.88414001464844,142.82305240631104,35.84939657291935,37.39610825009645,4.097431594576051,332.68558502197266,177.80154705047607,41.011398232482165,42.78082295388619,226.03226237110707,344.24964904785156,185.32559394836426,26.59924509523647,27.746861705999063,560.4080229757504,358.00533294677734,176.65459156036377,23.931355673355267,24.963866979239224,337.3310661789326,363.7093734741211,131.47072792053223,29.950899389539387,31.243122139607962,91.88889042215153,323.63048553466797,165.8659315109253,31.769839505681546,33.14053989238204,406.20097893953897,336.75819396972656,173.04837226867676,29.820147883522765,31.10672939829877,704.0083126994635,349.9342346191406,163.51738929748535,31.05476758225289,32.39461640101307,438.3690458434971,349.4738006591797,126.46905899047852,21.48583228519925,22.41283220336496,65.20310580244946,322.376708984375,154.1176700592041,31.316899875291494,32.6680583147808,383.3354035945397,332.0935821533203,160.16653060913086,29.32414212897068,30.589323621267866,605.2130249495741,342.87384033203125,152.22710609436035,23.425093864835464,24.435762653806936,83.19344010428145,11.137038709338338,10.18986455923972,9.599232255901113,10.237875347486824,10.504230506934592,13.972586516724235,13.739697834263266,11.336055293768062,18.058982709465216,9.462765315248646,11.170993774061913,10.354361992178262,12.92627355246281,8.022897874501147,6.539132072729881,9.053470189469339,10.723964408825417,7.948312387327974,7.577600554947406,7.390918673134113,10.298355592940439
15,0.6,403.6217498779297,153.2150173187256,11.419574642548529,11.91226883370732,-471.3199615194821,399.70211029052734,184.10366535186768,32.16778456515044,33.55565417446542,63.949447481310614,378.0885696411133,207.4040651321411,36.4292102779398,38.000937846983255,456.0365412207788,348.9034652709961,216.47955894470215,41.32549516191353,43.1084715030088,466.6954141556024,324.55047607421875,210.9935474395752,40.02057423417602,41.747250145426705,-190.92744481561468,393.33065032958984,163.34847450256348,76.24022076183647,79.52958267572625,911.6350825919754,344.3968963623047,188.9037322998047,69.15731364052043,72.14108560868779,884.531678582071,349.64488983154297,196.77927017211914,10.86863418900461,11.337558216244677,1.7859646966882359,359.2119598388672,193.2237195968628,61.909638095718314,64.58071123296575,1230.715472508944,380.47489166259766,142.74031162261963,64.80181391480035,67.59766912760446,755.0390219377003,334.2217254638672,177.76405334472656,38.41494854866687,40.072350211691344,-67.71181855487107,344.8134231567383,186.1019468307495,23.986520222810896,25.021411586965453,-68.13625297584025,358.8895034790039,177.50611782073975,30.688500514929228,32.01254684873425,176.21699673737572,365.8606719970703,131.20914459228516,54.17858878549432,56.51610807280086,631.8246483298225,325.3634262084961,165.97761154174805,43.41338941136455,45.286447336114044,303.6476860933002,338.0079650878906,173.9505672454834,38.534753988868495,40.197324622393545,227.26488060236935,351.5878677368164,164.57543849945068,49.0788307321344,51.19632245730707,470.04265140735004,351.23260498046875,126.13288879394531,44.76607980395321,46.697499158066414,607.1166738675363,323.4366226196289,153.6485481262207,28.977278838376442,30.227495015961708,-61.01408247047733,332.8213119506836,160.3108835220337,18.547715853878323,19.347951602276588,-281.03430047478196,344.11449432373047,152.61308670043945,32.48271997720861,33.884177382301296,236.210368212359,11.613529462686632,11.532090726218335,11.119269769780441,11.962214207607175,12.17412051275166,17.153769823753283,16.625341258610778,11.78955762241785,20.642211158783848,12.166672080352823,12.773887782529567,11.35521845565688,14.20677542641218,10.283542197413183,8.350589966174443,10.66136317436508,12.771817307117699,9.81621235365063,8.786700355585873,8.164836737225176,11.65372268823249
16,0.64,402.82684326171875,154.06198024749756,29.03901181180586,30.291891440383274,459.4905651668989,399.50233459472656,184.3722152709961,8.367697850087193,8.728719714137096,-620.673361508208,379.3115234375,207.49906539916992,30.665952606598502,31.989026117526574,-150.29779323641702,351.02088928222656,216.72570705413818,53.29208041019241,55.59135155423647,312.07200128069167,326.62525177001953,211.44927978515625,53.10594457482153,55.3971849429633,341.2483699384149,394.74742889404297,162.67218589782715,39.247832564280436,40.94116876333157,-964.7103478098669,346.78050994873047,188.30647945404053,61.432507127573366,64.08299458945325,-201.45227548086348,350.8017349243164,196.44431591033936,30.10901989186986,31.408064704531824,501.76266220717866,359.4056701660156,193.10199737548828,5.719483697213211,5.966249140082234,-1465.361552322088,381.2291717529297,142.15380191802979,23.886869932158376,24.917461913815018,-1067.0051803447361,335.58773040771484,177.67107009887695,34.229148676831045,35.70595523480469,-109.15987442216633,345.7462692260742,186.381196975708,24.343664891184343,25.39396515707288,9.313839252685696,359.8161315917969,177.76212215423584,24.03354268240325,25.070462816754624,-173.55210079949072,366.3686752319336,130.85533618927002,15.476750157003236,16.144489993122882,-1009.2904519919495,325.94425201416016,165.908203125,14.62395604908214,15.254902334095103,-750.7886250504736,338.5163116455078,174.31114196777344,15.581045235232601,16.25328485184482,-598.6009942637181,352.50904083251953,164.99293327331543,25.284157075771457,26.375034600505508,-620.532196420039,351.74312591552734,125.95865249633789,13.485870210544512,14.067714116595099,-815.7446260367828,324.58568572998047,153.49280834197998,28.989231966005,30.239963857768167,0.3117210451614838,333.4465026855469,160.22323608398438,15.782615601420016,16.463551912229605,-72.10999225117459,344.8688507080078,152.4440574645996,19.326543228623898,20.16038125516857,-343.09490317831813,12.825205120301963,11.881239514783818,12.398830814481505,14.185868269776634,14.390007910470192,18.791416574286547,19.188661042188905,13.045880210599126,20.88086112438714,13.163370556905425,14.202125991921752,12.370977061939795,15.209593939082366,10.929321797138098,8.960786059538247,11.311494568438873,13.82681869113792,10.378920918314433,9.996298909896602,8.823378813714362,12.460137938439232
17,0.68,402.16949462890625,152.55738258361816,41.04815278435038,42.819163270090726,313.1817957426863,398.71517181396484,183.2525110244751,34.21771145084875,35.694024553069376,674.132620973307,378.9445114135742,207.1633815765381,12.434364038894895,12.970841020260819,-475.4546274316439,350.83526611328125,216.70924186706543,4.658799686791707,4.8598022298200885,-1268.2887331104093,326.05873107910156,211.86251163482666,17.53044235787066,18.286788140312108,-927.7599200662798,395.3664016723633,161.90779209136963,24.58944376724724,25.650348090496593,-382.2705168208744,348.6747360229492,187.29344844818115,53.702445469705076,56.01942169361463,-201.58932239596544,355.2800750732422,195.19559383392334,116.22939955538712,121.24408283347053,2245.9004532234676,366.3418197631836,191.83598041534424,176.2685631672338,183.87361851078563,4447.684234267585,381.7978286743164,141.49559497833252,21.74579082412647,22.684006577039153,-55.836383419396626,336.3656997680664,176.62503719329834,32.59046222822575,33.99656814106765,-42.734677343426064,346.89014434814453,184.98796463012695,45.0662475117511,47.010617513382684,540.4163089077451,361.31690979003906,176.45939826965332,49.68289896798518,51.826453039627246,668.8997555718156,367.2140121459961,130.55997848510742,22.38624956983794,23.352097727070934,180.1901933487013,326.42459869384766,164.94040489196777,27.01118232032691,28.17657184157672,323.04173768704044,338.7017822265625,173.20807456970215,27.963782616141714,29.170271797136763,322.92467363229855,352.79651641845703,163.9696741104126,26.57185455249964,27.718289406347324,33.58137014604541,352.8825378417969,125.82482814788818,28.681096714160358,29.918534201059312,396.27050211160537,325.0741195678711,153.28030586242676,13.316458749720992,13.890993448092996,-408.7242602418793,333.86329650878906,159.73055362701416,16.1332942718437,16.829360510806417,9.145214964420312,345.7590103149414,151.80770874023438,27.3555732988891,28.53582146767495,209.3860053126595,14.53797165110559,13.309000496906592,12.917664455291938,14.380260358969437,15.121479436082677,19.81743049790641,21.42943790993349,17.89564352393795,28.235805864818563,14.070730819986991,15.561988717564459,14.251401762475103,17.282652060667456,11.863405706220936,10.087848933201316,12.478305440324343,14.935550267391811,11.575662286356806,10.55193864782032,9.496553234146617,13.60157079714623
18,0.72,402.16373443603516,152.89059162139893,8.33147055899697,8.690929407221828,-853.2058465717224,398.60450744628906,183.1900978088379,3.176280426778408,3.31332011212135,-809.5176110237005,379.3186569213867,207.0357084274292,9.883233719905821,10.309642933565952,-66.52995216737168,351.6870880126953,216.84838771820068,21.577796982800624,22.50876469081124,441.22406152477873,326.7867660522461,212.0365047454834,18.713439767276324,19.520825625203454,30.85093712228364,396.0074996948242,161.7182493209839,16.713264496516437,17.434353380339903,-205.39986775391722,349.4775390625,187.02512741088867,21.161416826468727,22.074419935029717,-848.6250439646229,354.5102310180664,196.0256052017212,28.301708649425567,29.522777549792995,-2293.0326320919385,364.50225830078125,193.55777263641357,62.99084668867933,65.70856825284787,-2954.126256448444,382.4150085449219,141.3005018234253,16.182018024883327,16.88018643584855,-145.09550352976507,337.0604705810547,176.32553100585938,18.91445278904834,19.73051129471187,-356.65142115889444,347.11036682128906,185.59375762939453,16.114494555358803,16.80974968607997,-755.0216956825678,361.5311813354492,177.5695037841797,28.264891523698477,29.484371959998835,-558.5520269907103,367.8291702270508,130.33132553100586,16.406965710222305,17.11483942294791,-155.93145760307561,326.826171875,164.8513126373291,10.28343478784615,10.727110558943112,-436.23653206584015,338.7588882446289,174.00837421417236,20.05836200688121,20.923774139495027,-206.1624414410434,352.8636169433594,165.3750514984131,35.174458801320284,36.69205048674028,224.34402700982386,353.68358612060547,125.70784091949463,20.23864429423041,21.111834653137773,-220.16748869803848,326.1176300048828,153.34196090698242,26.13325678938081,27.260768471664928,334.24437558929833,334.65721130371094,160.1759147644043,22.757515850445966,23.739382182221746,172.75054178538323,346.5904998779297,152.4937391281128,26.949171908092275,28.111886008334235,-10.598386483517874,14.885608827394462,13.441533301391447,13.330050172634577,15.280610946601888,15.902312461090814,20.514804633120008,22.31241470733468,19.076554625929667,30.864148594932477,14.745938277420933,16.351209169352934,14.923791749918301,18.46202693906741,12.547999283138852,10.51693335555904,13.315256405904144,16.403232286861424,12.420135672482315,11.642369386686916,10.446128521435487,14.7260462374796
19,0.76,401.9728088378906,152.58800983428955,8.944562661092986,9.330473187843818,15.988594515549748,398.9112854003906,182.70020484924316,14.450515236991135,15.07397846914951,294.016458925704,379.9690246582031,206.485276222229,21.300730703623234,22.21974446846262,297.75253837241667,352.25635528564453,216.3596534729004,18.757105163448852,19.566374952058364,-73.5597434688219,327.4232864379883,211.77406311035156,17.212528382621024,17.95515786005142,-39.141694128800886,395.95706939697266,160.70587635040283,25.34070646342198,26.43402379486347,224.99176036308918,349.4205856323242,187.15859413146973,3.6277626293151504,3.784281381572951,-457.2534638364191,356.2880325317383,194.89959239959717,52.60990313477828,54.879741940801196,633.924109775205,367.5666809082031,191.18747234344482,96.85365698995967,101.0323795505742,883.0952824431585,381.7900085449219,140.5969762802124,23.526224595557625,24.541256640178638,191.5267551082522,336.5563201904297,176.3438844680786,12.61210891224117,13.156254643919358,-164.35641626981283,347.44129180908203,184.51133251190186,28.297034766526437,29.517902013590074,317.70380818775254,361.9163513183594,176.03907108306885,39.45393016199742,41.156158381319486,291.79466053301627,367.06836700439453,129.97764587402344,20.974848678943715,21.879802359621607,119.12407341684244,326.6786575317383,164.57658290863037,7.7957081661487875,8.132051703422036,-64.8764713880269,339.27982330322266,172.52943992614746,39.19996782179641,40.89123891060295,499.18661927769807,353.20873260498047,163.23484897613525,54.19623866250175,56.53451944856357,496.0617240455823,352.83992767333984,125.52672386169434,21.572015498512187,22.502733766082653,34.77247782362198,325.6013488769531,153.3656644821167,12.920624562363866,13.478081111078152,-344.5671840146694,334.9073028564453,159.55072402954102,16.833917393687294,17.560211811293176,-154.47925927321427,346.8949890136719,151.47375583648682,26.611552343169336,27.759699946526265,-8.804651545199249,15.258827754908216,14.044492440157425,14.21883995137308,16.063265944684222,16.620518775492872,21.572165584914547,22.463785962597594,21.271744303561714,34.905443776955444,15.727588543028078,16.877459355109707,16.104507830461902,20.108273274320187,13.423191377523716,10.84221542369592,14.950905962328264,18.664613064803966,13.320245023125622,12.181492631130043,11.148536993887214,15.83643423534065
20,0.8,401.79420471191406,152.60343074798584,4.481715519410522,4.675077818091287,-116.38488424381327,399.0980911254883,181.91511154174805,20.17529244526092,21.04574950726682,149.2942759529327,379.857177734375,205.51852226257324,24.330060533215754,25.379773843078752,79.00073436540333,352.2012710571289,215.8257293701172,13.418951611527119,13.99790833429388,-139.2116654441121,328.05118560791016,210.8364200592041,28.21160952242999,29.42879112244791,286.8408315599123,396.3143539428711,160.1169490814209,17.220764626033077,17.963749453764432,-211.75685852747597,350.2354431152344,186.1918830871582,31.60817695479043,32.971902458253574,729.6905269170155,355.3054428100586,194.97053146362305,24.62867881093393,25.691275918609975,-729.7116505547806,365.10738372802734,192.21067428588867,66.59150112552564,69.46457186695638,-789.1951920904457,381.83433532714844,140.34456253051758,6.406908607977528,6.683332796552323,-446.44809609065794,336.72924041748047,176.01373672485352,9.317286933434497,9.719278539352876,-85.92440261416203,347.0308303833008,185.2917766571045,22.045005752939982,22.996131046001835,-163.04427418970596,361.36680603027344,177.0275115966797,28.273382719051288,29.49322950547915,-291.5732218960084,367.0726776123047,130.0814723968506,2.597899173242136,2.709984769416931,-479.24543975511693,326.72611236572266,164.83131408691406,6.477843702685831,6.757328365070383,-34.36808345879132,338.56388092041016,174.0090036392212,41.091987331411126,42.8648890457992,49.34125337990629,352.4507522583008,165.00426292419434,48.12327870648133,50.19954342039256,-158.37440070427533,352.96043395996094,126.06014728546143,13.671647535561723,14.261506749690769,-206.03067540979708,325.4811096191406,153.58928203582764,6.3473562137596335,6.621211031791376,-171.4217519821694,334.05345916748047,160.44469356536865,30.905405839563215,32.23881048984006,366.96496696367217,346.1258316040039,152.63553142547607,34.83286558713692,36.3357193337426,214.40048468040845,15.445830867631866,14.886322420448098,15.234030905096231,16.623182278055978,17.797670420390787,22.290715563065124,23.782662060927738,22.299395340306113,37.6840266516337,15.994921854890173,17.26623049668382,17.024353072301977,21.288002454539356,13.531590768300394,11.112508558298737,16.66550152416023,20.67259480161967,13.890705293113253,12.4463410724017,12.438089413480816,17.289863008690354
21,0.84,400.7198715209961,151.57326221466064,37.210877208161264,38.816329567137444,853.5312937261539,399.3133544921875,180.91323852539062,25.61844864970117,26.72374908612711,141.94998947150728,380.1258850097656,204.99508380889893,14.709508290405493,15.344145701722196,-250.8907035339139,352.33760833740234,215.35929679870605,12.148744731081257,12.672898751369607,-33.125239573106846,328.1541442871094,210.37267684936523,11.875875080759924,12.388256220195434,-426.01337255631194,396.98902130126953,160.6587839126587,21.632744694542538,22.56608310542433,115.05834129149744,351.27437591552734,187.0872688293457,34.28827232849858,35.76762975904398,69.89318251976009,354.4537353515625,196.1050271987915,35.465530518847565,36.9956804079595,282.61011223373805,362.5954818725586,193.7117099761963,73.15548114753867,76.31175287753149,171.17952526437784,382.0989227294922,140.67486763000488,10.5802868647999,11.036770231497103,108.8359358736195,336.82743072509766,176.5086793899536,12.61471309241577,13.158971180682089,85.99231603323032,347.01759338378906,185.43630123138428,3.6282374101299504,3.784776646666444,-480.2838599833848,361.5235900878906,176.90407276153564,4.988636258076186,5.203869503016887,-607.2340000615566,367.14290618896484,129.97804641723633,3.1253985984671133,3.2602430022843225,13.756455821684789,326.6935729980469,164.85586166381836,1.01900502348248,1.0629696956832126,-142.35896673467926,338.59737396240234,173.78777503967285,5.593739643566399,5.835079896203405,-925.745228739895,352.5865936279297,164.55220699310303,11.800620813581354,12.3097551297805,-947.2447072653015,352.98336029052734,125.54912567138672,12.788390894791037,13.340142260788095,-23.03411222256684,325.65502166748047,153.50273609161377,4.8564133510255,5.065941877508538,-38.881728857070954,334.2920684814453,159.91315841674805,14.565885205890822,15.194326041444272,-426.1121112098948,346.35189056396484,151.70444011688232,23.953518508736906,24.98698602363862,-283.7183327525995,16.998484050317366,15.955272383893181,15.847796733165119,17.13009822811076,18.293200669198608,23.1933588872821,25.213367251289498,23.779222556624497,40.73649676673496,16.436392664150056,17.792589343911107,17.175744138168636,21.496157234660032,13.662000488391765,11.155027346126065,16.898904720008368,21.164985006810888,14.424310983544776,12.64897874750204,13.045862455138588,18.2893424496359
22,0.88,401.35902404785156,152.5070285797119,28.289083330487124,29.509607515180175,-232.66805129893174,398.87828826904297,181.4582920074463,17.434984887114386,18.18721218503986,-213.41342252718124,379.49913024902344,205.3835391998291,18.43432804673987,19.229671711529594,97.13815024518495,351.72096252441406,215.77466011047363,18.58727285400061,19.389215277541336,167.90791315429323,327.41504669189453,210.58071613311768,19.195468196240256,20.02365102904236,190.88487022117312,396.18797302246094,160.58886051177979,20.10235724630141,20.96966754058757,-39.91038912091902,350.93528747558594,186.56112670898438,15.6486121772869,16.32376694975269,-486.09657023228215,353.8833999633789,195.69625854492188,17.542346397377244,18.299205776104003,-467.41186579638736,361.63028717041016,193.36400985717773,25.647809187883475,26.75437637609874,-1238.9344125358186,381.7906188964844,140.43920516967773,9.701418989468563,10.119983860028578,-22.919659286713134,336.53202056884766,176.68898105621338,8.65216198674128,9.02545697234864,-103.33785520833621,346.4595413208008,186.21651649475098,23.98121611537669,25.01587863537514,530.7775497177174,360.6938171386719,177.71128177642822,28.940775095216313,30.189416329533245,624.638670662909,367.04174041748047,129.64659690856934,8.663619700925363,9.037409026243191,144.4291505989717,326.1739730834961,164.88876342773438,13.016014109308877,13.577586211986263,312.86541290757623,338.00559997558594,174.45533752441406,22.302411900207726,23.264642905828683,435.7390752406319,352.0469284057617,165.47252655029297,26.67192624469468,27.82267866228596,387.82308831263646,353.08204650878906,125.05694389343262,12.549448997487403,13.090891285562476,-6.231274380640484,325.46749114990234,153.09734344482422,11.166660565444268,11.64844285309071,164.5625243895543,333.8788604736328,160.1504945755005,11.91294752495523,12.426928144098069,-69.18494743365508,345.9613800048828,152.4082374572754,20.121959290457315,20.99011530917654,-99.921767861552,18.17886835092457,16.682760871294775,16.616983601626302,17.90566683921241,19.094146710360302,24.0321455889056,25.866317929279603,24.511190787668657,41.806671821778906,16.841192018551197,18.15360762280505,18.17637928358364,22.703733887841363,14.023496849441495,11.698130794605515,17.829490436241514,22.27789215330233,14.947946634967275,13.114916461625668,13.542939580902509,19.12894706200296
23,0.92,401.3562774658203,152.6922082901001,4.630001947374451,4.8297620204007945,-616.9961373694845,398.79459381103516,181.50755882263184,2.4279597118450504,2.532713319911722,-391.3624716282035,379.32777404785156,205.05548000335693,9.252897656613461,9.65211120611068,-239.43901263547284,351.3449478149414,215.1738166809082,17.72004318194078,18.48456923620341,-22.616151033448162,327.25013732910156,210.4685640335083,4.985804309711107,5.200915371072051,-370.5683914492577,395.59032440185547,161.35457038879395,24.283423994937625,25.331125185065464,109.03644111194737,350.07720947265625,187.98697471618652,41.603338198050125,43.3983019952673,676.8633761378653,355.07240295410156,195.98424911499023,30.584582312781787,31.904145126302005,340.12348375495003,364.5028305053711,192.3130702972412,76.4688628212003,79.76808942953181,1325.3428263358269,381.0916519165039,141.03225231170654,22.916420856172586,23.905143097710177,344.62898094203996,335.9121322631836,176.92408561706543,16.574371519617603,17.289467906780484,206.60027336079608,346.29966735839844,185.664324760437,14.371747355899577,14.991812170982145,-250.6016616098249,360.86158752441406,176.88071250915527,21.183605247785465,22.097565669261858,-202.29626650678466,366.49341583251953,130.18821716308594,19.268049177576536,20.09936349548315,276.54886173099896,326.0654067993164,164.44178581237793,11.49933766272864,11.995473205946691,-39.5528251509893,337.6327133178711,173.75391483306885,19.859479025073135,20.716310409898668,-63.708312398250385,351.5076446533203,164.95416641235352,18.700337534585653,19.50715810053476,-207.88801404378,352.6346206665039,125.74602127075195,20.539862406395827,21.426048732209235,208.37893616616898,325.0599670410156,153.60870838165283,16.34720920259873,17.05250473836839,135.10154713194203,333.25183868408203,160.70813655853271,20.977978123075548,21.883066822700602,236.40346696506333,345.1181411743164,153.12236309051514,27.62502426950369,28.816897821211356,195.66956280087035,18.372058831740603,16.784069404091248,17.00306804987073,18.64504960866055,19.30218332520318,25.04539059630822,27.602250009090294,25.787356592720734,44.99739539896018,17.797397742459605,18.84518633907627,18.776051770422924,23.587636514611837,14.82747138926082,12.177949722843382,18.65814285263746,23.058178477323718,15.804988584255643,13.797016651160405,14.418262253810532,20.281622974851413
24,0.96,396.9557571411133,154.26062107086182,116.7917424815866,121.83068787991968,2925.023146487972,395.72021484375,182.9562520980835,84.96513344022434,88.63092914692744,2152.455395675393,378.0128860473633,206.21985912322998,43.90835049156653,45.8027633666271,903.7663040129104,351.28307342529297,216.22680187225342,26.37003807930846,27.507765620744443,225.57990961352584,327.4447250366211,210.75799942016602,8.719131943870886,9.095316328592727,97.36002393801691,397.10731506347656,161.43293380737305,37.975333217901195,39.61376780670509,357.0660655409907,351.4133071899414,188.6330223083496,37.102346636317414,38.70311647567405,-117.37963798983131,352.2745895385742,196.46116733551025,70.95425858065516,74.0155592100511,1052.7853520937272,358.1028366088867,192.9739809036255,160.85071631925612,167.79057319264152,2200.5620940777426,382.1785354614258,141.35440349578857,28.34053221125395,29.563276142784243,141.45332612685166,336.680908203125,177.58214950561523,25.299018351090258,26.39053706117945,227.52672885997418,346.93370819091797,185.03149509429932,22.395328246729374,23.361568100808167,209.24389824565054,361.5100860595703,175.29789447784424,42.76288746055935,44.60787966985696,562.7578500148776,366.8123245239258,130.24585247039795,8.101874092740704,8.451427068919019,-291.1984106641033,326.36974334716797,165.44611930847168,26.23578788761285,27.367723243991087,384.30625095110986,338.9909362792969,173.36228370666504,35.338935256602376,36.863623230337524,403.6828205109714,353.1159973144531,163.16828727722168,60.08412107137914,62.67643281322379,1079.2318678172257,352.1929168701172,125.22889137268066,17.002308211344086,17.73586780127914,-92.25452327325235,325.7741928100586,153.67083549499512,17.92306871355435,18.696354244698913,41.09623765826305,334.71595764160156,160.04003047943115,40.233770444588444,41.96964464366816,502.164445524189,346.7400360107422,151.8412685394287,51.67050723846209,53.8998160846747,627.0729565865836,23.24528634693739,20.329306569968345,18.835178584535814,19.745360233490327,19.665995978346892,26.629941308576427,29.150374668117255,28.74797896112278,51.709018326665834,18.979928788170973,19.90080782152345,19.71051449445525,25.371951701406115,15.16552847201758,13.272658652603024,20.13268778185096,25.565235789852668,16.51442329630681,14.544870820948361,16.09704803955726,22.4376156182384
25,1.0,398.43017578125,150.18805503845215,108.28118608142307,112.95294602555661,-221.94354635907666,399.366455078125,177.41134643554688,165.90857168408627,173.06664824042625,2110.8929773374703,382.3008728027344,202.459716796875,142.577831220101,148.72930983721392,2573.163661764671,355.66009521484375,213.84544372558594,124.57223398720797,129.94686640446878,2560.9775195931084,331.9955062866211,210.3842067718506,114.15266896049295,119.07775230751642,2749.5608994730924,399.2314147949219,165.01929759979248,104.20474113704937,108.70062406233247,1727.1714063906843,353.21075439453125,195.5544376373291,178.77500980548172,186.48820505246854,3694.6272144198624,349.86732482910156,201.74410343170166,145.13859147792706,151.40055334362617,1934.6248533393768,353.35384368896484,198.57293128967285,183.5435561026456,191.4624888779052,591.7978921315921,383.28880310058594,144.1477918624878,75.14865600002769,78.39092267313565,1220.691163258785,336.00467681884766,179.99486446380615,62.642249892543845,65.34493135041343,973.8598572308496,345.9319305419922,184.9896240234375,25.066307621765677,26.147786095843685,69.65544987588794,361.7427062988281,176.5281057357788,31.300278701448086,32.650720025277735,-298.9289911144807,367.5419235229492,132.14723110198975,50.91386967252818,53.11053361337284,1116.4776636113454,326.29833221435547,165.77043056488037,8.302008074968539,8.660195772980513,-467.6881867752643,338.3137893676758,171.10974311828613,58.80299228255935,61.34003009939931,611.9101717265446,353.3418273925781,161.51503086090088,41.715225055516605,43.515016178309935,-479.0354158728464,353.10108184814453,125.80899238586426,26.94068499514301,28.10303293002051,259.17912821853423,324.26551818847656,152.9282283782959,42.03840835755152,43.85214312891113,628.8947221053054,333.66039276123047,158.04408073425293,56.447058171517305,58.88244990366524,422.82013149992696,347.2319793701172,151.10212326049805,22.197184677885527,23.154875685931028,-768.6235099685917,27.763404187959654,27.251972499585396,24.78435097802437,24.94323488966908,24.42910607064755,30.977966271069725,36.609902870216,34.80400109486783,59.36751788178204,22.115565695096397,22.514605075539986,20.756425938289,26.67798050241722,17.289949816552493,13.619066483522245,22.586288985826933,27.305836436985064,17.63854461350763,16.298956546104804,18.45234603570387,23.363810645675645
26,1.04,404.5951843261719,153.1580114364624,171.07741552627894,178.45850033080413,1637.6388576311879,401.6598129272461,183.97287368774414,173.76911784292386,181.26633535267246,204.99217780615524,381.0542297363281,207.42846965789795,128.06888753943744,133.59438204636484,-378.3731947712269,351.92787170410156,216.7193841934204,117.76307291229222,122.84392607653467,-177.57350819835267,328.31485748291016,209.874529838562,92.89424831692085,96.90214335420877,-554.3902238326912,396.79344177246094,159.91613388061523,141.39040014038758,147.4906473926127,969.7505832570055,348.0168151855469,186.3998794555664,263.13368751680144,274.486513116336,2199.957701596687,354.9555969238281,195.51222324371338,201.13248678951314,209.81028880897608,1460.2433866337478,365.75443267822266,192.30661869049072,347.3482410269005,362.3344787826865,4271.799747619533,383.3563995361328,139.46369647979736,117.1145775305119,122.16745155213322,1094.4132219749392,338.1675338745117,176.33272647857666,106.32851588971953,110.91602845242112,1139.277427550192,350.39806365966797,184.22205448150635,113.29030195282823,118.17817872879955,2300.7598158238966,364.5077133178711,174.24513816833496,89.64236139152266,93.50995472330928,1521.4808674507885,368.2170104980469,128.19130897521973,100.32778247142942,104.65639515471973,1288.6465385336724,328.4278106689453,163.9597463607788,69.88050414611922,72.89547795606815,1605.882054577191,342.2187042236328,171.2720489501953,97.70716201789423,101.92270880205045,1014.5669675662785,355.9450912475586,160.7644271850586,67.73287872608343,70.65519386858128,678.5044422567836,352.95501708984375,123.19330215454102,65.49413284723154,68.31985795686765,1005.4206256711785,326.3980484008789,152.00420379638672,58.1028534948006,60.60968402944911,418.9385225134496,336.87503814697266,158.50948333740234,81.20400443901993,84.70752734055324,645.6269359222,348.4253692626953,150.33525466918945,35.46359816807983,36.9936646864859,345.9697250138718,34.90174420119182,34.50262591369229,30.128126259878965,29.856991932730466,28.305191804815898,36.877592166774235,47.58936339486943,43.19641264722687,73.8608970330895,27.002263757181726,26.95124621363683,25.48355308744098,30.418378691349595,21.476205622741283,16.53488560176497,26.66319733790895,30.132044191728315,20.371338931782333,18.723343907282768,21.840647129325998,24.84355723313508
27,1.08,403.29898834228516,149.17428016662598,104.73251303593779,109.25116652465941,-1730.183345153618,403.206787109375,178.99281978607178,130.36982488227366,135.9945926544952,-1131.7935674544315,384.85218048095703,203.93702030181885,128.97346738935406,134.53798972800408,23.590192040980895,356.9570541381836,214.62749004364014,136.17244831729957,142.04756857193905,480.0910623851095,331.86988830566406,210.78706741333008,91.75704665069973,95.71587745637997,-29.656647445720097,400.7241439819336,159.5468044281006,98.70038026790978,102.95877916150553,-1113.2967057776789,353.2238006591797,186.17676258087158,130.29408769778445,135.9155878114442,-3464.2731326222956,356.4081573486328,195.19728183746338,37.157770697051895,38.76093179121696,-4276.233925443978,365.4118347167969,193.25393199920654,25.184021075416258,26.270578261850048,-8401.597513020912,384.65625762939453,139.98787879943848,35.03924734175173,36.551005368494174,-2140.411154590976,339.85721588134766,174.62556838989258,60.0490113573103,62.639808300861986,-1206.9055037889782,350.0153350830078,182.89024829864502,34.64271994319271,36.137369911883894,-2051.0202204228913,364.0399932861328,174.95607376098633,21.27485964976928,22.192757215594952,-1782.9299376928582,368.63616943359375,129.9729824066162,45.75788476722422,47.732095254935814,-1423.107497494598,328.6598205566406,163.4438180923462,14.142369103077069,14.752537460867549,-1453.573512380015,341.4156723022461,171.24133586883545,20.09047597950119,20.957273660023763,-2024.1358785506673,355.1873016357422,161.57476902008057,27.736471762866188,28.93315368391489,-1043.0510046166596,353.64742279052734,126.00588798522949,72.41402104102805,75.53830269267831,180.4611183952666,327.45479583740234,153.11452388763428,38.32040782685875,39.97373055823113,-515.8988367804495,337.1299743652344,158.86703968048096,10.97835978918691,11.452017895192906,-1831.3877361340083,349.4337844848633,150.2843999862671,25.24241790958237,26.331494610260457,-266.5542519056361,39.27179086217819,39.942409619872095,35.50964584899913,35.53889467560803,32.133826903071096,40.99594333323446,53.02598690732721,44.74684991887555,74.9117201635635,28.464303971921495,29.456838545671307,26.929047883916336,31.306088979973392,23.385489432938712,17.12498710019967,27.501488284309904,31.289370339084908,23.392871039489464,20.322293129612014,22.298727845133712,25.8968170175455
28,1.12,400.9784698486328,152.7027940750122,105.57940282394578,110.13459512362702,22.085714974190296,401.0038757324219,183.1008768081665,116.53580734985304,121.56371050215984,-360.77205380838393,383.30928802490234,206.4620304107666,73.97716362685351,77.16888660588208,-1434.22757805305,356.48426055908203,215.62427043914795,27.580619614463618,28.770577340382367,-2831.924780788917,332.36900329589844,210.12930393218994,20.642319555319045,21.53292636470538,-1854.5737772918649,404.1869354248047,160.32720565795898,88.74102298396784,92.56972833510972,-259.7262706598954,356.9500732421875,188.87882709503174,115.07133657420752,120.03605556538156,-396.98830615156595,356.0638427734375,197.56596565246582,59.83944947809539,62.42120493596924,591.506828618807,360.2432632446289,193.91281127929688,130.2599635551944,135.8799913927529,2740.2353282725717,388.4850311279297,139.66790199279785,96.05301810677616,100.19719733812424,1591.1547992407516,342.70751953125,176.86386108398438,90.6027906615993,94.51182143192435,796.800328276559,353.65901947021484,183.83231163024902,94.08745677004823,98.14683243530166,1550.2365630854442,368.6843490600586,172.7180528640747,128.8865249206905,134.44729615208684,2806.363473412297,372.19512939453125,127.93793678283691,102.49270307691273,106.91472062334631,1479.5656342102625,331.39251708984375,163.81497859954834,68.9446810162273,71.91927901232307,1429.1685387863881,344.58709716796875,171.7521858215332,80.30762476679621,83.77247363086302,1570.3799992709814,358.9268112182617,160.44776916503906,97.64111771885273,101.85381504114058,1823.016533930642,356.2822723388672,122.6766586303711,106.14318230472209,110.72269870437793,879.6099002924905,330.1206588745117,151.1808443069458,82.33294622065634,85.88517698350492,1147.7861606318447,339.48448181152344,157.85054683685303,64.11397573743885,66.88015437427134,1385.7034119769608,351.87889099121094,149.15286540985107,67.35594037002515,70.26199261795225,1098.2624501922946,43.677174667123275,44.80495803995849,38.59640131323441,36.68971776922332,32.995143957659316,44.69873246663884,57.827429129942466,47.24369811631432,80.34691981927362,32.47219186544647,33.23731140294828,30.854921181328404,36.68398082605687,27.66207825787256,20.001758260692597,30.852387229544423,35.36352294073053,27.821778987664583,23.757700208952212,24.973934020104565,28.707296722263592
29,1.16,401.8939208984375,149.30846214294434,87.89034321828292,91.6823462409924,-461.30622206586554,405.1833724975586,175.7270622253418,211.89816939934056,221.04045363042266,2486.9185782065706,388.2486343383789,200.81215381622314,187.6137114159445,195.7082498457707,2963.484080997215,359.7501754760742,213.17978382110596,101.98564565301109,106.38578635594041,1940.380225388951,335.24341583251953,211.1002779006958,75.84951333973956,79.12201829675176,1439.7272983011596,408.1495666503906,165.6277370452881,165.4502931737537,172.58859743847674,2000.4717275841756,362.4300003051758,198.51433753967285,277.1198546482859,289.0761093174623,4226.001343802018,352.1683883666992,205.57897567749023,222.74269726541885,232.35286546352447,4248.29151318888,348.54591369628906,202.51954078674316,363.06316536381877,378.72741891070535,6071.185687948811,390.92262268066406,144.93680477142334,145.1361194460423,151.39797465665242,1280.0194329632045,343.6521530151367,180.28761863708496,88.79206116431972,92.62296854275017,-47.22132222935436,353.2115173339844,184.76494789123535,25.8610295284888,26.976796045623175,-1779.2509097419622,369.32395935058594,175.7220983505249,76.78456309868811,80.09741050269146,-1358.7471412348843,373.16226959228516,132.57362365722656,118.38748075572627,123.49527381282844,414.5138297370533,331.66637420654297,164.9655532836914,29.567928403907146,30.843627983375274,-1026.8912757236951,344.29439544677734,170.02301216125488,43.844297270203334,45.73594658785669,-950.9131760751583,360.3643798828125,160.17751693725586,36.568770247987054,38.146519090914424,-1592.6823987556538,356.9258499145508,125.14410495758057,63.749918988097,66.50039050349395,-1105.5577050220998,328.3427429199219,152.0687770843506,49.682804864805156,51.82635487639318,-851.4705526777934,339.13623809814453,157.1194553375244,20.244883061814807,21.118342590515702,-1144.045294593891,354.0419387817383,150.28316974639893,61.0141563354568,63.64659417538541,-165.38496106417088,47.34446851676297,53.6465761851754,46.42473130706524,40.94514922346094,36.160024689529386,51.602276364177904,69.39047350264096,56.537812734855294,95.49601657570183,38.52811085171256,36.94223014465829,31.93399302315333,39.88787724616453,32.6018892103857,21.23550338002761,32.68182509305869,36.88938370436711,30.48179460780434,25.83075440400794,25.818667723725195,31.253160489279008
30,1.2,407.9623031616211,151.1787986755371,158.751815023625,165.60111541758428,1847.969229414797,405.93772888183594,181.7894983291626,152.72971442103596,159.31919305469827,-1543.0315143931098,386.67083740234375,205.6074571609497,126.20513395685337,131.65021736331218,-1601.4508120614628,358.1957244873047,215.29375076293945,65.59903823442954,68.42928945615927,-948.9124224945285,333.9457702636719,209.3003511428833,55.47308106099399,57.86645083700983,-531.3891864935483,403.6029815673828,158.62473964691162,208.73638949446604,217.74225966096031,1128.8415555620893,354.78755950927734,185.58159828186035,375.5517990482283,391.75487102438393,2566.9690426730413,358.0355453491211,194.03052806854248,323.8346156151633,337.8063649144107,2636.337486272156,366.4018249511719,190.7945966720581,534.034105438699,557.0748499380588,4458.685775683837,389.2917251586914,137.9646635055542,179.00869489778265,186.73197241938487,883.3499440683113,344.1093063354492,174.55523014068604,143.76471018629599,149.9673963475213,1433.6106951192778,355.92166900634766,181.20144367218018,111.92487549255283,116.75384134526388,2244.4261324910176,369.81544494628906,170.1238203048706,140.49527386899564,146.55690116136466,1661.48726646683,373.38130950927734,126.6586446762085,147.97583170724508,154.3602054686289,771.6232913950112,332.5375747680664,161.5501356124878,88.11947956882415,91.92136861202289,1526.9435157161904,346.2684631347656,168.7096881866455,59.27564370719206,61.83307393081149,402.42818357387,360.27366638183594,158.03526878356934,53.604198128695714,55.91693549995732,444.2604102260724,357.31605529785156,122.12528228759766,76.0984171729267,79.38166101265625,322.0317627290576,330.56114196777344,149.84344482421875,78.55490915393267,81.94413761809477,752.9445685425397,340.2231216430664,156.74667835235596,28.725843339374148,29.965211406264643,221.17172039372352,351.7660140991211,149.30399894714355,61.94053910334364,64.6129454554817,24.158782002407087,53.96851313346634,60.01934390736333,51.690740001597725,43.68232080170731,38.47468272300978,60.31196675061632,85.06066834361633,70.05006733143173,117.77901057322418,45.99738974848796,42.940925998559145,36.604146676963886,45.75015329261912,38.77629742913086,24.912358124508522,35.15514805029115,39.1260611243654,33.65706104831059,29.108519908731733,27.01727617997578,33.83767830749828
31,1.24,402.75054931640625,148.23220252990723,149.67633202295335,156.13407337059482,-236.67605117473656,403.9888000488281,177.4507713317871,118.90877688874599,124.03906111427186,-882.0032985106603,387.14813232421875,203.0486297607422,65.0740352718561,67.88163539509068,-1594.2145492055374,360.45337677001953,214.23256874084473,62.36536054606253,65.05609569447006,-84.3298440422302,336.48887634277344,209.6936273574829,64.33338320097273,67.10902810832438,231.0644317828638,406.9645690917969,161.93501472473145,117.9464703136854,123.03523610490113,-2367.6755889014794,359.061279296875,189.03375148773193,137.34546447670104,143.27119416872878,-6212.0919213913785,356.99493408203125,196.20981216430664,60.3746168685822,62.97946196620569,-6870.672573705126,362.3983383178711,193.28736305236816,117.90300422864057,122.98989468839393,-10852.123881241623,390.14209747314453,141.04454040527344,79.87793339923638,83.32424335555797,-2585.1932265956725,342.9991912841797,174.9541997909546,29.49080586482174,30.76317801501127,-2980.10545831275,351.8593215942383,180.99307537078857,101.69219440822559,106.0796742434589,-266.85417754512457,366.89598083496094,171.98927879333496,86.61410851268919,90.35104876417613,-1405.1463099297134,373.5429000854492,129.2446804046631,64.77698425729244,67.57176820182208,-2169.7109316701703,331.98204040527344,161.7423963546753,14.696568928458229,15.330648074807256,-1914.7680134303907,343.36158752441406,168.91601085662842,72.85471354949196,75.99800874987795,354.12337047666165,357.9113006591797,159.0172576904297,63.95835569326523,66.71782014903651,270.02211622697985,357.61058807373047,123.5306453704834,35.89737935077096,37.446161230793884,-1048.3874945465593,330.58128356933594,150.2217721939087,9.471578629312937,9.880227105095813,-1801.5977628249739,338.66161346435547,156.28801345825195,40.68692416846432,42.442349551755726,311.9284536372771,351.5594482421875,148.71397018432617,15.628567476789925,16.302857426544932,-1207.752200723419,60.21387606829014,64.9809063519342,54.406005417401346,46.28456462948611,41.15904384734276,65.23337619481237,90.79151611036548,72.56924581007996,122.69860636075995,49.33035948271027,44.171453119159594,40.84733364670224,49.36419524318616,41.47916815720374,25.525584047500814,38.19506840028627,41.79477393032686,35.15490749754235,29.503728992935567,28.714970162046008,34.48979260456007
32,1.28,403.2403564453125,149.99563694000244,45.7548627349818,47.72894283800062,-2710.128263314855,404.024658203125,180.37569522857666,73.12859225894542,76.28370387574388,-1193.8839309631994,386.48536682128906,204.483060836792,39.50356490092889,41.20793459647197,-666.8425199654678,359.46067810058594,214.42718982696533,25.2899191311725,26.381045258093067,-966.8762609094248,335.4045104980469,209.0934419631958,30.98459085502345,32.321411919515825,-869.6904047202139,406.5785217285156,159.10554885864258,71.39200609162428,74.47219320870471,-1214.0760724049105,359.0779495239258,187.42814540863037,40.14231540498923,41.87424380326873,-2534.923759136501,359.2489242553711,195.70760250091553,57.731524357992626,60.22233400618608,-68.92819900049022,365.56312561035156,192.0091438293457,85.32922634108873,89.0107307289742,-849.4790989854935,390.13370513916016,138.47376823425293,64.26964673624713,67.04254175256357,-407.0425400748601,344.40650939941406,174.77914810180664,35.45408449089808,36.983740544498694,155.5140632371856,354.7572708129883,182.0190954208374,76.85549271829866,80.17140035989027,-647.7068470892157,369.8113250732422,171.43987655639648,74.16651386252711,77.36640630181415,-324.6160615590494,373.5640335083008,127.1435022354126,52.53211113509679,54.798593628160475,-319.32936434154016,332.9151916503906,161.54685974121094,23.835449092015054,24.86382253663891,238.32936154579136,345.40660858154297,170.15039920806885,59.71717574467401,62.29365573826187,-342.60882529040214,359.8051071166992,159.7026014328003,50.35001827053556,52.52235500838585,-354.8866285162665,357.4953842163086,122.34293460845947,29.832121771174926,31.119219895813952,-158.17353337449828,331.4905548095703,149.1701602935791,34.755051586353694,36.254548070769076,659.3580241418316,340.1234817504883,156.34328842163086,36.57282296645818,38.150746662732686,-107.29007222557598,352.60746002197266,148.43095779418945,27.138817949794593,28.30971427275918,300.1714211553562,62.123033781810165,68.03225450696395,56.05432280126022,47.339806439809834,42.451900324123386,68.21226392316055,92.46648586249623,74.9781391703274,126.25903558991891,52.01206115281281,45.65080274093955,44.054189661097844,52.45885149525872,43.67111190233016,26.520136948966375,40.686814629816745,43.8956681306623,36.3996762933749,30.95391091576633,30.241000028555312,35.622181175470445
33,1.32,400.2720642089844,149.57977294921875,74.93205947338379,78.16498115301845,760.9009578754457,405.2051544189453,175.5374050140381,124.50558098852889,129.87733768175443,1339.8408451502637,389.15679931640625,201.03527069091797,109.04072767191757,113.74525781470508,1813.4330804558278,362.36228942871094,212.84178256988525,82.66220595859355,86.22864253604925,1496.1899319489046,338.6725616455078,209.7654104232788,83.41050560993156,87.0092273558809,1367.1953859091268,411.35009765625,164.58088874816895,181.5683131426929,189.40202464106972,2873.245785809125,365.1600646972656,197.647705078125,297.3124669646102,310.1399259565383,6706.64205383174,351.7823028564453,205.4491138458252,306.84633613371955,320.0851311084597,6496.5699275568395,344.7977828979492,202.88625240325928,586.0412468910707,611.3258242208483,13057.877337296854,392.6618194580078,143.7257194519043,145.7188079868043,152.00580312322379,2124.0815342665055,345.4783630371094,179.51059341430664,121.28335872508154,126.5160935859257,2238.308826035675,355.4380416870117,183.79862308502197,47.632497379132005,49.687587476940344,-762.0953220737482,372.2536087036133,174.523344039917,98.337813979119,102.58057005676157,630.3540938736855,374.34520721435547,131.25901222229004,104.72480249181415,109.24312331137608,1361.1132420803901,333.83544921875,164.69571590423584,82.01436279526982,85.55284836987798,1517.2256458309769,346.16790771484375,170.1827573776245,19.049662423214908,19.871554508799566,-1060.5525307365574,361.94751739501953,159.9586057662964,53.94128763886074,56.26856863795065,93.65534073911999,357.6658630371094,123.85035037994385,37.92562900320061,39.56191911827185,211.0674805614475,330.73604583740234,152.31478214263916,80.84680869810148,84.33492049439086,1202.0093105905446,340.5509567260742,157.76687622070312,37.15959731700896,38.76283722015514,15.302263935561378,354.7810363769531,150.4059648513794,73.42124627313376,76.58898436134848,1206.9817522147325,65.2496330279309,73.22734801423412,60.60413311384843,50.788952141251805,45.93226941835863,75.78834490880334,104.87208290075776,87.78154441466579,150.71206855875283,58.09229327774177,50.71144648437657,46.041693160175456,56.562074297529186,48.0408368347852,29.942250883761496,41.48167681016873,46.146410876180326,37.98215305810577,34.327307735541964,31.79151351736152,38.68574054992438
34,1.36,402.06119537353516,150.03374576568604,46.14570431022043,48.136647158114705,-750.7083498725935,404.6689987182617,178.08671951293945,65.12712256466313,67.93701312354082,-1548.5081139553401,387.95787811279297,202.33746528625488,44.251573535568966,46.160794667972304,-1689.6115786683197,362.0350646972656,212.52026081085205,11.468769179854862,11.963585854864958,-1856.6264170296072,339.3362808227539,207.08488941192627,69.03674763552864,72.0153178188511,-374.84773842574486,409.22916412353516,161.57455444335938,91.9796343031608,95.94806858767663,-2336.348901334827,362.40909576416016,192.73869037628174,140.68194494547072,146.75162610656216,-4084.707496249404,356.4883804321289,200.9148931503296,163.3751883392423,170.42396281585926,-3741.5292073150104,358.1455612182617,197.3818588256836,360.95492684774786,376.5282210635772,-5869.940078931778,392.0502471923828,140.28512477874756,87.36315134624915,91.13240883060824,-1521.8348573153885,345.3615951538086,175.61399459838867,97.45869981299727,101.66352676835888,-621.3141704391707,354.2564392089844,182.33784198760986,46.971173544505504,48.9977310198656,-17.24641142686867,370.28804779052734,172.3176670074463,73.85983716904265,77.04649813253718,-638.3517981056098,375.2937316894531,128.35227012634277,76.43971600308306,79.73768508051462,-737.6359557715365,333.72406005859375,161.35479927062988,83.56932562888011,87.1748996178617,40.55128119959299,345.3208541870117,169.51970100402832,26.892650408373914,28.052925905125072,204.53428490813766,360.83274841308594,159.01526927947998,36.50850594759032,38.08365470499182,-454.6228483239707,359.67525482177734,122.4768877029419,60.84845452745953,63.47374321159028,597.7956023329607,333.32183837890625,149.5431089401245,94.7644956234765,98.85308193104494,362.95403591635204,341.5764617919922,156.32540702819824,44.2259403034866,46.134055497626655,184.28045693678783,355.0932312011719,148.61652374267578,45.41176258544829,47.37103973337008,-730.4486156994599,67.1750989142555,75.94482853917576,62.45056490056732,51.267495575446404,48.81288213111267,79.6262676523104,110.74214794502024,94.59850292730016,165.7731974012959,61.73758963096609,54.77798755511093,48.00160240097008,59.64393422283067,51.23034423800579,33.429246868475964,42.603793846373726,47.66975706438,40.52110278656939,38.28143101278376,33.636875737266585,40.580582139259185
35,1.4,396.60621643066406,149.32092189788818,137.53388930930197,143.4677485353446,2383.277534430748,403.4523391723633,174.0312623977661,105.85069928806523,110.41759659394306,1062.0145867600559,389.26719665527344,199.62085247039795,75.39189378242746,78.6446548781571,812.0965052546198,364.2378234863281,211.58859729766846,59.79205206688055,62.371762577380046,1260.2044180628773,341.54258728027344,209.61543560028076,83.93245869405885,87.5536999523943,388.4595533385799,413.9609146118164,169.13673877716064,223.01358504267625,232.63544061430392,3417.1843006656823,369.6098327636719,201.45874500274658,282.7211148206258,294.91903421344244,3704.185202672007,353.5729217529297,207.04238891601562,169.64319848696107,176.96240441891428,163.4610400763755,344.677734375,203.29020023345947,367.67075800820083,383.5338047853234,175.13959304365585,396.52469635009766,147.53052234649658,212.89152340411323,222.07666560173396,3273.6064192781428,347.0424270629883,183.83727550506592,209.83258918873756,218.88575456881233,2930.5556950113364,356.18160247802734,186.6122817993164,117.19932091413243,122.25585116412968,1831.4530036066021,373.5877227783203,176.24579429626465,128.2527753652577,133.7862036583761,1418.4926381459732,378.6437225341797,133.44659328460693,152.42737430613127,159.00380856440916,1981.6530870973634,335.5836486816406,167.0035457611084,148.67415453067724,155.08865722500542,1697.8439401785931,347.68115997314453,170.8619785308838,67.88203169448298,70.8107819979588,1068.9464023208432,364.4529724121094,159.81853008270264,92.70669380194168,96.70649685481264,1465.5710537455204,361.9017028808594,124.05518531799316,68.22799242918312,71.1716691068621,192.4481473817954,331.6973114013672,151.4946699142456,63.48069655643691,66.21955254915804,-815.8382345471725,340.81790924072266,156.4731788635254,19.32030163379749,20.153870368568104,-649.5046282264638,355.91033935546875,149.6856451034546,33.64043530384953,35.091841996398706,-306.9799434242844,72.91380885566927,80.36153240293348,65.5963510956936,53.762366078541596,52.315030129208445,88.93168527688256,122.53890931355794,101.67699910405673,181.11454959270887,70.62065625503546,63.53341773786342,52.89183644753526,64.99538236916572,57.590496580582155,39.63279315747618,45.436225126292086,51.53801693857251,43.367969550843874,40.93021311475008,34.443030552009304,41.984255819115134
36,1.44,402.23419189453125,147.70122528076172,146.41022196516454,152.7270479544386,231.4824854773498,405.00179290771484,178.3450984954834,114.59163570033046,119.53565813830957,227.9515386091628,387.87078857421875,205.99448204040527,163.12018081867313,170.1579530707748,2287.8324548154424,358.39359283447266,216.2662696838379,187.1424104532746,195.21661474160572,3321.1213041056417,334.5584487915039,206.6697120666504,189.49847883112372,197.67433499704876,2753.0158761163616,404.4839859008789,161.37850284576416,306.188669940001,319.3990901001347,2169.0912371457694,359.44339752197266,181.80723667144775,553.1377457394603,577.0027111840647,7052.0919242655555,354.4169616699219,191.90035343170166,379.1385317315587,395.49635223501343,5463.348695402479,357.503662109375,193.58980178833008,402.02779151577215,419.37316240429885,895.983940474386,390.69530487060547,140.04286766052246,237.2324515606559,247.46777594855354,634.7777586704893,344.4602584838867,173.84634017944336,257.98059913934435,269.11109625558834,1255.6335421694002,353.51001739501953,182.37829685211182,125.15988621785166,130.55987271786273,207.60053884332626,367.1165466308594,177.13482856750488,163.2990023448303,170.3444897991133,913.9571535184295,374.8306655883789,128.19817543029785,162.18294694061922,169.18028251255296,254.4118487035952,335.25325775146484,162.40528106689453,115.25297275123798,120.22552838187788,-871.5782210781886,345.97827911376953,168.85897636413574,65.72585536350549,68.5615780729912,-56.230098124190064,359.1352844238281,162.24652290344238,146.144095583508,152.44943962827358,1393.5735693365234,358.9998245239258,123.30566883087158,74.9277692302172,78.16050580857154,174.72091754273612,330.4521942138672,150.47025203704834,40.309341331517544,42.04847601429969,-604.2769133714588,338.2630920410156,157.90270328521729,73.18910009409026,76.34682230364973,1404.8237983770405,349.92652893066406,153.3815860748291,175.83011485501785,183.4162534750214,3708.1102869655674,79.02289077384683,85.14295872846586,72.4026692185246,61.57103066820583,60.2220035290904,101.70764888088796,145.6190177609205,117.49685319345728,197.8894760888808,80.51936729297759,74.29786158808696,58.11423135624977,71.80916196113024,64.35770788108428,44.441814292751296,48.178688249211724,57.635994523703445,46.49438978318673,42.612152155322065,37.49690344415529,49.32090595811599
37,1.48,407.61104583740234,148.38256359100342,135.4962642842309,141.34221077752852,-284.62092942275206,406.8428421020508,178.82052898406982,47.53614601965101,49.58707906637711,-1748.7144767983118,388.9247131347656,203.12613487243652,76.39605869790613,79.69214419373894,-2261.6452219258963,361.7905044555664,213.1957769393921,114.47416262856018,119.41311672538907,-1895.0874504054163,336.0675811767578,209.62017059326172,82.85033974536418,86.424893299748,-2781.236042432519,407.88352966308594,158.54126930236816,110.69889331801193,115.47496453018093,-5098.103139248844,359.4933319091797,185.45957565307617,91.31700786185812,95.25685332334356,-12043.646446518029,359.8099899291992,194.79370594024658,153.00376331986743,159.6050657127129,-5897.282163057514,366.80625915527344,193.11254024505615,232.8707935463443,242.91793548132765,-4411.38067307428,391.88785552978516,137.83710479736328,62.687553006967065,65.39218905439157,-4551.889672354049,345.86952209472656,172.34853744506836,51.41398737174169,53.63222874370888,-5386.971687796987,355.57971954345703,181.03775024414062,61.64785170319133,64.30763014348553,-1656.3060643594301,370.2646255493164,172.65249252319336,136.93460412494323,142.84260736786712,-687.5470607811543,375.5367660522461,126.6428804397583,42.70187622247176,44.5442361198364,-3115.901159817914,333.8605499267578,160.13025283813477,66.68671403779574,69.56389271233846,-1266.5408917384855,346.06380462646484,169.5562219619751,17.56178445211641,18.319482480001053,-1256.0523898247534,360.8592224121094,160.65834045410156,58.5997316537873,61.127999850547525,-2283.0359944431516,359.9185562133789,122.17952728271484,36.33406376675207,37.90168626753872,-1006.4704885258205,333.0903625488281,148.91088008880615,76.61418372499313,79.91968016100157,946.780103667547,341.3125228881836,156.31775379180908,85.91817833087796,89.62509287923994,331.95676438975534,353.92696380615234,149.00407791137695,148.25243866905095,154.648746556493,-719.1876729632099,84.67657920494796,87.12644189112093,75.59035498627415,66.3475553372214,63.678999261080314,106.3266474620952,149.42929189385427,123.8810558219658,207.6061935081339,83.13505485515324,76.44315073783531,60.686536561989186,77.52286625584493,66.13947732587773,47.224370001244836,48.911467548411764,60.08111451772535,48.01045723388828,45.80893936176213,41.08190715932489,55.50685582037571
38,1.52,405.17078399658203,147.49608993530273,64.90720970169201,67.70761218474038,-1840.8649648197033,407.0119857788086,176.17599964141846,66.24832558040252,69.10659011381568,487.98777618596444,389.1902160644531,201.45837306976318,42.219080669533135,44.04061049468441,-891.2883424763633,362.24796295166016,212.3437786102295,24.176039643418303,25.219107767265562,-2354.8502239530876,337.5339889526367,208.86775016784668,41.204431358622315,42.9821844375114,-1086.067721555915,409.1961669921875,160.5046033859253,59.04287362484991,61.59026105168966,-1347.1175869622816,362.0845031738281,189.45635318756104,119.08085274012015,124.2185611276717,724.0426951082036,357.7376937866211,197.5969934463501,87.15228103878093,90.91244058570982,-1717.315628175077,360.7575225830078,195.04414558410645,158.7417582634436,165.59062476144103,-1933.1827679971652,391.8629837036133,139.41806316375732,39.528849939067015,41.23431055014802,-603.9469626060887,345.79761505126953,174.17753219604492,45.760193003844435,47.7345030797465,-147.4431415990594,354.08924102783203,180.742449760437,37.98625229289614,39.62515798198102,-617.0618040376127,369.130859375,171.73566341400146,36.45203486677443,38.02474719599385,-2620.446504296832,374.9081802368164,127.75554656982422,31.94865064008251,33.32706578061504,-280.42925848053403,333.19934844970703,160.1864719390869,16.589680161285557,17.305437035293213,-1306.4613919261312,344.4934844970703,168.33901405334473,49.67079374248752,51.813825537733834,837.3585764433194,359.43798065185547,158.98080825805664,54.96613963305569,57.337637570179005,-94.759057009213,359.0424346923828,122.36712455749512,22.39952088016469,23.36594162418062,-363.3936160839525,332.3673629760742,148.97522449493408,18.14642845028821,18.92935077161736,-1524.758234734605,340.20946502685547,155.35882472991943,36.54006013246231,38.116570285894724,-1287.7130648336306,353.39454650878906,147.96157836914062,29.264670189652044,30.52728578260915,-3103.036519347096,87.38488369233757,89.89070549567357,77.35197940606153,67.35631964791202,65.39828663858077,108.79025790416277,154.39803433896114,127.51755344539419,214.22981849859156,84.78442727715918,78.35253086102517,62.271542881268424,79.04385614368468,67.47255995710233,47.91658748265656,50.98402056992112,62.374620020532504,48.9450948988555,46.56611339262683,42.60656997076068,56.72794725168008
39,1.56,405.1256561279297,148.02030086517334,13.153745272851666,13.72125974609391,-1349.658810966162,405.95630645751953,177.96983242034912,52.03541383137211,54.2804664652712,-370.653091213612,388.3129119873047,202.64506816864014,36.89433985620163,38.48613530417394,-138.86187976276165,361.71669006347656,212.99499034881592,21.010824742732208,21.91733060010706,-82.54442917896255,337.8478240966797,208.42286109924316,13.611088792767797,14.198335217740295,-719.5962304942776,406.16188049316406,159.00579929351807,84.60684172088479,88.25717903667714,666.6729496246871,359.20543670654297,188.46942901611328,76.08811932240829,79.3709188644043,-1121.1910565816852,361.6703796386719,194.95312213897705,118.4695992145001,123.58093524836728,816.7123665664367,370.5651092529297,190.15986442565918,273.9125758371549,285.73045340480746,3003.495716084161,390.04371643066406,138.2239580154419,54.403702284733704,56.75093402779262,387.915586941115,345.32249450683594,173.54893684387207,19.698852259017936,20.548753449238397,-679.6437407627027,355.2435302734375,179.7993564605713,37.26433142741914,38.87209005297228,-18.826698225218408,369.8118591308594,169.68997478485107,53.901545866721975,56.22711221873509,455.059125568531,373.9956283569336,126.78528785705566,33.29933279343735,34.73602271844217,35.22392344567837,333.91849517822266,159.7807216644287,20.642875625139013,21.53350642599427,105.70173476752637,346.07295989990234,167.3961067199707,45.98788418894915,47.97201793410254,-96.04519009078238,360.37628173828125,157.01345443725586,54.49134096927255,56.84235385761442,-12.382092814114642,358.7126922607422,121.56957149505615,21.57575257421574,22.506632076818917,-21.4827386840426,332.71820068359375,147.8851318359375,28.628974639076304,29.86416333436709,273.37031406874314,341.22901916503906,154.44045066833496,34.30471503378263,35.78478188001416,-58.29471014701415,354.02889251708984,146.56854629516602,38.266607647604594,39.91760918605767,234.7580850862129,87.93373408218133,92.06192415428443,78.89142481822849,68.2330128719163,65.96622004729039,112.32054506562984,157.57287109353732,132.4607908553289,225.65903663478383,87.05446463827087,79.17448099899471,63.826426483387316,81.29294063243408,68.86200086584002,48.77792773969633,52.902901287285225,64.64831417483708,49.845360181928264,47.760679926001515,44.03796124596125,58.324651619122385
40,1.6,405.91346740722656,146.92886352539062,33.65154229804472,35.103428198593534,534.5542113124906,407.39410400390625,176.81463718414307,46.1095015841965,48.09888247611829,-154.5395997288228,389.4441223144531,201.90733909606934,33.7627845116062,35.21946992475938,-81.66663448536404,362.69691467285156,212.23154067993164,31.06138762338102,32.401522061869706,262.10478654406614,338.9292907714844,207.7265739440918,32.15573404485866,33.54308373801791,483.6187130069405,408.76609802246094,159.7794485092163,67.91760655772379,70.84789172821687,-435.232182711507,359.9979782104492,190.12435913085938,45.87289314036326,47.85206563052713,-787.9713308469294,359.5316696166992,197.162446975708,76.87325929851416,80.18993347398667,-1084.7750443595153,366.2014389038086,192.80914306640625,127.62321554119096,133.1294816607597,-3815.024293601194,391.7441177368164,138.7358808517456,44.39474625655209,46.3101445339165,-261.01973734690296,345.57788848876953,173.81574153900146,9.233459243120437,9.63183412798144,-272.92298303142394,355.2505874633789,179.95634078979492,3.9285719058952435,4.0980689859679424,-869.3505266751085,370.5482482910156,170.0942087173462,21.001102164173645,21.907188543754547,-857.9980918745136,374.91851806640625,127.22249507904053,25.530319852166038,26.631817997527868,-202.6051180228576,333.782958984375,159.73307132720947,3.5917104629807453,3.7466737551196143,-444.6708167718663,345.96778869628906,167.59132862091064,5.543722388661259,5.782904661537999,-1054.7278318141134,361.08699798583984,157.38823413848877,20.086957973396533,20.95360387057984,-897.2187496758645,359.0650177001953,121.90117835998535,12.095875540706267,12.617748535316833,-247.2220885375521,332.80216217041016,148.6897087097168,20.223647623031685,21.09619095496846,-219.1993094849657,341.35311126708984,154.84325408935547,10.53712027124839,10.991741227955671,-619.8260163014621,354.5944595336914,146.63246154785156,14.229177984722302,14.843091686193818,-626.8629374965963,89.33787121012507,93.98587945332916,80.30020361521886,69.52907375439108,67.30794339681111,115.15446073475852,159.4869537187584,135.66838819428835,230.98421590121424,88.90687041962754,79.55975436411396,63.990349242826035,82.16922817418427,69.92727358574113,48.92779468990112,53.13421747374674,65.48645832966027,50.35007012334094,48.604527564200254,44.47763089507947,58.918375286570146
41,1.64,405.0232696533203,148.1041145324707,36.85840279622876,38.448647750312276,83.63048879296855,406.1286926269531,178.0967903137207,45.035975901273446,46.97903984316934,-27.996065823723804,388.74393463134766,202.81750202178955,28.708223374672908,29.94683123336577,-131.81596728484024,362.01393127441406,213.24030876159668,30.455699026694905,31.76970120872226,-15.795521328686135,338.17623138427734,208.26169967651367,23.095697518161764,24.092154598582344,-236.27322848588923,407.0686721801758,158.78678798675537,49.159367131999204,51.2803335764703,-489.18895379366415,359.5750427246094,188.06044578552246,52.67003846022421,54.94247178718666,177.26015391648832,361.62635803222656,194.82913970947266,78.39021924326379,81.77234220964081,39.56021839135353,370.02017974853516,190.00389575958252,118.45936563761204,123.57026014681256,-238.9805378486784,390.7011032104492,138.06494235992432,31.004412609542314,32.34208887780678,-349.20139140274296,345.8140563964844,173.8714599609375,6.066291246379919,6.3280195990133565,-82.59536322420209,355.7726287841797,180.41316032409668,17.342347511638582,18.090577997229992,349.81272528155125,370.25489807128906,170.06760120391846,7.363860705517757,7.681572311044018,-355.6404058177632,374.1725540161133,126.65711402893066,23.400295085650395,24.40989393858355,-55.548101473607936,333.8778305053711,160.0197172164917,7.548446501537201,7.874122006973566,103.18620629634879,346.2099838256836,167.93110370635986,10.431490467403783,10.881554057274162,127.46623489340408,360.5717086791992,157.46107578277588,13.010307804790443,13.571633710636757,-184.5492539985771,358.3254623413086,121.53233528137207,20.660762109294676,21.55216461725108,223.36040204835618,332.5996398925781,148.1846809387207,13.603040158719057,14.189939327741426,-172.65629068067585,341.19384765625,154.7073268890381,5.234566691944706,5.460410533163198,-138.28326736981185,353.9210891723633,146.57731533050537,16.890617750743367,17.619358488587313,69.40667005983738,90.87581712013757,95.86504104705593,81.4980768645535,70.79986180273997,68.2716295807544,117.20567407781733,161.68465259024586,138.93928188267398,235.92702630708675,90.20055397473982,79.8128751480745,64.71397236271523,82.47649106662602,70.90366934328448,49.24275957018006,53.569479636037705,66.02932367808575,51.21215670803098,49.17212513730991,44.696047316406,59.62314962611364
42,1.68,406.5062713623047,146.1397361755371,61.532899726689415,64.18771859774768,643.476771185885,407.79380798339844,175.57057857513428,75.6404112331904,78.90389454128129,798.1213674527987,390.41751861572266,200.84429740905762,64.68394215560323,67.4747118260053,938.1970148159884,363.8833236694336,211.6078519821167,62.04606687487838,64.72302619169932,823.8331245744265,340.2203369140625,206.74192428588867,63.679297336573725,66.426721901575,1058.3641825748164,408.48201751708984,158.19969177246094,38.26084001802283,39.911592713793006,-284.2185215669323,360.5677032470703,187.00444221496582,36.23291367907772,37.796172089064825,-428.6574924530459,360.6239700317383,195.32349586486816,27.941565273579457,29.147095893860467,-1315.6311578945085,368.48480224609375,192.7946949005127,79.63174586816734,83.067434135828,-1012.5706502746141,391.4406204223633,137.2875452041626,26.82387048534801,27.98117849253813,-109.02275963171624,345.7119369506836,172.0561408996582,45.45472799565661,47.41585887357212,1027.195981863969,355.39337158203125,180.18615245819092,11.050129992576702,11.526884602911036,-164.09233485797392,370.76854705810547,171.4478588104248,36.81835770013507,38.406874920318906,768.1325652318721,374.6794128417969,126.20681762695312,16.949792012132278,17.681085806089524,-168.2202033123507,333.763427734375,158.54092597961426,37.08024673155757,38.680063077019625,770.1485267511515,345.1864242553711,168.0177354812622,25.680479678165085,26.788456425080028,397.6725591951467,360.07564544677734,159.1158628463745,43.18853259557322,45.05188913910225,787.0063857116373,358.98223876953125,121.48052215576172,16.470425705154526,17.18103738070736,-109.27818091359302,333.0381774902344,147.85886764526367,13.658091163103482,14.247365491527725,1.4356540946574903,340.7797622680664,155.0509786605835,13.45277036509247,14.033186188040755,214.3193913719389,353.4842300415039,147.8931427001953,34.66128574361061,36.1567367283034,463.4344559929022,93.44332586404748,99.02119682870718,84.1970653375937,73.38878285040795,70.9286984568174,118.80213778636906,163.19649947380844,140.1051657184284,239.24972367251988,91.31980111444135,81.70950950301739,65.17504774683167,84.01276606343878,71.61091277552805,50.78996209326085,54.64101789304091,67.83139924364983,51.89939820325927,49.74201975697102,45.25737476392763,61.06941909524578
43,1.72,406.90582275390625,146.3348150253296,11.115784727334322,11.595371991900507,-1314.8086651461792,408.10096740722656,176.6251802444458,27.46055799416089,28.645335696763894,-1256.4639711129348,390.57010650634766,201.93849563598633,27.61965812808109,28.811300159194463,-966.5852916702711,364.07970428466797,212.07202434539795,12.600132163838907,13.143761162227854,-1289.4816257367866,340.43113708496094,207.03011512756348,8.926459029062238,9.31158847993068,-1427.8783355411078,409.0549850463867,158.5486936569214,16.772263282453675,17.49589765155366,-560.3923765559837,362.5260925292969,187.43257999420166,50.116056176818645,52.27829868890889,362.0531649961016,361.44287109375,195.1325798034668,21.021534968112633,21.92850291501324,-180.46482447118066,367.84297943115234,192.01738357543945,25.20105927667563,26.288351571294356,-1419.477064113341,392.06886291503906,137.37815380096436,15.868572466865572,16.553217361367718,-285.69902827926035,347.1977996826172,172.41808891296387,38.23279369929923,39.882336344892316,-188.3380632169951,356.39270782470703,179.69571590423584,27.82985064841213,29.030561374028903,437.59191927794666,371.24568939208984,170.33739566802979,30.21581950628137,31.51947215691328,-172.1850690851406,375.28820037841797,125.76464653015137,18.810528029404985,19.622102731862476,48.525423144323824,335.3181457519531,159.03546810150146,40.78694662896724,42.54668745191536,96.66560937239339,346.92752838134766,167.80413150787354,43.85394961502925,45.746015380262804,473.9389738795694,361.44947052001953,158.30257415771484,39.91266890796286,41.63468927563295,-85.4299965867325,359.51988220214844,120.6813097000122,24.080606954320597,25.11955766284926,198.46300705354753,334.1444778442383,147.46769428253174,29.335527447322484,30.601200155833233,408.84586660763773,342.1695327758789,154.68422412872314,35.933714592161905,37.48406414549387,586.2719489363278,354.8488998413086,147.4998378753662,35.50538997579114,37.03725958945618,22.013071528819417,93.9071407437235,100.16701025657774,85.3495173439615,73.91453329689705,71.30116199601463,119.5019736924312,165.28763142136484,140.98230583502894,240.30125773537165,91.98192980889606,83.30480295681308,66.33627020179283,85.2735449497153,72.39579688480255,52.49182959133746,56.470858508251425,69.49678681467515,52.90418050977324,50.96606776320436,46.75673732974738,62.550909478824025
44,1.76,407.65384674072266,145.8969497680664,21.668898627567362,22.603796889262032,275.21062243403816,408.4225845336914,176.48287296295166,8.7923595525375,9.171703320909941,-486.84080939634885,390.73997497558594,201.71087265014648,7.100507047211603,7.406856336563284,-535.1110955657795,363.94378662109375,212.0260763168335,3.5868538268615637,3.741607580862683,-235.05383953412928,339.54994201660156,207.52944946289062,25.32093411262567,26.413398371804153,427.5452472968368,408.90846252441406,157.91831016540527,16.179697846013557,16.877766153543465,-15.453287450254827,362.18456268310547,185.96335887908936,37.70985714083396,39.33683784232972,-323.5365211644792,361.40140533447266,194.36857223510742,19.128299939207412,19.953584817304,-49.37295244273096,368.0845642089844,192.1314239501953,6.678716753361417,6.966868024470558,-483.037088670595,392.0030975341797,136.9074010848999,11.883107890027084,12.395801086892334,-103.9354068618846,346.9813919067383,171.97275638580322,12.37824162613932,12.912297222504137,-674.2509780597045,356.0624313354492,179.73478317260742,8.314475735670408,8.673201347238486,-508.9340006697604,370.8827590942383,170.93029975891113,17.379112140772275,18.128928825480664,-334.76358328581546,375.2871322631836,125.49450874328613,6.753497462546754,7.044875125371841,-314.4306901622659,334.7203063964844,158.37369918823242,22.29559919463621,23.257536268077885,-482.2287795959369,346.5894317626953,166.94133281707764,23.166933660705734,24.166464203556448,-539.4887794176589,361.3334655761719,157.45076179504395,21.49187998111258,22.419140825340744,-480.3887112573052,359.46685791015625,120.43307304382324,6.345914680778448,6.619707304293457,-462.4962589638951,333.76991271972656,146.7438268661499,20.375890609366525,21.255002420196757,-233.6549433909119,341.9285583496094,153.4385061264038,31.720281518872184,33.0888437407994,-109.88051011736175,354.59007263183594,145.68140029907227,45.91913233637751,47.90029980306136,271.57600534012954,94.81129261929398,100.53387838941413,85.64579159742401,74.06419760013155,72.35769793088679,120.17708433857295,166.86110493505802,141.78044922772108,240.57993245635046,92.47776185237176,83.82129484571324,66.68319825568237,85.99870210273453,72.67759188981742,53.422131042060585,57.437517076393675,70.39355244768878,53.168968801944985,51.816267860012225,48.08029107937936,64.46692147094649
45,1.8,406.63700103759766,146.85060024261475,34.85168944586877,36.355355342326156,343.7889613266031,407.3540496826172,176.77788734436035,27.71281532520374,28.90847659620332,493.4193318823345,390.8439254760742,202.08354949951172,9.67256883551888,10.089888974667264,67.0758159525995,364.76043701171875,212.6957130432129,26.402310573888194,27.541430502616286,594.9955730438401,340.7542037963867,207.8656768798828,31.25795209011371,32.60656724473928,154.82922182337822,408.7049865722656,157.94108390808105,5.118661107785898,5.339504236646406,-288.4565479224265,363.18897247314453,184.671049118042,40.918390920408626,42.683802868672814,83.67412565857731,361.2030792236328,194.1508913040161,7.361989965425322,7.6796208584202015,-306.849098972095,366.54972076416016,193.22839736938477,47.16391021300128,49.198783255268516,1055.797880769949,392.0582580566406,136.82104110717773,2.561826617661817,2.672355874029659,-243.08613032156688,347.58026123046875,171.41577243804932,20.446203574271973,21.328349017304497,210.401294870009,356.5370178222656,180.16480922698975,16.010831117488262,16.701613719654468,200.71030931039954,371.0879135131836,171.99952125549316,27.218134400224642,28.392452808127892,256.58809956618074,375.4304885864258,125.2930498123169,6.181461006549487,6.44815832463119,-14.917920018516284,335.20484924316406,158.55626106262207,12.94484956095273,13.50335129011017,-243.85462444919287,346.8209457397461,167.83947944641113,23.187632605456272,24.188056198193777,0.5397998659332437,361.28997802734375,158.97336959838867,38.08071764119385,39.723699009962864,432.613954615553,359.7312927246094,120.35016059875488,6.928214264967217,7.227130032874578,15.185568214528011,333.9280319213867,146.92997932434082,6.106063565432654,6.369507883080515,-372.137363427906,341.9098663330078,154.1808843612671,18.565337915779946,19.366333962858935,-343.0627444485116,354.46205139160156,147.08125591278076,35.142434971682896,36.65864499838662,-281.04137011686845,96.26550683298703,101.69021745326226,86.0493871564107,75.1658548202362,73.66196062067637,120.39066450803881,168.56845704980492,142.0876340620579,242.54788378656121,92.58465608733293,84.67442880640542,67.35126280446855,87.13440021505966,72.93551822280267,53.96226509366499,58.405039324321436,71.9825004080873,53.45805400325997,52.07104817533545,48.85494443789372,65.93326727088194
46,1.84,408.4047317504883,144.46743965148926,74.18021247437883,77.38069593624749,1025.6335148480334,410.23983001708984,173.3750867843628,111.54253614078358,116.35500607455153,2186.163236958705,392.91412353515625,199.3678092956543,85.3703873522406,89.0536676198529,1974.094466129641,366.08592987060547,210.96107482910156,54.577359390221424,56.93208351804995,734.7663253858416,341.9339370727539,206.43208980560303,46.41485822792991,48.417413642485734,395.2711599436613,410.86036682128906,157.20019340515137,56.97906827956507,59.43741343143989,1352.447729869837,363.9216613769531,185.83887577056885,34.46603509359177,35.9530620463836,-168.26852055723035,361.4052963256836,194.1291618347168,5.084530841056405,5.303901429591491,-59.39298572071776,366.91532135009766,191.78202152252197,37.29667276401731,38.90582674703122,-257.3239127059324,393.64513397216797,136.38164520263672,41.16463843677121,42.9406746617442,1006.7079696928633,348.5176467895508,171.23286724090576,23.876583684617326,24.90673186914746,89.45957129607409,357.68672943115234,179.14881706237793,38.3575030320136,40.01242622510822,582.7703126363439,372.74986267089844,170.24971961975098,60.3317949305915,62.934792488287925,863.5584920040009,376.51268005371094,125.49952983856201,27.542834516246955,28.731162015210106,557.0750922644729,336.2187194824219,158.54212760925293,25.34921863387548,26.442903220409026,323.4887982574714,347.63221740722656,167.40247249603271,23.037154679120874,24.031085945959756,-3.9242563058505375,362.32181549072266,157.87678241729736,37.64299400756732,39.26708991883276,-11.415227278252615,360.5280303955078,120.87392807006836,23.836989116638403,24.865429005171947,440.95747430743427,334.3766784667969,147.7481746673584,23.32819300283618,24.334681032600788,449.1293287380068,342.8047180175781,154.70994472503662,25.988752445652747,27.110029530503898,193.59238919112408,356.0095977783203,147.3116397857666,39.1150270674377,40.80263341236584,103.59971034948057,99.36073467043693,106.34441769624432,89.61153386120482,77.4431381609582,75.5986571663758,122.7681610452964,170.0065795316603,142.29979011924155,244.10411685644246,94.3022830738027,85.67069808117131,68.95175985347286,89.65179191459116,74.08476470341107,55.019981222481356,59.36628276215983,73.5531840048406,54.452671163466846,53.04443541663948,49.93934561911387,67.56537260737657
47,1.88,406.96678161621094,146.7537546157837,67.52285124600823,70.436104814616,-173.61477804078726,408.2692337036133,176.32238388061523,88.63481964028546,92.45894287938272,-597.4015798792202,391.5068054199219,201.52257442474365,64.3406803614862,67.1166401026832,-548.4256879292424,365.16685485839844,212.57803916931152,46.49779938054857,48.50393326675349,-210.70375628241146,341.32205963134766,207.7250576019287,35.76100989238448,37.303908152211235,-277.8376372568625,409.7865295410156,158.05349349975586,34.28964453699076,35.76906117106819,-591.7088065092926,363.8776397705078,185.41634559631348,10.620429899205476,11.078645225322028,-621.8604205265393,362.67826080322266,193.4298276901245,36.31035326588101,37.87695278407732,814.3262838621457,368.82938385009766,191.16097927093506,50.30735987508683,52.47785612900497,339.3007345493437,393.2392883300781,136.8495798110962,15.485345552276142,16.153456234198213,-669.6804606886496,348.47888946533203,171.44868850708008,5.481842135272733,5.718354602806779,-479.709431658517,358.0282211303711,178.5871696472168,16.432901440260235,17.141894142434495,-571.7633020668432,372.7116012573242,169.35529232025146,22.381132258258944,23.346759630588103,-989.7008214424956,376.57032012939453,124.96450424194336,13.453037932051707,14.033465299097799,-367.4424179028077,335.9238052368164,157.83094882965088,19.247559404007973,20.077989696656957,-159.12283809380173,348.1599807739258,166.10345363616943,35.05338936456603,36.565757544725734,313.36678996914947,362.84656524658203,156.7106294631958,31.96946803821455,33.34878133927019,-147.95771448906424,360.55641174316406,119.69555139541626,29.467960230762973,30.739346712786528,146.8479426903645,334.56398010253906,145.88460445404053,46.82397785001101,48.84418461040045,612.7375894449915,343.0229187011719,152.53100395202637,54.7459726293137,57.10797152577885,749.9485498818739,355.8169174194336,145.16568660736084,53.864649612538706,56.18862408651077,384.6497668536232,102.17817886302157,110.04277541141964,92.29619946531214,79.38329549162835,77.09081349246425,124.19892349213913,170.44972534067318,143.81486823060465,246.20323110160265,94.94842132317062,85.89943226528358,69.63743561917025,90.58566229981469,74.64610331537499,55.82310081034763,60.82891306394886,74.8871352584114,55.68224503197831,54.9982028010555,52.223664480145025,69.812917570837
48,1.92,409.79270935058594,145.25267601013184,79.99650203389965,83.44792759911041,325.29556961236034,411.79378509521484,173.29994201660156,116.07545319043275,121.08349449785288,715.6137904617541,393.7931442260742,199.0959119796753,83.3517987164317,86.94798757071793,495.78368670086803,366.3636016845703,210.89491367340088,51.63038350221281,53.85796122161935,133.8506988716464,342.0661163330078,206.31860733032227,39.77847047860214,41.4947008944852,104.76981855684909,412.1222686767578,157.34059810638428,61.05272901418947,63.686831061003524,697.9442472483834,364.7616195678711,186.42688751220703,33.56537693371926,35.01354525495263,598.3725007407651,361.67152404785156,194.97299194335938,46.0629651067226,48.050338196003224,254.33463529814765,366.56005859375,192.90050983428955,71.48340585383153,74.56753638678535,552.2420064445095,394.6006774902344,136.2850570678711,36.844829801898,38.434489153130905,557.0258229733173,348.69056701660156,171.0110378265381,12.153844656381729,12.67821871144804,173.9966027160315,358.16402435302734,179.14153575897217,14.268941383880577,14.884570665520291,-56.43308692285509,373.6697006225586,170.22475719451904,32.34504947870354,33.740567130606586,259.8451875004621,377.2201919555664,125.45877456665039,20.411953365888973,21.29262109374869,181.47889486627227,336.54796600341797,157.9041051864624,15.710834539947765,16.388673877960244,-92.23289546741782,347.9947280883789,166.87352657318115,19.690111388688056,20.53963545662752,-400.6530522024554,362.8455352783203,157.35021114349365,15.989562740410603,16.67942772469965,-416.7338403642635,361.12117767333984,120.87302684783936,32.647827233851736,34.05640814299887,82.92653575530852,335.18199920654297,147.262544631958,37.75469132135311,39.383606380388315,-236.51445575030328,343.6650085449219,154.02613162994385,40.67928020443743,42.43437579114785,-366.839893365775,356.708984375,146.3672161102295,37.41203515813216,39.02616641772928,-429.0614417195373,105.51609596698597,114.88611519133376,95.77411896814087,81.53761394049312,78.75060152824366,126.74639673457926,171.8502671508713,145.73688175844478,249.18593255707404,96.48580088929586,86.40656101374151,70.23281844579105,91.93528498503895,75.49780815912493,56.478647765466036,61.65049848221396,75.5543123673994,57.044501357698266,56.573547056271025,53.921039511790944,71.37396422754618
49,1.96,408.88538360595703,146.69507503509521,42.601019310587695,44.43902776613608,-975.2224958243584,410.0870895385742,175.20913124084473,64.02056904338961,66.78271767586433,-1357.5194205497137,393.47049713134766,200.28263568878174,30.74506372463361,32.071550461494525,-1371.9109277305852,367.37056732177734,211.30971908569336,27.226404056803215,28.40107925660868,-636.4220491252668,343.5444641113281,206.4375114440918,37.078045575649625,38.67776695288706,-70.42334853995342,411.48876190185547,157.51808166503906,16.447477911520647,17.157099511262672,-1163.2432887435214,366.73465728759766,185.7472801208496,52.17005876129666,54.42092061111835,485.1843839041429,363.9141082763672,194.79884147644043,56.23339981227298,58.65957331731638,265.23087803282885,368.26194763183594,192.93884754180908,42.558019791918554,44.39417304587369,-754.3340835227914,394.4582748413086,136.22769355773926,3.838056695429061,4.003648523353221,-860.7710157444421,349.39208984375,169.98209953308105,31.133264854017124,32.47650041449323,494.95704257612977,357.84900665283203,178.67042541503906,14.168210622664933,14.779493905221894,-2.626919007459927,372.51670837402344,170.20977973937988,28.827238089008382,30.070980802566773,-91.73965820099532,377.67711639404297,124.67175006866455,22.751201931257736,23.732795850846124,61.00436892743586,336.3918685913086,156.35400295257568,38.94855049908661,40.62897426140918,606.0075095862234,347.9094696044922,165.90135097503662,24.397674104081354,25.450304581584277,122.76672812391895,362.8200912475586,157.06046104431152,7.271628027712261,7.58536028146648,-227.35168608082924,361.8870162963867,119.63174343109131,36.463109073110104,38.036299195706604,99.49727631769338,335.5609130859375,144.85015869140625,61.04906660921199,63.68301064263986,607.4851065562885,343.34571838378906,152.6008701324463,36.514693474384394,38.090109190810594,-108.6066650084314,356.25049591064453,145.92289924621582,15.961460373231434,16.650112889149252,-559.4013382145007,107.29365707763141,117.55742389836833,97.05698098660065,82.67365711075746,80.29771220635915,127.43268071502976,174.027103975316,148.08326469113743,250.961699478909,96.64594683022999,87.70562103032124,70.82399820199993,93.13812421714161,76.44711999315878,58.103806735922404,62.668510665477335,75.85772677865806,58.56595332552652,59.12086748197662,55.44464387942337,72.03996874311215
50,2.0,408.9888381958008,145.79054832458496,22.7605939919502,23.742593129236354,-517.4108659224931,411.2483596801758,173.06729793548584,60.90976035148168,63.53769405736897,-81.12559046238417,393.87359619140625,198.8475465774536,37.26568134417266,38.87349821148733,170.04869374982013,367.10926055908203,210.59557914733887,19.01113285326624,19.831362591881266,-214.24291661818532,343.5775375366211,206.05050086975098,9.710530241451197,10.129488214299743,-713.706968464683,412.45391845703125,157.46825695037842,24.161044035153413,25.203465177890056,201.15914166568461,367.29393005371094,186.11529350280762,16.737306313595006,17.459432474549217,-924.0372034142283,361.5256881713867,195.39761066436768,61.55828101424478,64.21419495349376,138.8655409044345,363.9661407470703,194.18214797973633,111.80270784441511,116.62640280985853,1805.8057440996208,394.81517791748047,136.4112424850464,10.033382234338555,10.4662695615176,161.56552595410943,349.2200469970703,171.13964080810547,29.25641536995344,30.518674811141167,-48.94564008380158,357.6067352294922,179.57937240600586,23.51701611273617,24.53165086007269,243.80392387126992,373.25157165527344,171.15828037261963,29.99664036798242,31.29083659912032,30.496394913838643,377.8513717651367,125.4572868347168,20.115804501293905,20.983694973443882,-68.72752193505605,337.0503616333008,157.2090768814087,26.981064078836386,28.14515415741037,-312.09550259997013,347.84400939941406,166.53831481933594,16.007966325267436,16.69862532681538,-218.79198136922238,363.0543518066406,157.54714965820312,13.503328673727877,14.085925820040579,162.51413846435247,362.30655670166016,120.7793140411377,30.546403805309435,31.864319418347364,-154.299494433981,336.0120391845703,146.21774196624756,36.001725396963096,37.55500925647637,-653.2000346540873,344.0999984741211,153.5143804550171,29.61671365245798,30.89451805713437,-179.8897783419056,357.6941680908203,146.70235633850098,41.01632847512625,42.78596591039991,653.3963255312665,108.24336080280086,120.09893166066307,98.61192091506014,83.46691161443272,80.70289173493114,128.44081932214536,174.725481274298,150.65183248927718,255.62675559130332,97.06459761269069,88.92636802276688,71.80526423640283,94.38975768110642,77.28646779209653,59.229612902218825,63.336455678549946,76.42116381145968,59.84052610226042,60.62306785223567,56.68042460170874,73.75140737952815
51,2.04,407.88196563720703,146.77155017852783,36.97576485354313,38.5710733590908,370.7120057463612,410.2367401123047,174.67015743255615,47.384944322064165,49.42935381599375,-352.70850603438043,393.0618667602539,200.61458587646484,48.614121878633476,50.71156387692343,295.95164163590243,366.51466369628906,211.82544708251953,34.151505889462534,35.624962572198335,394.83999950792673,343.6513900756836,206.20815753936768,4.352429135020978,4.540213410651104,-139.73187009121597,412.25852966308594,159.0663242340088,40.24919117051574,41.98573069228265,419.5566378598149,367.1337890625,187.83624172210693,43.209575838113636,45.0738402861564,690.3601952901795,361.7734146118164,196.20420455932617,21.094461664621253,22.00457601240586,-1055.2404735271973,364.2559814453125,193.7847375869751,12.29691655030221,12.827463400175612,-2594.973485242073,394.65381622314453,137.348370552063,23.772970607252113,24.798648436016478,358.309471862472,349.00299072265625,171.6548252105713,13.976059772128577,14.579052762722057,-398.49055121047775,357.2298049926758,179.09720420837402,15.300379370991207,15.96050974139271,-214.27852796699952,372.7103805541992,170.0582456588745,30.648859882202668,31.971195932561105,17.00898333601968,377.6765823364258,125.60302734375,5.689444193106271,5.934913590400739,-376.21953457607856,335.52337646484375,156.63621425628662,40.77265698318465,42.531781283565934,359.6656781538891,346.37584686279297,165.95904350280762,39.4577027658268,41.16009375303212,611.5367106554185,361.7376708984375,157.17799186706543,34.186310205843625,35.66126851057893,539.3835672634588,361.84017181396484,120.4286241531372,14.588057209074403,15.217454649187728,-416.17161922899083,335.1516342163086,145.6543779373169,25.71084083735934,26.82012750756303,-268.37204372283344,342.59674072265625,152.9597568511963,40.05770220299642,41.78597998954805,272.2865483103421,356.0359573364258,146.27697944641113,42.79754962548743,44.6440373237019,46.45178533254981,109.7862037371645,122.07610581330282,100.64038347013708,84.89191011732066,80.88450027135718,130.12024854983667,176.52843488574425,151.53201552977342,256.13985412731034,98.05654355013134,89.50953013327575,72.44368462605854,95.66860551840885,77.52386433571256,60.930884153561465,64.98285942867123,77.84761455188284,60.449224288227924,61.695872952538195,58.351863801290655,75.53716887247623
52,2.08,408.34232330322266,146.36791706085205,15.306225741998434,15.966608352358497,-565.1116251683076,411.23931884765625,173.3920383453369,40.61059376638438,42.362725896915435,-176.66569797695786,394.95113372802734,200.22655963897705,48.21756705612315,50.29789981316353,-10.341601593997396,368.8034439086914,213.4702491760254,70.46226289425148,73.50233651438009,946.9343485545439,345.08182525634766,209.8238182067871,97.20836791399884,101.40239437316346,2421.554524062809,412.4974060058594,158.6564540863037,11.860002242743132,12.37169855324824,-740.3508034758603,367.09388732910156,189.44579601287842,40.251220193221286,41.987847256576394,-77.14982573950007,361.44588470458984,198.18523406982422,50.198068697859114,52.363849616062,758.9818400914035,363.1175994873047,196.2408685684204,67.6779731538132,70.597919411535,1444.2614002839848,394.28932189941406,137.64214038848877,11.703547240723697,12.208493346156763,-314.7538772464929,349.6748733520508,175.0964641571045,87.66521868013093,91.4475087708174,1921.7114002023834,358.9365768432617,182.58015632629395,96.96657157777176,101.1501658050861,2129.7414015923346,374.6934127807617,173.86113166809082,107.22161282443994,111.84765779186343,1996.9115464825582,376.8488311767578,126.49234771728516,30.373330294811858,31.68377870211448,643.7216277928435,336.82518005371094,160.56647300720215,103.50611827669769,107.97185932403171,1636.0019510116445,348.5523223876953,168.97048473358154,92.89047312865334,96.89820528655318,1393.4527883380265,364.0613555908203,159.54574584960938,82.9373614221409,86.51566950118915,1271.3600247652555,360.91270446777344,121.70293807983398,39.402344965311784,41.10234755648636,647.1223226824657,335.4479217529297,149.58755493164062,98.60802316823177,102.86243734191038,1901.0577458586838,344.31434631347656,156.11287593841553,89.76472352699123,93.63759613714419,1296.2904036899033,357.85587310791016,148.4139633178711,70.17297148020015,73.20056370730697,713.9131595901267,110.42486807125884,123.77061484917944,102.65229946266362,87.83200357789586,84.94059604628372,130.6151164919666,178.2079487760073,153.6265695144159,258.9637709037718,98.54488328397761,93.16743048410845,76.48969125826198,100.14251183008341,78.79121548379715,65.24975852652274,68.85878764013336,81.30824133193042,62.09331819048738,65.8103704462146,62.09736764677642,78.46519142076849
53,2.12,400.7248306274414,147.92276859283447,194.3639594164918,202.7497353120603,4669.578173992545,407.62306213378906,175.71335792541504,107.4297363787245,112.06476077571949,1742.5508719701015,398.9421081542969,205.74461460113525,170.25129852026126,177.59674074939966,3182.4710234059035,377.8439712524414,221.02542400360107,294.54605044067887,307.2541532048726,5843.795417262312,354.84546661376953,220.0931167602539,354.2484874143732,369.53243427221327,6703.250997476245,416.7673873901367,166.2196969985962,217.13386477645753,226.5020415455481,5353.258574807496,376.4848327636719,196.2476634979248,289.8871088881069,302.39420298851485,6510.158893298461,363.2822799682617,208.96079063415527,273.2729482993315,285.06322932488376,5817.484492720544,355.6882095336914,212.03816413879395,436.4275300813078,455.25706757841124,9616.478704171905,398.51940155029297,144.07610893249512,192.49922902125311,200.80455167205815,4714.901458147535,353.45638275146484,180.12768745422363,157.34719016265294,164.13588842987627,1817.209491476472,359.60086822509766,188.0057716369629,136.65326683651486,142.54913186482887,1034.974151493569,373.389892578125,182.07422733306885,207.89736849098603,216.86703934291612,2625.484538776317,380.4127883911133,130.98544120788574,143.37381242104883,149.55963341309726,2946.8963677745696,338.16219329833984,165.38937091827393,125.1198142704964,130.518071878118,563.6553138521574,348.79371643066406,174.20441150665283,130.9872621427682,136.63866906409754,993.5115944386091,363.6554718017578,166.71250820159912,179.45616501690833,187.198748505266,2517.076975101921,363.5075378417969,124.69229221343994,98.96147727478632,103.23114112199407,1553.2198391376928,336.7976379394531,154.09189224243164,117.55527527919423,122.62716307563896,494.11814334321457,344.11853790283203,160.7475757598877,115.97085670771257,120.97438523063197,683.4197273371946,356.8943405151367,154.09449577331543,144.03340303624466,150.2476818714985,1926.177954104788,118.53485748374125,128.25320528020822,109.7561690926396,100.12216970609077,99.72189341717225,139.67519815378853,190.30371689554786,165.02909868741125,277.1740536069082,106.57706535085994,99.7328660213035,82.19165653285513,108.81719340380005,84.77360082032102,70.47048140164746,74.32433440269725,88.79619127214106,66.22256383536714,70.71545696924017,66.9363430560017,84.47509869562845
54,2.16,397.2222900390625,152.53116130828857,144.70891902603154,150.9523428000962,-1294.9348127991022,406.9525146484375,179.28081035614014,90.74810871168924,94.66340918656906,-435.0337897287609,406.19007110595703,210.376238822937,215.03620317376058,224.31387694961228,1167.9284050053157,393.0051040649414,229.8273754119873,438.27381335320536,457.1830081993582,3748.2213748621407,375.84049224853516,234.81037616729736,640.9898721209812,668.6451917341068,7477.818936547338,419.1328430175781,174.68564987182617,219.75517396802226,229.23644635164678,68.36012015246666,378.5494613647461,206.89590454101562,271.1638441193552,282.86312846503535,-488.2768630869876,362.7928161621094,224.86727714538574,397.85038641231864,415.01552438560867,3248.8073765181225,359.37366485595703,234.21910285949707,562.1257774422038,586.3785288725833,3278.036532354301,402.13714599609375,154.16969776153564,268.0585410932355,279.62384805266026,1970.4824095150527,355.7251739501953,194.148530960083,355.080506821372,370.4003509119542,5156.611562051949,354.39624786376953,207.99882888793945,516.4847597862749,538.7683429261064,9905.480276531938,366.19518280029297,209.2084550857544,701.7968743348403,732.0756941842112,12880.216371032378,384.056396484375,141.28282070159912,273.0749718195892,284.8567112081183,3382.4269448755267,341.0981750488281,179.19469356536865,352.85170595236144,368.07538908460816,5938.932930162254,346.64478302001953,190.6776523590088,415.3203424640382,433.2392165558708,7415.013687294332,362.35107421875,188.53238582611084,546.4707863893685,570.0481078325716,9571.233983182641,367.5907516479492,134.64102745056152,268.8516875122529,280.4512145407801,4430.50183546965,336.9123077392578,161.62126064300537,188.25603853951384,196.37828998427378,1843.7781727158704,341.3644790649414,171.6593313217163,281.3485933007098,293.48729565600354,4312.822760634289,355.5326843261719,171.01233959197998,424.3138188959268,442.6207138847729,7309.32580033186,124.5729511957451,132.03974164767098,118.72872417062408,118.40949003406509,126.46770108653652,148.8446560078544,201.6182420341493,181.62971966283558,300.6291947618115,117.76201927296636,114.54888005778166,103.7423902498994,138.1002211711685,96.16786926864576,85.19349696503178,91.6539030649321,111.59811558544392,77.44061241699835,78.57058856861111,78.67583488224183,102.17992725101936
55,2.2,408.28113555908203,170.38709163665771,525.0787513121418,547.7331196901454,9919.51942225123,418.04737091064453,192.57632732391357,432.9164230248331,451.5944748400779,8923.276641337721,414.967041015625,218.38133811950684,296.98149725946695,309.7946766607555,2137.0199927785807,400.8147430419922,240.86219787597656,337.96982831647927,352.5514372126668,-2615.789274667284,390.38909912109375,254.5507049560547,613.0571662886038,639.5073375194348,-728.446355366799,419.5893096923828,185.75876712799072,277.06304290943467,289.01684645283814,1494.510002529784,386.9895935058594,215.15639305114746,295.24513224763075,307.9833966908896,628.0067056463565,378.69083404541016,233.26241970062256,449.46175528381974,468.85365059586366,1345.9531552563747,373.65272521972656,244.00348663330078,432.7425119985089,451.4130604736443,-3374.1367099734744,401.0232925415039,164.3847942352295,256.89110714120466,267.974598445446,-291.2312401803561,363.07727813720703,202.77700424194336,283.3989978286501,295.62616428458364,-1869.354665684264,359.9171447753906,221.81516647338867,371.9639490124043,388.012224253416,-3768.9029668172593,360.9847640991211,232.7549171447754,602.9014940987648,628.913501838234,-2579.054808649431,382.8358459472656,152.03940868377686,270.6403617256308,282.3170605773118,-63.49126577016335,348.9310073852539,191.00958824157715,354.38767492364315,369.67762698565633,40.05594752620425,351.0719680786133,209.96804237365723,494.7973792752721,516.1452667579808,2072.6512550527505,355.9283447265625,220.63387870788574,818.4426138131417,853.7540798041867,7092.649299290378,366.55879974365234,147.0175552368164,310.4868805367639,323.88274572963223,1085.7882797213038,339.9278259277344,178.51292610168457,428.9680290483261,447.47572856608843,6277.435964545366,343.75125885009766,195.07850646972656,588.5121506583422,613.9033344048344,8010.400968720771,349.8215103149414,203.81049156188965,832.2921216540515,868.2011205898176,10639.510167626118,146.48227598335092,150.1035206412741,131.1205112370543,132.51154752257176,152.04799458731392,160.40532986596793,213.9375779017849,200.38386568667013,318.6857171807573,128.4810032107842,126.373926629165,119.26287922003604,163.25676124469786,107.46055169173822,99.98060204445805,112.29971373525132,145.7482787776114,90.39592224618363,96.46961771125466,103.2319682584352,136.90797207461208
56,2.24,389.229736328125,169.59617614746094,476.69523805071304,497.26211397142845,-1261.775142967923,402.35076904296875,198.11305046081543,416.1119240113073,434.06495065631077,-438.2381045941784,413.73218536376953,226.98730945587158,217.3528397606801,226.7304641410971,-2076.6053129914603,415.3401184082031,247.98065185546875,404.39686307780914,421.84444686248924,1732.3252412455602,414.0496063232422,264.7147464752197,643.7814754762621,671.5572379955571,801.2475119030569,430.5571746826172,202.35960960388184,497.4196124459204,518.8806354079691,5746.594723878273,396.8769073486328,234.7099256515503,547.7793877217564,571.4131683847809,6585.744292347282,378.13804626464844,250.77052116394043,437.9206486199817,456.81460627753273,-300.9761079582731,368.51558685302734,260.99979400634766,443.8923397892364,463.0439443069011,290.7720958314201,413.4954833984375,184.7730016708374,597.5128383605847,623.2923541322301,8882.943892169602,378.43250274658203,223.1299638748169,637.3901320138119,664.8901418981604,9231.59944033942,366.13433837890625,242.7205753326416,545.2577463205627,568.7827315065714,4519.262681328885,364.1640090942383,254.98964309692383,561.5217253734049,585.7484151548376,-1079.1271670849085,393.1744384765625,171.86325073242188,558.9449934119522,583.0605108503406,7518.586256825721,361.9017028808594,211.18030071258545,599.5292857879264,625.395800591088,6392.954340135791,356.3383102416992,230.18270015716553,522.2348304899874,544.7664987400922,715.5307995527835,357.88185119628906,239.767427444458,480.8253807140187,501.5704504258834,-8804.590734457584,372.1738815307617,162.29596138000488,406.9389064651987,424.49616596459185,2515.3355058739903,351.0726547241211,195.2566909790039,502.84246487327124,524.5374552092456,1926.5431660789304,349.9030303955078,212.90940284729004,471.55670309513437,491.90187843566815,-3050.0363992291554,354.17774200439453,222.3449993133545,475.988925896198,496.5253281866279,-9291.894810079742,166.37276054220806,167.46611866752653,140.1897298026982,149.38532539707134,178.91028410713622,181.1605552822867,236.79410463717613,218.65644993777147,337.2074749530334,153.41269737607342,152.9695323050914,142.0141884802989,186.68669785089136,130.78297212575183,124.99643406810156,134.090373684855,165.81109679464672,107.37576888476731,117.45111591962448,122.90804339586194,156.76898520207718
57,2.28,403.62232208251953,181.6146183013916,468.7679839916664,488.9928408662275,-206.73182763002416,421.8168640136719,206.3917636871338,528.8347722186321,551.6511930145607,2939.656058956248,430.89088439941406,235.94083786010742,483.8560113048138,504.7318366826618,6950.034313539118,435.23624420166016,260.0705623626709,582.0340183685696,607.1457050016721,4632.5314534795725,439.36222076416016,280.5234146118164,746.0908281199817,778.2806975851661,2668.0864897402244,439.1234588623047,217.54151344299316,435.797708824854,454.6000728689842,-1607.014063474621,410.8475875854492,251.03748321533203,537.2203006437272,560.398512598623,-275.36639465394614,397.14908599853516,267.4142360687256,631.6807330424065,658.9344125864166,5052.995157722095,390.3910446166992,276.71061515808105,673.3152835187733,702.3652735045736,5983.033229941811,419.6558380126953,200.91670989990234,431.97893782465445,450.61654211651216,-4316.895300392949,393.1239700317383,241.54006004333496,588.8393519908996,614.2446527427038,-1266.1372288864159,384.81224060058594,261.70846939086914,665.8660489210179,694.5946438698071,3145.297809080893,381.55391693115234,274.7963047027588,658.9350966447786,687.364657694969,2540.4060635032833,399.34017181396484,189.81875896453857,474.61599179070885,495.0931592427326,-2199.1837901902004,377.8887939453125,228.88980388641357,596.4549350993258,622.1888079457357,-80.17481613380824,374.03411865234375,249.9034595489502,662.4056471938574,690.9849441273163,3655.461134680604,372.41920471191406,264.1537284851074,709.7650692673919,740.3876745448699,5970.430602974663,380.5696105957031,184.1645622253418,585.6214484761958,610.8879137267637,4659.793694054297,366.5306854248047,213.26738834381104,593.3674729404341,618.9681381395609,2360.767073257881,365.75862884521484,233.12448978424072,642.2858310688213,669.9970644498031,4452.379650353375,365.4890441894531,247.86643981933594,697.8939221964815,728.0043503231192,5786.975553412281,185.93247417685714,189.53216638810898,160.37900327000466,173.67115359713821,210.04151201054287,199.34455819704607,259.21004514112104,245.01382644122813,365.3020858932164,171.4373590607339,177.53931841479957,169.7979742350912,214.18128415869012,150.58669849546115,149.883986385931,161.72977144994766,195.4266037764415,131.81128543383787,142.2098414452069,149.70792597385406,185.88915921500197
58,2.32,407.7198028564453,171.3788938522339,275.63495298557524,287.5271420090021,-5036.642471430635,426.56970977783203,197.4697208404541,252.72563113963545,263.6294042062345,-7200.544720208156,434.5107650756836,233.02927494049072,116.1376735423213,121.14839932853391,-9589.585933853197,435.6132125854492,262.22479820251465,54.67424677146822,57.03315107688051,-13752.813848119791,439.0938186645508,285.35571098327637,120.99361529823543,126.21384926409863,-16301.671208026688,437.79590606689453,217.04917430877686,35.397689257935546,36.924912155787425,-10441.87901782992,409.9153518676758,254.54649925231934,90.76844503090904,94.6846229103037,-11642.847242207983,401.1869430541992,264.48720932006836,124.67902587577369,130.05826579767512,-13221.903669718535,402.66429901123047,267.68056869506836,380.9318447546168,397.3670372213054,-7624.955907081704,417.47840881347656,201.1124610900879,54.65526304751827,57.01334830574101,-9840.079845269278,392.1417236328125,244.21445846557617,71.22681600479267,74.2998760441345,-13498.619417464231,386.67781829833984,258.83042335510254,85.7450039738053,89.44444696543613,-15128.754922609274,387.57205963134766,265.4999256134033,276.8581605860207,288.8031245418058,-9964.03832882908,396.7546844482422,189.68782424926758,64.72001631052106,67.51234238973302,-10689.520421324989,376.8376922607422,232.37836360931396,91.08671586580765,95.01662544681804,-13179.304562472942,373.02417755126953,246.00743293762207,100.61996690461068,104.96118579938272,-14650.59395819834,374.2784881591797,252.440185546875,296.5046617499152,309.29726822331037,-10777.26015803899,378.3568572998047,182.8103542327881,64.85636261966587,67.65457132030677,-13580.833560161424,363.79955291748047,216.84003353118896,112.42463700035282,117.27516491641255,-12542.324330578707,362.74497985839844,229.35778141021729,120.59791714276682,125.80107882802815,-13604.899640544374,365.32047271728516,234.5685338973999,332.4743582686964,346.81886672507056,-9529.637089951215,197.43355985721723,200.07734255635833,165.224939243146,175.95247964021343,215.09006598110682,200.82155468327758,262.9974300575332,250.21615707313512,381.1967673820686,173.71789299296353,180.51131345656492,173.37575211370867,225.73340914036234,153.28719219105048,153.68465140380374,165.92821888192296,207.79849450537392,134.51746828665011,146.9008480418634,154.73996912697518,199.7619138840048
59,2.36,426.7069625854492,186.7287540435791,610.3945662789317,636.729860415019,8730.067960150422,440.73917388916016,213.13899993896484,528.1453520748581,550.9320280413392,7182.565595877618,448.0732727050781,248.33124160766602,511.18232870029397,533.237140009575,10302.218517026027,450.5928421020508,275.98588943481445,508.52540027411567,530.4655791874557,11835.810702764378,457.3674011230469,299.3123531341553,574.8432808139678,599.6447251890007,11835.771898122553,452.35050201416016,240.44177055358887,688.7714707456286,718.4883133859718,17039.08503075461,422.87097930908203,283.79136085510254,799.6523512464894,834.1531168825104,18486.71234930517,417.4541473388672,276.0468292236328,498.90301384262267,520.4280377218848,9759.244298105243,422.5300598144531,263.59886169433594,507.0187276685927,528.8939016352552,3288.171610348746,435.5552291870117,226.18464946746826,772.7330008029548,806.0723389770562,18726.47476678288,406.4088821411133,275.21716117858887,853.1996349816174,890.0106824341194,20392.770159749623,405.34854888916016,267.44078636169434,514.0127259491478,536.189653915733,11168.630173757421,412.0490264892578,253.31405639648438,683.5647898768837,713.0569918016532,10606.346681496185,416.5206527709961,214.65939044952393,796.1911760963475,830.542610347931,19075.75669895495,393.01700592041016,260.85622787475586,818.8249750476483,854.1529379017607,18978.407811373567,393.9315414428711,250.60089111328125,535.1505179079147,558.2394296950883,11331.95609739264,400.1087188720703,236.699538230896,756.2112785984464,788.8377919246088,11988.513092532461,397.0553970336914,206.6916847229004,758.2683125705356,790.9835760227569,18083.22511756125,381.21150970458984,242.12834358215332,767.575266826432,800.6920760842366,17085.422779195604,383.1451416015625,234.43559646606445,525.5656505665127,548.2410260697217,10560.998681042338,389.40181732177734,221.81150436401367,681.291494367496,710.6856156257504,9096.668722516997,222.902754273818,222.11462367801192,186.554424843529,197.17110280771166,239.07585498866683,229.56108721871647,296.3635547328336,271.0332785820105,402.3525234474788,205.9607865520458,216.1117407539297,194.82333827033798,254.2556888124285,186.5088966049677,187.85076891987418,188.25779606972645,239.35200618235828,166.15681132756038,178.92853108523286,176.66961016976404,228.1893385090348
60,2.4,432.7220916748047,207.06899642944336,530.2754227034518,553.1539999410675,-2089.3965118487868,447.84297943115234,237.55146503448486,635.6259243938323,663.0498180590072,2802.9447504416994,454.4877624511719,272.06677436828613,614.6753178168601,641.1953037197208,2698.9540927536436,454.80934143066406,299.97974395751953,609.038135836404,635.3149071797723,2621.2331998079153,454.16500091552734,321.91246032714844,570.6466793383968,595.2670625763608,-109.44156531599845,463.5514831542969,276.9789791107178,955.3891836736066,996.6091691657173,6953.021394493638,439.70630645751953,307.9258918762207,735.6560965407987,767.3957625792978,-1668.9338575803163,434.8625946044922,297.76416778564453,695.8344048771086,725.8559757343987,5135.698450312847,438.9533233642578,286.459436416626,703.7086854035151,734.0699897794656,5129.402203605258,446.6387176513672,269.59261894226074,1120.0154938839064,1168.3382331379923,9056.647354023404,422.7849578857422,300.7779121398926,758.9169283012847,791.660176088548,-2458.7626586392844,420.3410339355469,290.1152801513672,679.5712234950258,708.8911241721626,4317.53675641074,426.2883758544922,279.1397953033447,737.2787212235788,769.0883949270444,1400.7850781347797,426.8941879272461,262.1218013763428,1214.5705729351855,1266.9728632803906,10910.756323311489,406.9754409790039,290.3158378601074,814.9794973548431,850.1415482042811,-100.28474243698895,406.4654541015625,280.0704574584961,800.6069209944432,835.148871261643,6922.736039163866,412.24365234375,270.26784896850586,892.3592662637432,930.8598444969047,3550.5513143073954,406.5990447998047,254.8422145843506,1227.1803908304512,1280.1267280620805,12228.57880098309,394.0095520019531,279.82458114624023,995.2374757856717,1038.176704127517,5937.11570108201,395.1564025878906,270.0187397003174,938.892456871076,979.4006959345188,10778.991746619928,399.8781204223633,260.311918258667,997.5077683641621,1040.544947811952,8246.483304655038,245.02891427146068,248.63661640037222,212.20223699231784,222.58369909490256,262.88653749172124,269.42545398534514,327.05938523600554,300.06751761138645,431.71532303865746,252.6943158775655,247.7781477974716,223.1789832372245,285.0192246095103,237.18781113618334,221.85643084804542,221.66375092019217,276.58639996223445,217.3618804500436,220.45559925033353,215.8456380071448,269.81113642151286
61,2.44,436.6481399536133,223.31265449523926,417.78454558392906,435.8097369950147,-2933.606573651319,448.2333755493164,253.45290184020996,397.65570976627066,414.8124484728923,-6205.934239652872,448.9887237548828,286.6590213775635,389.85021110922213,406.67018387071863,-5863.127996225053,442.1158981323242,313.75865936279297,468.36284846383415,488.57022588513684,-3668.6170323658857,437.37537384033203,333.614501953125,511.633020056991,533.7072763123756,-1538.9946565996297,461.97879791259766,295.58034896850586,466.6933545271494,486.82870212330306,-12744.511676060356,436.91905975341797,323.032922744751,384.0500666028548,400.6197938345816,-9169.399218617904,432.76763916015625,311.8893814086914,356.99308310041334,372.3954447323513,-8836.513275051186,438.27003479003906,301.0194683074951,364.4014029360208,380.123394349584,-8848.664885747039,446.06212615966797,286.8536567687988,431.76663589655016,450.39508048412614,-17948.578816346657,420.33435821533203,314.0141201019287,336.5288248787939,351.04826210524675,-11015.297849582532,418.6266326904297,302.9121494293213,322.77995111444045,336.7061972238237,-9304.62317370847,424.93507385253906,292.37234115600586,332.53918570905824,346.88649112629076,-10555.047595018841,427.73582458496094,277.7275085449219,390.7096496241251,407.5667026077144,-21485.154016816905,405.3950881958008,303.3827018737793,329.0520951072669,343.24895102551847,-12672.314929469067,405.86719512939453,292.8410339355469,319.6145504294804,333.4042262567834,-12543.616125121489,412.0901107788086,283.2960319519043,325.72719304376983,339.7805970398496,-14776.981186426377,408.9948272705078,268.56027603149414,348.14237704793163,363.16287756890813,-22924.09626232931,394.0201950073242,290.58382987976074,268.98134993820435,280.58647121398485,-18939.755822838306,395.52501678466797,281.1872863769531,279.3657003980816,291.4188514219645,-17199.546112813856,400.25768280029297,273.3109760284424,325.1149513063587,339.1419403126469,-17535.075187482624,262.46130375126126,265.2291143392879,228.4690443471466,242.12650813030803,284.23482854421627,288.89860207027726,343.0841769893888,314.9633354006805,446.92025881264084,270.71011909693055,261.8200782816815,236.64723112617742,298.8946842545619,253.4904792404919,235.58638888906614,234.99991997046354,290.1776238438284,231.88839555279992,231.67905809889294,227.50239206402338,283.3768140340187
62,2.48,441.07261657714844,232.45084762573242,253.82396345991634,264.77512375161814,-4275.865331084914,450.8052444458008,262.4216651916504,233.25579531230935,243.31954803531366,-4287.322510939466,447.3227310180664,293.0965805053711,166.24097592640967,173.41339396607418,-5831.419747616112,435.08495330810547,314.67576026916504,177.26262154229826,184.9105652422379,-7591.491516072473,423.62640380859375,327.5965118408203,375.2085935894812,391.39685806700476,-3557.760456134271,454.08164978027344,304.87956047058105,305.0002901476074,318.15943801092357,-4216.731602809487,427.9621124267578,330.4526996612549,290.77482149342035,303.3202156932406,-2432.489453533526,425.3430938720703,319.3941879272461,263.91996137060664,275.3067105244377,-2427.21835519784,432.0479965209961,308.3078384399414,239.57527445587218,249.91167924890908,-3255.2928775168725,438.38951110839844,296.5469169616699,309.0593742427043,322.3936500961321,-3200.035759699851,413.25069427490234,318.4013557434082,208.3058619476595,217.29315712970077,-3343.8776243886496,413.64105224609375,307.6128101348877,171.30423125940473,178.69510196206298,-3950.2773815440187,420.87005615234375,297.8225898742676,169.98084449764974,177.31461806748277,-4239.296826470199,421.2285614013672,287.4821376800537,293.1480680736673,305.7958552995744,-2544.2711827035,400.054931640625,307.7940273284912,173.1636947753053,180.6347914847661,-4065.353988518809,401.8304443359375,297.81538009643555,160.15515269736062,167.06499968274088,-4158.480664351063,408.7016296386719,288.75163078308105,160.5563823159162,167.48354023524726,-4307.426420115059,404.91161346435547,277.63904571533203,248.86830598597606,259.6056558926845,-2588.93054190559,390.72765350341797,295.65948486328125,151.25124600040863,157.77693654866007,-3070.2383666331193,393.4383773803711,285.87098121643066,128.18702487213983,133.7176163795601,-3942.5308760601106,398.94588470458984,277.4938774108887,109.59436065316449,114.322777128187,-5620.479079611498,273.05230870132596,274.9618962607004,235.40558010578957,249.52293073999755,299.89070286689645,301.6249795907142,355.2169856171184,325.975603821658,456.9167259825972,283.6058651007758,270.5118045668695,243.79503520465994,305.98726897726124,265.7223134524749,242.8117805484568,241.68251995777314,296.8769654532383,242.2726217885073,237.99013556083935,232.85109671920577,287.9497251191462
63,2.52,441.62315368652344,235.67142963409424,81.6824628568719,85.20662870620015,-4489.21237613545,449.59476470947266,268.93993377685547,165.7428100645176,172.89373488450707,-1760.6453287701647,444.5320510864258,297.2010326385498,124.08268864555853,129.43619977295617,-1099.4298548279503,430.78662872314453,312.80442237854004,117.20041525781926,122.25699272295319,-1566.3393129821181,417.5538635253906,317.78377532958984,288.49343940759746,300.9404040479391,-2261.411350476641,446.7829895019531,311.44603729248047,245.44482540745406,256.0344702509373,-1553.1241939996562,420.68016052246094,330.2075958251953,182.15189305038803,190.01078293233857,-2832.7358190225505,418.1654739379883,320.25607109069824,180.72954674314815,188.52706991177277,-2169.4910153166225,425.2641296386719,310.46828269958496,177.98941203784094,185.66871290007006,-1606.0741587209754,430.0878143310547,303.3922576904297,268.99913925951614,280.6050280503354,-1044.7155511449168,407.1913528442383,319.8966693878174,156.0280052356753,162.75978765699975,-1363.3342368175256,407.5564193725586,310.50012588500977,168.37337498586226,175.63779475612628,-76.43268014841738,415.29720306396484,301.2897777557373,164.0847405878759,171.1641284876866,-153.76223949490395,412.9855728149414,293.8120651245117,259.82547301992975,271.0355666774493,-869.0072155531268,395.62076568603516,310.16429901123047,125.69808959079106,131.12129671712225,-1237.8373691910965,397.53002166748047,301.70348167419434,144.93741969887702,151.19070206730365,-396.8574403859307,404.4188690185547,293.5345458984375,160.50372957102064,167.42861580315048,-1.3731108024195748,398.10245513916016,282.86848068237305,214.6386893888307,223.89921254928112,-892.6610835850852,389.0856170654297,297.40894317626953,59.98378975067475,62.5717727271801,-2380.129095536999,392.0856475830078,289.87011909484863,105.54318332817579,110.09681294835877,-590.5200857800331,396.76708221435547,282.5376605987549,137.35658233602547,143.28279170482563,724.0003644159657,276.46057384957396,281.87764565608074,240.58302809670784,254.41321044891566,311.92831902881403,311.8663584007517,362.81741693441194,333.516686618129,464.34347449859996,294.8300662227892,277.0221960731495,250.820546994905,312.8338341167687,276.56373611957287,248.0566324171417,247.73014804046528,303.5741100853644,251.22859029047856,240.49300646992654,237.25496923714013,293.6810367873392
64,2.56,441.06201171875,237.51049518585205,48.06923659979239,50.14316968289624,-876.5864755825977,448.7096405029297,270.77796936035156,51.001345982276206,53.201784062791205,-2992.298770542897,442.71339416503906,297.1011543273926,45.534936276634326,47.499527717255326,-2048.4168013925214,426.3496398925781,309.4995975494385,138.31290845763732,144.28037823584154,550.5846378222088,411.1483383178711,311.66833877563477,221.40082067036545,230.95309399722328,-1749.6827512678963,445.98655700683594,313.4065818786621,52.90344857429387,55.185952312016745,-5021.212948473014,420.5093765258789,331.13719940185547,23.629033825305445,24.648501543923064,-4134.057034710388,417.0001983642578,320.35566329956055,29.238093418506985,30.499562364485307,-3950.6876886821865,423.9439010620117,310.87443351745605,34.53224925239685,36.02213299560661,-3741.1644976115867,430.25672912597656,306.6452407836914,81.43414215253206,84.94759427806567,-4891.435844306744,407.44213104248047,321.0472869873047,29.440730342540817,30.710941999041278,-3301.221141448962,406.8577194213867,310.9577178955078,20.880195009853615,21.78106488580214,-3846.418246758103,415.30818939208984,302.31459617614746,25.62193267273224,26.72738342630773,-3610.918626534472,413.3404541015625,297.20935821533203,85.39445632083384,89.078775037021,-4548.919791010708,396.07837677001953,311.39888763427734,32.91672231121795,34.33690461943611,-2419.6098024421535,397.87410736083984,302.3906135559082,19.21173448771352,20.040619124879747,-3278.752073560597,405.45440673828125,294.70476150512695,39.065193388072885,40.75064967355348,-3166.9491532399247,398.20472717285156,286.24972343444824,84.56972758224578,88.21846361943629,-3392.0187232461203,388.2933807373047,301.4147186279297,102.08414228200465,106.48853259303873,1097.9189966464658,392.0552062988281,293.84422302246094,99.35551286681975,103.6421772638187,-161.36589211350199,397.4394989013672,286.6116142272949,103.22682054723704,107.6805113761333,-890.0570082173083,278.4663006368898,284.0057170185924,242.48300920539805,260.1844255783493,321.16644278870297,314.07379649323235,363.8033569961689,334.73666911270834,465.7843598184242,298.2279699939118,278.2506337531111,251.69178959033707,313.902929453821,280.1268871210537,249.43010860191913,248.53177280546046,305.2041360723065,254.757328835256,244.7525477736481,241.4006563276929,297.9882572423845
65,2.6,439.0400695800781,239.06736373901367,63.79699103386732,66.54949345884215,410.1580943986477,447.6153564453125,271.84035301208496,38.129029477432994,39.77409524617524,-335.69222041539905,441.94812774658203,298.130407333374,32.064334173072005,33.44774044563009,-351.29468179063093,425.79029083251953,310.91649055480957,38.08261709476158,39.72568041489643,-2613.867445523628,410.88069915771484,313.5124111175537,46.58482533427306,48.59471392967007,-4558.959501688831,444.8996353149414,313.9496326446533,30.375801416943215,31.686356440083806,-587.4898967983235,420.02662658691406,331.7186450958252,18.893229584405645,19.708372421143448,-123.5032280694904,416.6593551635742,321.1405277252197,21.391970662458125,22.31492094850137,-204.61603539959842,423.5546112060547,311.32678985595703,14.920054644107713,15.563776015964613,-511.45892449104997,428.9197540283203,307.4327087402344,38.7911732415934,40.4648070084026,-1112.0696817415767,406.83143615722656,321.5706253051758,20.1064547755725,20.97394185655459,-243.42500356216723,406.0914993286133,311.7051029205322,26.759082642633686,27.913595397394342,153.313262789805,414.1365051269531,303.14701080322266,35.93186371921262,37.48213341717525,268.868749771688,411.6328430175781,298.34446907043457,51.26165884165956,53.47332804397346,-890.1361748261886,394.54113006591797,312.68425941467285,50.09558390659446,52.256943148603725,448.00096322919035,396.04381561279297,303.64322662353516,55.44708840506354,57.83933673557981,944.9679402675017,403.26526641845703,295.8043956756592,61.245054131344865,63.887453988804445,578.420107881274,395.9284973144531,287.858190536499,69.67957370458456,72.68587842969715,-388.31462974347846,385.36415100097656,303.93467903137207,96.600295299453,100.76808664440651,-143.01114871580546,388.78116607666016,296.2401294708252,101.42641139542721,105.80242410070048,54.00617092204456,394.0582275390625,288.6093235015869,98.18298722963043,102.41906335267777,-131.53620058638822,281.1282803752435,285.59668082843945,243.82091882322325,261.7734527949452,323.1102313458898,315.34125075083574,364.5916918930146,335.6292659506484,466.40691085906275,299.8465622742479,279.08959142737336,252.80833340623286,315.402214790508,282.26582024281265,251.52038632786326,250.84534627488367,307.7596342318587,257.6647639724439,248.78327123942435,245.63275329172092,302.08501977649166
66,2.64,437.54459381103516,241.54446601867676,72.33811011366483,75.45911661066808,222.74057879564816,446.9960021972656,274.070405960083,57.86155802564692,60.35797793820781,514.5970673008142,442.2093200683594,300.036678314209,48.102043104535355,50.17739161464284,418.24127922531886,427.7715301513672,313.15667152404785,74.76513230395774,77.9908519599359,956.6292886259866,413.53153228759766,315.2633857727051,79.42303084380956,82.84971416309625,856.3750058356545,442.51659393310547,314.60094451904297,61.76109913035618,64.42576359760623,818.4851789380607,418.568115234375,332.4361324310303,40.63590962487035,42.38913400067417,567.019039488268,415.74161529541016,322.4626922607422,40.23653132269167,41.97252463904559,491.44009226360544,422.73998260498047,312.3663139343262,33.017325633647914,34.44184844263987,471.9518106668815,425.81878662109375,307.1788501739502,77.78352586006439,81.13947321876132,1016.8666552589681,405.04199981689453,321.79235458374023,45.07803157493685,47.02290999651065,651.2242034989015,404.83707427978516,312.23121643066406,34.00714657126026,35.47437491364677,189.0194879063107,412.39879608154297,303.6690902709961,45.361049488870904,47.318138635148024,245.9001304493194,408.50616455078125,297.2390556335449,82.90829686009809,86.48535095716058,825.3005728296779,392.4363327026367,312.9093074798584,52.91986023767129,55.203072051786364,73.65322257956599,393.7277603149414,303.9456367492676,58.392872140205334,60.912215444058596,76.82196771196956,400.3535461425781,295.69759368896484,72.84195918788065,75.98470410508408,302.4312529069908,393.5105514526367,285.6695365905762,81.53476361987701,85.05255702904144,309.16696498360704,383.42445373535156,301.81666374206543,71.80013165033976,74.8979272246821,-646.75398549311,386.165771484375,294.1633129119873,83.49197525966828,87.09421198970743,-467.7053027748261,391.0259246826172,286.4151191711426,93.57281007638876,97.6099814613251,-120.22704728381655,284.1466450396702,288.01099994596774,245.82801448780899,264.8930868733426,326.42421991241366,317.91828129474,366.2872572530416,337.3081669362102,467.7845847967684,303.09214120299833,280.9705078272338,254.22730840277873,317.29494033591396,285.72523428109906,253.7285092099347,253.281834892646,310.79902239606207,261.06686625360555,251.77918832841166,249.1165217713092,305.98941903494466
67,2.68,435.3607177734375,243.37629318237305,71.26054880353168,74.33506423455934,-28.1013094027184,445.31856536865234,275.71964263916016,58.80994780648086,61.347285717355824,24.732694478700346,440.64281463623047,300.7836055755615,43.38663102443666,45.2585344664478,-122.97142870487612,427.3878479003906,315.02909660339355,47.783285175605634,49.844880968568624,-703.6492747841818,413.8301086425781,319.8859691619873,115.80539989196687,120.80178982920708,948.8018916527708,439.78660583496094,314.5814609527588,68.25144057713153,71.19612891826115,169.25913301637294,416.70581817626953,331.89170837402344,48.50610713144832,50.598888865221994,205.24387161369563,414.32960510253906,322.44884490966797,35.30195226456708,36.82504461798205,-128.6870005265884,421.39293670654297,313.053674697876,37.80705515976038,39.43822944121128,124.90952496428508,422.75718688964844,306.70520782470703,77.45050835284505,80.7920877690838,-8.684636241937937,402.5619125366211,321.54104232788086,62.31969375586273,65.00845862403088,449.6387156880058,402.5263214111328,312.4361515045166,57.99556666504767,60.49776834096355,625.5848356829196,409.83715057373047,304.041223526001,64.71336254580893,67.50540155029827,504.68157287875624,405.67432403564453,296.32226943969727,74.41361446502694,77.6241679871734,-221.52957424967957,390.03944396972656,312.8749179840088,59.92838557069828,62.513978150144645,182.77265245895703,391.234130859375,304.0183639526367,62.36724454680872,65.05806097987464,103.6461383954011,397.74879455566406,295.4011631011963,65.53911962950133,68.36678568063456,-190.44796061123782,391.3363265991211,284.54209327697754,61.228986900728366,63.870693542245974,-529.5465871698866,380.90721130371094,301.33830070495605,64.0573017643408,66.82103521926335,-201.9223001354689,383.3522415161133,293.6399459838867,71.54484530583,74.6316266258801,-311.56463409568323,388.37108612060547,285.6525421142578,69.05474077693489,72.03408726905424,-639.3973548067717,287.1200476090526,290.464891374662,247.6383558664669,266.88688211208535,331.2562915055819,320.7661264514704,368.3112128076505,338.78116872092954,469.36211397441684,306.3238247137617,283.570846172195,256.6472191364173,319.9951563979259,288.830201000586,256.2290683359405,255.88415733184098,313.5336938232874,263.6216939952954,254.45202973718222,252.1017868363444,308.87078252570683
68,2.72,434.0041732788086,244.58982467651367,45.50323926092496,47.46646314312054,-671.71502728597,443.9752197265625,275.98883628845215,34.251302301344275,35.72906467093547,-640.4555261605088,439.70523834228516,300.3958797454834,25.364599177273604,26.458947352830936,-469.98967784042156,426.3548278808594,313.3435821533203,49.4222199658087,51.55452711852868,42.74115374900145,412.45914459228516,316.8732261657715,82.75023711613755,86.32047177200864,-862.0329514299609,437.91744232177734,313.4871196746826,54.14884043032584,56.48507623359319,-367.77631711669903,415.49781799316406,331.695556640625,30.59554649881721,31.915582358920997,-467.08266265752496,412.79117584228516,322.3603820800781,38.52426395325762,40.1863819972798,84.03343448244378,419.3687057495117,313.17572593688965,50.69767914034886,52.88501560423204,336.169654075519,420.7921600341797,305.617618560791,56.14813526344166,58.57063005458933,-555.5364428623619,400.96168518066406,321.54659271240234,40.00592454188479,41.731968396467856,-581.9122556890756,400.72559356689453,312.20191955566406,45.397448819277734,47.35610840396564,-328.5414984249478,407.74391174316406,303.59453201293945,53.5092404965734,55.817880948709956,-292.1880150397079,403.89991760253906,295.1772880554199,52.79382397702722,55.071597993725284,-563.8142498362027,388.46839904785156,312.2465515136719,42.30120098467135,44.126273866679924,-459.692607086618,389.50767517089844,303.36241722106934,46.171659048916396,48.16372170638228,-422.3584818373089,395.9403610229492,294.60039138793945,49.44483781826836,51.57812081158418,-419.71662172625963,389.92321014404297,283.19106101989746,48.87603116101143,50.98477315830111,-322.14800959862157,379.1868209838867,300.1373863220215,52.451991190063495,54.71501693165005,-302.6504571903326,381.5945053100586,292.8123950958252,48.570033472341144,50.665573289301435,-599.1513334144666,386.88514709472656,284.893856048584,41.71045533554496,43.510040670172174,-713.1011649720516,289.0187061347774,291.89405396149937,248.69671376058014,268.9490631968265,334.70911037646226,323.0255295008142,369.5878361020074,340.38862400082076,471.47751459858614,308.6666499159453,285.24012490805376,258.5414634725759,322.2278716358743,291.033064920335,257.9941192906077,257.81070620009626,315.5968186557508,265.66108492162743,256.6406304144482,254.12840976791645,310.6111841525137
69,2.76,433.88912200927734,245.24602890014648,16.655344069815374,17.373933993854585,-752.3132287316489,444.24694061279297,276.27963066101074,9.949673585274594,10.378949327396004,-633.7528835884867,440.4069519042969,301.15450859069824,25.83504944720425,26.94969506136847,12.268692713438334,427.3661422729492,314.82702255249023,44.884241510366614,46.82075891656929,-118.34420504898482,414.1896057128906,318.88970375061035,66.4298386461457,69.29593450742442,-425.61343161460564,437.46509552001953,313.85510444641113,14.5780318734348,15.20699677338891,-1031.951986505107,415.2482223510742,331.0569763183594,17.14064636571341,17.880174514654104,-350.8851961066723,413.16776275634766,321.80288314819336,16.81931112768466,17.544975362237384,-566.0351658760604,419.81910705566406,312.79712677001953,14.709662337611718,15.344306395249852,-938.5177302245546,420.3136444091797,305.77165603637695,12.567436772618674,13.109655137964262,-1136.5243729156268,400.62042236328125,321.4783000946045,8.700725263366635,9.07611549726878,-816.3963224799769,400.6543731689453,312.22795486450195,1.8957489269299066,1.9775404571252406,-1134.4641986710099,407.4734115600586,303.6551284790039,6.930110062238935,7.229107623762313,-1214.719333123691,403.54259490966797,295.30357360839844,9.4745563132179,9.883333260297562,-1129.706618335693,388.1705093383789,312.0552349090576,8.850858793460095,9.232726494386238,-872.3386843073421,389.71240997314453,303.2288932800293,6.110696670675679,6.374340882287345,-1044.7345206023735,396.29932403564453,294.5456600189209,9.077787699859073,9.46944618174585,-1052.716865745958,389.9398422241211,283.34964752197266,3.9864069605481744,4.158399317053209,-1170.6593460311974,379.20711517333984,300.00460624694824,3.358050258521971,3.502932349824088,-1280.3021145456491,381.99169158935547,292.40864753723145,14.159118782875154,14.770009800676938,-897.3890872156124,387.1980285644531,284.45079803466797,13.559941412886388,14.144981099188719,-734.1264892745863,289.7136634945316,292.3092119345952,249.77470156303488,270.8218935534893,337.4809477567593,323.6338093717497,370.3030430825935,341.0904230153103,472.0912868543961,309.19103612146387,285.6031695279445,258.6205650908609,322.51703594082477,291.42839825074685,258.3634283503832,258.06567983538775,315.97559650302065,265.82742089430957,256.78074770844114,254.71921015994354,311.17698339648126
70,2.8,433.4926223754883,245.20437240600586,9.96704642493667,10.397071713118539,-174.42155701840116,444.1136932373047,275.7059955596924,14.722688539696128,15.35789460899413,124.47363203995315,440.5500030517578,300.32864570617676,20.95401415630245,21.85806893762531,-127.29065309357904,428.3464050292969,314.8477363586426,24.512039557730876,25.569604299113685,-531.2788654363901,416.00032806396484,320.23303985595703,56.36525594619288,58.79711834537503,-262.47040405123465,436.95865631103516,313.460111618042,16.056540856839558,16.749295592273658,38.55747047211868,415.296630859375,330.79665184020996,6.619677937769687,6.905281996534634,-274.37231295298676,413.0978775024414,321.51537895202637,7.396900175376227,7.716037259117551,-245.72345257799583,419.6500015258789,312.5708484649658,7.0621593520457075,7.366854141361794,-199.43630634720145,419.7144317626953,305.3909683227539,17.747868375708382,18.51359493977687,135.09849504531516,400.29300689697266,320.9977340698242,14.53755033850245,15.164768674531489,152.21632943156771,400.15995025634766,311.76255226135254,16.975231948338006,17.707623340864753,393.2520720934878,406.8313217163086,303.37148666381836,17.548718734722687,18.305853046071057,276.9186355577186,403.07559967041016,294.8236656188965,16.74059870265376,17.46286691276611,189.4883413117137,387.73460388183594,311.5609931945801,16.475141110428147,17.185956230755416,198.83074340922943,388.9738082885742,302.814302444458,21.17513295988072,22.0887278469859,392.8596741174639,395.3673553466797,294.1669464111328,25.14942387429976,26.234488374661254,419.12605482288507,389.62825775146484,282.6994800567627,18.02433453033043,18.80198914537262,366.08974570798523,378.6090087890625,299.55923080444336,18.642869476353045,19.44721059982249,398.6069562499601,381.2571716308594,292.2972106933594,18.57312809547155,19.374460247563405,115.11126117216168,386.6532897949219,284.500093460083,13.674117110376589,14.264082873585089,2.9775443599092455,290.12954636305636,292.923527718955,250.64902432053987,271.84467772545383,339.8328324905743,324.30378119544065,370.5792543624549,341.39906450567497,472.3859610200506,309.9315799190549,286.20976027492577,259.3288700244955,323.2492700626676,292.12691292725754,259.05086659961336,258.94922894926725,317.0249760380071,266.57950046012445,257.55863613243406,255.49418856984607,311.74754671142466
71,2.84,432.9290008544922,244.81724739074707,17.094132698989657,17.83165402945229,185.8645579083438,443.8914489746094,275.1404857635498,15.1903308438749,15.84571320292283,12.195464848217519,440.68931579589844,300.11183738708496,6.442723022304003,6.720692413257236,-378.4344131092018,428.5284423828125,314.83031272888184,4.571732504547104,4.768978559591015,-520.0156434880668,415.85933685302734,319.7831153869629,11.787454914051686,12.296021191385753,-1162.527428849732,436.8230438232422,312.643404006958,20.697253272594935,21.590230181065323,121.02336471979163,415.36224365234375,330.49201011657715,7.7906842759129225,8.12681105891872,30.538226559602165,413.6201477050781,321.2936782836914,14.184440218562724,14.79642372226399,177.009661578661,420.23998260498047,312.44436264038086,15.084684648650715,15.735508933660489,209.21636980746737,419.3064880371094,304.601411819458,22.217920063849654,23.17650569402739,116.57276885626304,400.33924102783203,320.7776927947998,5.6211518821040825,5.863674827714946,-232.52734617041355,400.4950714111328,311.52700424194336,10.240515667927932,10.682339706212135,-175.63209086631545,407.13024139404297,302.82588958740234,15.55291659807185,16.223942612902206,-52.04776082922127,402.5199508666992,294.3068790435791,18.970601556976007,19.789082584726795,58.15539179901714,387.5668716430664,311.4066410064697,5.698612873821379,5.9444778511501575,-281.03695949013144,389.0677261352539,302.7242374420166,3.253101077214613,3.3934551669391273,-467.38181700116934,395.54344177246094,293.82482528686523,9.619423482417206,10.03445068092814,-405.0009423433279,389.0225601196289,282.6080131530762,15.314123703334747,15.974847068915054,-70.67855191143914,378.4928894042969,299.6135902404785,3.205333426923741,3.343626595417798,-402.58960011011726,381.3101577758789,292.3890209197998,2.65007656057728,2.7644133347910613,-415.2511728193086,386.5816879272461,284.3511772155762,4.130895433550079,4.309121702750268,-248.87402927087052,290.8428125242345,293.5573562470719,250.91785201707015,272.03543686783746,340.3246733382297,325.1673904026833,370.90432680481166,341.9909214545655,473.015381377397,310.858640146816,286.4443072680344,259.756163612744,323.89822776718376,292.9184762306466,259.2886457136594,259.0849671559448,317.4263540652442,267.21849434288106,257.6923811962508,255.60476510323772,311.9199115795347
72,2.88,432.6645278930664,241.31163597106934,87.88933870605504,91.68129838937972,1846.2411089981856,443.8962936401367,271.1300468444824,100.26104613194258,104.58677949548294,2218.5266573140025,440.36781311035156,296.6788387298584,86.20050665937684,89.91960218048125,2079.9727441806003,428.09131622314453,311.568546295166,82.27317130898932,85.82282310084491,2026.3461135313473,414.9449157714844,315.8193111419678,101.6978060450775,106.08552799273323,2344.737670033687,436.3920593261719,311.2624168395996,36.166915070298735,37.727325989710415,403.4273952161273,416.13990783691406,329.5997428894043,29.5899305998905,30.866579457636767,568.4942099679512,414.37877655029297,319.7083854675293,43.936538309299,45.8321673394698,775.8935904301452,420.8535385131836,310.3757572174072,53.941978368236576,56.269289168642366,1013.3445058745469,418.07315826416016,303.5180854797363,41.03884049880174,42.80944920871944,490.8235878673013,400.2631378173828,320.110502243042,16.78792220235228,17.51223217094834,291.2139335808349,400.2408981323242,310.550537109375,25.225137718238837,26.313468870140934,390.77822909822,406.81934356689453,301.45002365112305,35.2638672505169,36.785316437195796,514.0343456073398,400.8027648925781,293.2741641998291,50.09508220761168,52.25641980396581,811.6834304809753,386.94793701171875,310.4678535461426,28.11140753267431,29.324265947298684,584.4947024037132,388.41590881347656,301.4589214324951,35.583444402913365,37.11868165189242,843.1306621238324,394.783935546875,292.1884059906006,45.10209127559306,47.0480077458793,925.3389266237791,386.95640563964844,281.4657783508301,59.02168393165734,61.56815713541303,1139.8327516624495,377.20760345458984,298.88505935668945,36.9350546665087,38.52860674300355,879.6245036896439,380.2241516113281,291.0462284088135,43.17479818281774,45.03756215914568,1056.8287206088655,385.32493591308594,282.50661849975586,55.799991494199006,58.207465724759864,1347.45860055024,294.51006445980966,297.7408274268912,254.5146361042894,275.4683497918713,344.568094457939,326.67648344227166,372.13898998311714,343.8242081481443,475.2661529441427,312.5710181151648,287.1447965548723,260.80870236754964,325.36964042467156,295.0087330228052,260.4616163515513,260.56971442202047,319.3082743750794,269.6812206282976,259.2335254659709,257.40626758960354,314.24821020852505
73,2.92,432.1186065673828,240.66224098205566,21.209431062504354,22.12450573116527,-1738.9198164553611,443.5337829589844,271.6070079803467,14.977189303121499,15.623375733046766,-2224.0850940609043,439.96368408203125,296.8000316619873,10.547748525429538,11.00282803503928,-1972.919353636049,427.8114318847656,311.91564559936523,11.147117616377896,11.628056729231536,-1854.8691592903347,414.57332611083984,316.3426208496094,16.045480789186726,16.73775834125306,-2233.6942412870044,435.80936431884766,311.4646053314209,15.419420745149987,16.084687120647253,-541.065971726579,415.96073150634766,329.2828845977783,9.100251864899622,9.492879556583713,-534.3424975263264,414.27467346191406,319.7647190093994,2.959193402523166,3.086866932017536,-1068.6325101863065,420.84190368652344,310.70159912109375,8.151238992841423,8.502921803123726,-1194.159184137966,417.4020004272461,303.54002952575684,16.787912005497315,17.512221534153063,-632.4306918641595,400.1816177368164,319.4937801361084,15.552163850975939,16.223157388754114,-32.226869554855675,400.4111099243164,310.2444076538086,8.756686648590893,9.13449132000864,-429.47443875330737,406.8772506713867,301.16111755371094,7.3663069899613,7.684124139710791,-727.5298074371252,399.86061096191406,293.2356262207031,23.573544558742874,24.59061820926577,-691.645039867501,387.00103759765625,310.36911964416504,2.802683493838552,2.9236044493289493,-660.0165374492434,388.86890411376953,301.6930961608887,12.748591723836403,13.298625966301625,-595.5013921397699,395.17333984375,292.3432445526123,10.476482195570528,10.928486940327304,-902.9880201388,385.8572006225586,281.6136646270752,27.727716506876416,28.92402068497905,-816.1034112608494,377.12974548339844,299.5986843109131,17.946490586057553,18.720786647006385,-495.1955023999291,380.27156829833984,291.8104648590088,19.14265025431268,19.9685542725362,-626.725197165237,385.15316009521484,283.00068855285645,13.076987157218664,13.641189924125039,-1114.1568950158708,295.39504468905625,298.3657624562131,254.95474922569093,275.93347206104056,345.2376047915891,327.31987092709755,372.5187051653804,343.947682825425,475.60626981626757,313.27150697653093,287.79372285042245,261.17408202034994,325.67700539026,295.99235775117586,260.57856052952445,261.1016594606725,319.7454138526925,270.83818145569677,259.9823569318512,258.205009760505,314.79385780549006
74,2.96,431.82838439941406,240.75236320495605,7.597323617604962,7.925107911846599,-354.9849454829668,443.29647064208984,271.8057060241699,7.737814951951612,8.071660703516084,-188.79287573826704,439.5024108886719,297.04442024230957,13.050352895225856,13.613406534727716,65.26446249221087,427.2147750854492,312.05949783325195,15.343826147768228,16.005831016582558,109.44435718377554,414.1167449951172,316.10429763793945,12.875953082568586,13.431482293418323,-82.65690119586839,435.5419921875,311.40466690063477,6.850204016418616,7.145754055083529,-223.4733266390931,416.00257873535156,329.417781829834,3.5309748823434948,3.6833177557090466,-145.23904502186667,414.4860076904297,319.967565536499,7.323287756306375,7.639248853865366,113.80954804619576,420.9510803222656,310.9519100189209,6.827109718020112,7.121663359969211,-34.53146107886289,417.06539154052734,303.44115257263184,8.770768013596348,9.149180221368024,-209.076032819626,400.39222717285156,319.5732021331787,5.627176699158475,5.869959583730149,-258.82994512559907,400.7544708251953,310.50350189208984,10.753677643105265,11.217641903964081,52.07876459888601,407.0981216430664,301.4791202545166,9.679543631107629,10.09716469576144,60.326013901266236,399.4563293457031,293.2126808166504,10.123305931527229,10.56007299018833,-350.76363047693604,387.0783996582031,310.3495502471924,1.9949701924358045,2.0810425949652127,-21.064046359093414,389.0578079223633,301.876802444458,6.587518857851632,6.871735422566704,-160.672263593373,395.29762268066406,292.5655460357666,6.367111441030755,6.641818592536044,-107.16670869478149,385.3666305541992,281.7799472808838,12.949635924605914,13.508344160016218,-385.3919131240708,376.94393157958984,299.8095417022705,7.026185235364489,7.329327931990988,-284.7864678753849,380.12325286865234,292.102689743042,8.192712063612039,8.546184217341695,-285.5592513798626,384.89757537841797,283.2762336730957,9.395765693512086,9.801143242465113,-96.00116704149815,295.71204900553016,298.6886288843537,255.49928548708004,276.57370530170385,345.77486408332584,327.6057010893009,372.6660378756088,344.2532527795796,475.89113635066633,313.63747418538566,288.02852123377164,261.6227876965085,326.08089197809045,296.4147606707834,260.66180223332304,261.3765288775752,320.0110865963939,271.3785152220974,260.27553004913085,258.5468571291987,315.1859035351887
75,3.0,431.89178466796875,239.84041213989258,22.853806290244297,23.839827044740517,397.86797832234794,443.38558197021484,270.50265312194824,32.65240893476069,34.061187520046744,649.7381704132665,439.4409942626953,295.77375411987305,31.803737954977624,33.17590088030851,489.06235863951986,427.2857666015625,311.11215591430664,23.74995403615354,24.7746388217236,219.22019512852603,414.2148971557617,315.3427505493164,19.196155455413276,20.024367939810375,164.8221411598013,435.38185119628906,310.9525966644287,11.989908140010384,12.507209202267136,134.03637867959017,416.0214614868164,329.17874336242676,5.994578133784665,6.253212445255313,64.24736723865666,414.45030212402344,319.6816062927246,7.204494108385834,7.515329888924789,-3.0979741235144242,420.7917022705078,310.5821228027344,10.066775446893812,10.50110351441259,84.48600386108447,416.71329498291016,303.24474334716797,10.07932815634274,10.514197806820812,34.12543963631971,400.28202056884766,319.339599609375,6.457342462922398,6.735942605343714,21.64957554033913,400.68538665771484,310.12744903564453,9.5586470354448,9.971052052016399,-31.16474629869206,406.8694305419922,301.03397369384766,12.511371831905805,13.051171291864675,73.85016490258084,399.0213394165039,293.159236907959,10.956518889483007,11.429234676291431,21.729042152577538,386.97147369384766,310.23173332214355,3.977592682869577,4.149204749955133,51.704053874748,389.06925201416016,301.62683486938477,6.255735159887898,6.525637014482434,-8.65246020210677,395.20263671875,292.3373222351074,6.180030144953822,6.446665728932582,-4.878821590086546,384.9262237548828,281.76464080810547,11.016817740193705,11.49213510319114,-50.405226420626946,376.76342010498047,299.7374725341797,4.859163859075574,5.068811055419919,-56.512921914276724,380.0157165527344,291.94642066955566,4.742367721500292,4.946975782821277,-89.98021086301044,384.7110366821289,283.18811416625977,5.157623768402941,5.380147929802663,-110.52488281656123,296.6656420873198,300.05107638515557,256.8263215222924,277.5646908545728,346.57583880091823,328.1059894573916,372.91616637341906,344.55386597513666,476.31118049124285,314.0580420976585,288.2979589379854,262.0216297785892,326.60293882976504,296.871930057835,260.8277704233213,261.6375543581545,320.2689532255512,271.83820062622505,260.4782824913476,258.74473616051154,315.40110945238075
76,3.04,431.43348693847656,240.15337944030762,13.87410672770439,14.472700984165376,-234.1781515143785,443.14247131347656,271.0800361633301,15.661935702026453,16.33766531405067,-443.08805514990183,439.1548538208008,296.38635635375977,16.90336226632507,17.632652862547527,-388.5812004440246,426.74644470214844,311.38904571533203,15.156188362750388,15.810097654486414,-224.11352918092962,413.6784362792969,315.32944679260254,13.415645295701632,13.994459368443998,-150.74771428415943,435.0373840332031,311.2281131744385,11.027436627919109,11.503212139706026,-25.099926564027754,415.7114791870117,328.9682865142822,9.366866842864715,9.770997559401403,87.94462785365225,414.405517578125,319.425687789917,6.49518743140939,6.775420383871515,-18.49773762633187,420.7904815673828,310.4090881347656,4.325974343657662,4.512617235090826,-149.7121569830441,416.27166748046875,303.54074478149414,13.291249471827914,13.864696523315509,83.76246791236741,400.1605987548828,319.22152519226074,4.234148739961261,4.416829842715161,-57.977819065713845,400.7309341430664,310.20212173461914,2.1866906208360026,2.2810347448923496,-192.25043267810122,406.9256591796875,301.1902713775635,4.152606533251233,4.331769521466031,-217.9850442599661,398.49491119384766,293.5126304626465,15.851137145795041,16.535029798494726,127.64487805508237,387.0757293701172,310.2300453186035,2.6067335151450184,2.719200266404351,-35.75011208876955,389.17083740234375,301.6861152648926,2.940424755028398,3.067288516743667,-86.45871244346917,395.1966094970703,292.4326801300049,2.388704607163067,2.4917645652773066,-98.87252909138189,384.3608093261719,282.31773376464844,19.773803610647946,20.626938554902466,228.37008629278316,376.7247772216797,299.97204780578613,5.943422334766151,6.199849544325437,28.27596222263795,379.90394592285156,292.1397113800049,5.582000786588778,5.822834569692132,21.896469671771367,384.41333770751953,283.34272384643555,8.38632937760655,8.748155093434523,84.2001790907965,297.24455012668636,300.7045829977176,257.53162763679427,278.19709476075224,347.1356171756559,328.5661179429798,373.30700627579506,344.82488279049153,476.49168518064647,314.61262995859107,288.47463213169397,262.11287116838486,326.7762096106237,297.53333124977485,260.93653843397743,261.7602458988242,320.3686238081623,272.66327816842113,260.72627647312066,258.9776495432992,315.7510356561181
77,3.08,431.5310287475586,239.34195041656494,20.431768540238192,21.313291187970513,171.01475509512844,443.06217193603516,270.24704933166504,20.92120711958379,21.823846450951084,137.15452842251034,438.79207611083984,295.63244819641113,20.916279194704316,21.81870591220125,104.65132624134306,426.09081268310547,310.57671546936035,26.09757858636948,27.223550943072315,285.33633221464754,412.70206451416016,314.30262565612793,35.42301044225349,36.951325815159585,573.9216611678896,434.9191665649414,310.92613220214844,8.107399298921628,8.457190658496478,-76.15053703023871,415.8112335205078,328.8128471374512,4.617380677997843,4.816596210066966,-123.86003373336092,414.3666458129883,319.23571586608887,4.847702159773945,5.056854844471097,-42.96413848501044,420.77381134033203,310.21047592163086,4.982764523598707,5.197744434281379,17.128179979763836,416.1807632446289,303.1966209411621,8.898201980543993,9.282112289360299,-114.56460584888023,400.14041900634766,318.9624309539795,6.4969726874081175,6.77728266421553,59.011320537509235,400.4167175292969,309.7953701019287,12.849585865532811,13.403977470554207,278.07356814154645,406.4900588989258,300.6485939025879,17.3774654994553,18.127211140308102,344.8860404710518,398.37406158447266,293.16555976867676,9.18771920482437,9.584120649178413,-173.77272873290784,386.8199157714844,309.70951080322266,14.4999305806152,15.125525823248552,310.15813892110504,388.7983703613281,301.11165046691895,17.116174747037924,17.85464707518432,369.6839639610164,394.80968475341797,291.8167018890381,18.18550161864839,18.970109740340853,411.95862937658865,384.1294479370117,281.94013595581055,11.071026308378478,11.54868248411559,-226.9564017696719,376.3275146484375,299.4392395019531,16.615170792313783,17.33202745210416,278.3044476944681,379.44103240966797,291.45506858825684,20.66132669053068,21.55275355717855,393.2479746871605,383.8827896118164,282.6336479187012,22.139754305696588,23.094967497215702,358.6703100945295,298.0970817742052,301.5775368557556,258.40437587328233,279.28603679847515,348.61367020826236,328.9044055693197,373.49967012419773,345.0271569842704,476.6995949580177,314.9839144501655,288.7457234382626,262.6490302672071,327.501298056236,297.916696075742,261.54155946690736,262.4744317818316,321.12742819777594,273.12522546778575,261.41955757120485,259.8397596855864,316.6748343560068
78,3.12,430.98217010498047,239.17715549468994,14.326618054527238,14.944735779167894,-159.21388522006546,442.8431701660156,269.98732566833496,8.493311948427547,8.859753395825969,-324.1023263781279,438.76827239990234,295.46281814575195,4.282301567281892,4.4670602096159735,-433.7911425646319,426.2419891357422,310.6286430358887,3.9961537756146845,4.168566655590679,-576.374607187041,413.0450439453125,314.6312999725342,11.875965657018723,12.388350704340294,-614.0743777704823,434.8493194580078,310.70714950561523,5.746305319939599,5.994227973836913,-61.57406711648912,415.8564758300781,328.9683151245117,4.047928604230376,4.222575293967737,-14.850522902480723,414.7255325317383,319.3389129638672,9.335728342134379,9.738515597210245,117.0415188184787,421.1553192138672,310.4655075073242,11.472504283900541,11.967482108876752,169.24344186488432,416.0946273803711,302.94702529907227,6.601011838237457,6.885810553625002,-59.907543393382426,400.3150939941406,319.1404724121094,6.235488762593545,6.504517092328262,-6.819139297181698,400.79505920410156,310.1250457763672,12.545628551672896,13.086906007736326,-7.926786570447009,406.8821716308594,301.0978889465332,14.908437859527876,15.551658028628843,-64.38882779198147,398.30883026123047,292.9592227935791,5.4100642801390055,5.643479913212471,-98.51601839914854,387.0639419555664,309.81834411621094,6.679889058474446,6.968090908343088,-203.9358728726366,389.05906677246094,301.3415336608887,8.689393737743277,9.064295076303313,-219.7587999720252,395.05115509033203,292.0069885253906,7.685901361574089,8.017507316541769,-273.81506059497707,384.1286849975586,281.91226959228516,0.6969201410215322,0.7269885556456206,-270.54234821174924,376.5898132324219,299.61459159851074,7.887842897750949,8.228161560936087,-227.59664727920185,379.6968078613281,291.76477432250977,10.041747964781306,10.47499622894119,-276.943933205934,384.11155700683594,282.83546447753906,7.626616404293831,7.955664527206518,-378.48257425022956,298.6948712053719,301.9319269915887,258.583058281667,279.4527794646988,349.10920423643597,329.1441746882732,373.6685731359565,345.4166976081588,477.1782942423728,315.2593468723105,289.0059041219558,263.1725065075165,328.12336437738117,298.14243527227046,261.8202831032411,262.8370035848837,321.4481284904376,273.15430501001157,261.7486840336423,260.258759534744,316.99306093709504
79,3.16,431.05995178222656,239.23015594482422,2.3530614406623975,2.454583584835306,-312.2538048583147,442.90409088134766,270.2720832824707,7.2800340128346335,7.594128940346011,-31.64061138699894,438.7464141845703,295.5143451690674,1.3992890402920426,1.459660954613204,-75.18498137506924,426.1432647705078,310.49434661865234,4.166985419149271,4.346768780169454,4.455053114469387,412.85037994384766,314.55408096313477,5.235506713712836,5.461391111894194,-173.1739898111525,434.88964080810547,310.4853343963623,5.63625285354701,5.879427326131834,-2.8700161926269674,415.8476257324219,329.03406143188477,1.6584822055339332,1.7300369327793983,-62.313459029708476,414.57481384277344,319.4803047180176,5.166463451010627,5.389368997918026,-108.72866498230549,420.88680267333984,310.5458164215088,7.00672240754715,7.309025386188584,-116.46141806720418,416.16493225097656,302.76071548461914,4.9783356777396985,5.193124507169646,-42.317151161383904,400.240478515625,319.09423828125,2.1944624185716743,2.2891418545568,-105.38438094428658,400.69652557373047,310.07283210754395,2.7878243674605097,2.9081042303111793,-254.47004443562867,406.7021179199219,301.0235023498535,4.8703634738558845,5.080493874287789,-261.77910385852635,398.41522216796875,292.74633407592773,5.949834237326001,6.2065380865364475,14.07645433309941,387.0086669921875,309.8176860809326,1.3819720029198632,1.4415967787539603,-138.1623532397282,389.0077590942383,301.37709617614746,1.560683010762283,1.6280182204974842,-185.90692139514573,394.9427032470703,292.0502758026123,2.9192882989834783,3.045240134515769,-124.30667955065,384.2349624633789,281.63869857788086,7.3372337968484285,7.653796592227154,173.17020091453833,376.6222381591797,299.58231925964355,1.1437000620814244,1.1930446650682929,-175.87792239669486,379.6769714355469,291.8015956878662,1.0456148712862299,1.0907276175484673,-234.60671528481808,384.0273666381836,282.9418659210205,3.3920205398803924,3.538368268986124,-110.43240645550985,298.7930545487653,302.2356921492026,258.6414447198515,279.62665021590556,349.32765988091177,329.37935178131846,373.7377746132676,345.6322723680755,477.47065525782034,315.4670718525973,289.09746979613806,263.288830676729,328.32658413235265,298.3906967957319,261.87794697439125,262.9021243137036,321.56993809581826,273.46045687370065,261.796405820245,260.30238863944595,317.13459566785446
80,3.2,431.1332702636719,239.36124801635742,3.755057501250237,3.9170683533392383,36.56211921259831,443.15250396728516,270.3673553466797,6.651401519775391,6.938374283160799,-16.3938664296303,438.9738082885742,295.5586910247803,5.791946642464423,6.041838477805764,114.554438079814,426.4491653442383,310.56126594543457,7.828368177085837,8.166120820930525,95.48380101902676,413.17188262939453,314.61899757385254,8.199776794253903,8.55355375371042,77.30406604540563,434.40059661865234,310.616455078125,12.657923714609016,13.204046112468063,183.11546965840571,415.72021484375,329.1192626953125,3.831839460513638,3.9971630476649342,56.6781528721384,414.5602798461914,319.6772289276123,4.936495554866978,5.149479204494523,-5.997244835587567,420.8255386352539,310.6753921508789,3.5832206187654223,3.737817619071218,-89.28019417793416,415.6047058105469,302.9186153411865,14.55133218258122,15.17914513222185,249.6505156263051,400.03623962402344,319.19219970703125,5.6629257998698295,5.907251068883216,90.45273035816041,400.63892364501953,310.4337501525879,9.137143201979328,9.531362559557481,165.58145823115754,406.5843963623047,301.46833419799805,11.503633617565585,11.999954508492278,172.98651585511223,397.9145050048828,292.8808307647705,12.961651050273726,13.52087767474911,182.85848970531657,387.07862854003906,309.9601650238037,3.9682227869862334,4.139430592668192,67.44584534785578,389.1824722290039,301.68431282043457,8.835537122420165,9.216743774353109,189.71813884639062,394.97440338134766,292.45265007019043,10.090526179362321,10.525878965251902,187.01597076840332,383.81813049316406,281.7004680633545,10.534596596716035,10.989108670227456,83.38280195000753,376.5757369995117,299.90538597106934,8.15990417690118,8.511960844002605,182.9729044733578,379.7258758544922,292.2413921356201,11.062678180749593,11.539974178974097,261.23116403564075,384.0303039550781,283.4208583831787,11.975036707535509,12.491696146209602,223.83319693058695,298.9497372828989,302.513227120529,258.88311825896375,279.95329504874275,349.66980203106016,329.9075136258172,373.8976611351742,345.83825153625526,477.62016796258314,316.07423765788616,289.33375983889334,263.67008517911125,328.80658231269234,298.9315319027219,262.04352419809794,263.2707940646777,321.9909732544283,273.90002122050976,262.1368842540051,260.7639876066049,317.6342635137029
81,3.24,431.4122009277344,239.38971519470215,7.009488907779658,7.31191124626041,84.87107232302928,443.04996490478516,270.3126525878906,2.9054529721621356,3.0308078865856256,-97.68915991437935,438.70357513427734,295.8981227874756,10.846654991507911,11.31463073273279,131.81980637317562,426.41963958740234,311.11252784729004,13.801300997416044,14.396754072045047,155.76583127786304,413.5957336425781,315.4585361480713,23.511628758154053,24.52603106966075,399.31193289875824,433.8927459716797,310.91400146484375,14.714918702628157,15.349789544589813,53.643585803043734,415.4207992553711,329.11548614501953,7.485985109539774,7.80896573657899,95.2950672228514,414.54280853271484,319.87850189208984,5.05074580038514,5.268658743271607,2.979488469427105,420.9718322753906,311.2726306915283,15.37237179938195,16.035608261944134,307.44476607182287,415.1793670654297,303.0443286895752,11.088194568463214,11.566591463735056,-90.31384171216983,399.9385452270508,319.2831802368164,3.3374440070058338,3.481437047643512,-60.6453505309926,400.67604064941406,310.77999114990234,8.705619601603997,9.081221000290698,-11.253538981669564,406.5879440307617,302.02643394470215,13.952775557722005,14.554763957729328,63.870236230926245,397.61924743652344,292.98757553100586,7.849023696937205,8.187667517114171,-133.3302539408735,387.01515197753906,309.85851287841797,2.996084178592583,3.1253493497763927,-25.352031072294977,389.1676712036133,301.8589210510254,4.380860684747848,4.569871631233459,-116.17180357799124,394.9531936645508,292.82506942749023,9.325570685560054,9.727919691528875,-19.948981843075675,383.6887741088867,281.99509620666504,8.044362039028016,8.391433674554614,-64.94187489182104,376.5311050415039,300.03819465637207,3.502691694205675,3.6538142977328882,-121.45366365674293,379.6585464477539,292.589807510376,8.87153180044161,9.254291432177125,-57.142068669924306,383.90098571777344,283.91258239746094,12.71111011874599,13.259527228377337,19.195777054193375,299.2422137327493,302.63445943599237,259.33570348827305,280.52916521162456,350.65084327384665,330.5215052076008,374.2100197646373,346.0489978859861,478.2615922930609,316.53690131643555,289.4730173207991,264.0333340191229,329.3887728710015,299.25903860340645,262.168538172089,263.45358892992704,322.3800900420895,274.2356785674919,262.28303682591445,261.13415926389206,318.16464460283794
82,3.28,431.36680603027344,239.56953048706055,4.636420769396457,4.836457780612123,-61.88633664120717,443.173828125,270.5957221984863,7.72457530243548,8.057849833213385,125.676048665694,438.9310073852539,296.17329597473145,8.92488486511221,9.309946399139756,-50.11710833982583,426.6469192504883,311.59812927246094,13.40393574151975,13.982244608988973,-10.362736576401854,413.78597259521484,315.7398319244385,8.48963238685628,8.855915080652322,-391.7528997252107,433.4783172607422,310.9610366821289,10.42723201868489,10.877111879037068,-111.8169416388186,415.3160095214844,329.2082977294922,3.4995426969439825,3.65052943790999,-103.96090746672502,415.0605010986328,319.616003036499,14.511013963392186,15.137087395317481,246.71071630114687,421.59908294677734,310.8819580078125,18.47411280949661,19.271172976180708,80.88911785591435,414.67735290527344,302.8597354888916,13.371912417825623,13.948839648407345,59.55620461680722,399.8683547973633,319.3799686431885,2.9890102906063345,3.1179702609723527,-9.08666966677898,401.01593017578125,310.82862854003906,8.583795993521107,8.954141348447227,-3.176991296086795,407.0893859863281,301.9054126739502,12.89598248430202,13.45237585780189,-27.559702498185956,397.2042465209961,292.61632919311523,13.920524489170067,14.521121426304946,158.33634772976936,386.8877410888672,309.6735191345215,5.615615495706758,5.857899575553934,68.31375564443853,389.2940902709961,301.7516040802002,4.14568396234535,4.324548278273309,-6.133083824003749,395.203857421875,292.622652053833,8.054700195933123,8.402217868200482,-33.14254558320982,383.4226989746094,281.47353172302246,14.637825309750927,15.269369979938563,171.94840763459874,376.44031524658203,299.45011138916016,14.876254485685308,15.51808611258217,296.60679537123207,379.87415313720703,292.19698905944824,11.202471265478689,11.68579859525153,60.78767907686014,384.26170349121094,283.4880065917969,13.927982778138482,14.528901500958533,31.734356814529896,299.4356720439738,302.95677342932095,259.7081013442386,281.08845499598414,351.0050798770727,330.9565896827623,374.3560409421537,346.65448138179886,479.03243921210816,317.0948549023718,289.597736131238,264.39149967306076,329.92686790531354,299.8398834604587,262.4028541551112,263.626570861058,322.7161787568175,274.84645336668945,262.9037602704177,261.6015912077021,318.74580066287626
83,3.32,431.40403747558594,239.7337532043457,4.20975662840042,4.39138534067111,-11.126810998525327,443.03932189941406,270.80331802368164,6.184049611697513,6.450858614387403,-40.17478047064955,438.6724853515625,296.43115997314453,9.128509036992453,9.522355876060267,5.310236923012779,426.0826873779297,311.57421112060547,14.118464948409725,14.727601968473728,18.63393398711888,413.03966522216797,315.4193687438965,20.30503855492549,21.18109347469389,308.12945985103914,433.1873321533203,310.8812713623047,7.542995052861133,7.868435357146826,-75.21691304725606,414.9632263183594,329.1537380218506,8.924431007950592,9.309472960444312,141.47358806335805,414.6043395996094,319.56027030944824,11.48883833487492,11.98452088767901,-78.8141626909618,420.96885681152344,310.67307472229004,16.598516660528226,17.31465478269821,-48.91295483706246,414.57889556884766,302.73648262023926,3.9437542969145665,4.113906416784917,-245.87333079056071,399.4662094116211,319.30355072021484,10.233541976795498,10.675065137225717,188.92737190633412,400.5763244628906,310.7135581970215,11.360412807427425,11.85055447860059,72.41032825383407,406.7072296142578,301.74994468688965,10.314243419738839,10.759248420202587,-67.32818593998257,397.2441101074219,292.43605613708496,4.615698772478811,4.814841739228713,-242.65699217690582,386.5753936767578,309.54543113708496,8.439766026774771,8.803897251123354,73.6499418892355,389.03411865234375,301.60938262939453,7.408280146818304,7.727908216082343,85.08399844522584,395.0550079345703,292.52474784851074,4.454029305769993,4.646197090901625,-93.90051943247144,383.5213088989258,281.2268543243408,6.641425684389443,6.92796804328953,-208.53504841622583,376.3003921508789,299.23338890075684,6.449181619151048,6.727429664366736,-219.76641120538582,379.8074722290039,292.02446937561035,4.623944800595005,4.823443539804054,-171.5588763861869,384.29378509521484,283.4062099456787,2.1965769721949786,2.2913476399746067,-305.93884652459815,299.6113274576006,303.21480777389644,260.088995579281,281.6775590747231,351.85232361606046,331.27132709704813,374.7284198605714,347.133862217306,479.72502540341605,317.2594111590432,290.024738736727,264.8655218522048,330.35723784212166,300.0324771300278,262.7550100451561,263.9356871897013,322.9020266404535,275.12357208842104,263.1728574569924,261.7945289492943,318.83745456847527
84,3.36,431.17801666259766,239.85076904296875,6.362886255099694,6.637411112199984,56.150644288221855,442.63671875,271.09039306640625,12.36177010164448,12.895115038926784,161.1064106134845,438.3924102783203,296.08057022094727,11.218155513423229,11.702159535463238,54.495091485074276,425.5126953125,310.3890037536621,32.87863532475926,34.297174381142355,489.23931031671566,412.2857666015625,314.22926902770996,35.21984938051688,36.73939942913371,388.9576488609956,434.07047271728516,310.78691482543945,22.20417207093836,23.162164548003172,382.3432297714087,415.15872955322266,328.91544342041016,7.705754015574195,8.038216507463003,-31.781411324532716,413.8203811645508,319.27711486816406,20.838183579494725,21.737240884629717,243.8179999237677,419.88616943359375,310.607271194458,27.117130916214695,28.2870915584904,274.3109193948047,415.37208557128906,302.9934597015381,20.84447769023403,21.74380655292671,440.7475034035448,399.47391510009766,318.9085578918457,9.876699603674272,10.302826904810301,-9.305955810385402,400.0852966308594,309.9180221557617,23.371803588573467,24.38017318424034,313.2404676409938,406.2560272216797,301.1700439453125,18.368935549419284,19.16145787413429,210.05523634829254,397.7558135986328,292.8032970428467,15.746157185607018,16.42552050878334,290.26696923886567,386.4760971069336,309.3673896789551,5.096479764986733,5.316365886332396,-87.18828411977395,388.64742279052734,301.00836753845215,17.86674335683503,18.637598747020824,272.742263273462,394.6946334838867,292.0051860809326,15.80771518583583,16.489734410837,296.08843299838435,383.74332427978516,281.58900260925293,10.61962245100184,11.077802940002996,103.74587241783667,376.28650665283203,299.19739723205566,0.9644322396832387,1.0060423851686706,-143.03468197995164,379.56668853759766,291.68383598327637,10.428563360435199,10.878500661135844,151.37642803329473,384.0804672241211,283.0319881439209,10.768776364994807,11.233392055771265,223.55111039491646,299.87682390208863,303.7306123754535,260.5570819606995,283.04944604996876,353.32189959322585,332.19781367896826,375.04994852087,348.0033518526912,480.8565090657557,318.1291634211603,290.43685181291943,265.8407287795744,331.123696157087,300.6894979503791,262.9676646806094,264.6811911395821,323.561616016887,275.56668420602114,263.21309915239914,262.22966897573974,319.28679025070613
85,3.4,430.5409240722656,239.61267471313477,17.00323275430057,17.73683223336971,277.48552802924314,442.42156982421875,270.2665328979492,21.28724144638746,22.205673221188583,232.76395455654497,438.58558654785156,295.44934272766113,16.503128858460162,17.215151501949247,137.8247991621502,426.41048431396484,310.4380416870117,22.47818122728185,23.44799574885187,-271.2294658072621,413.62964630126953,315.0958728790283,39.97667196632051,41.701453727129675,124.05135744989906,433.8411331176758,310.63098907470703,6.9331401476197,7.232268441286135,-398.24740266792594,415.2876663208008,329.18386459350586,7.444570848929476,7.765764669868418,-6.811295939864626,413.7959671020508,319.6703338623047,9.849404290384737,10.27435394325237,-286.57217353443366,419.7035217285156,310.9083652496338,8.804040770879803,9.183888521983919,-477.580075912662,415.31761169433594,303.0629253387451,2.2069319799898524,2.3021494115369263,-486.04142853474457,399.6582794189453,319.1814136505127,8.232575049077147,8.587767079596935,-42.876495630334155,400.17818450927734,310.18635749816895,7.098944197105777,7.405226057749044,-424.37367816228243,406.1203384399414,301.4237880706787,7.193639840489404,7.50400731683059,-291.43626393259245,397.86834716796875,292.9477787017822,4.5783972356774285,4.775930838586855,-291.2397417549121,386.7153549194336,309.5852851867676,8.090223774993511,8.439274101637244,78.0727053826212,388.90201568603516,301.2296962738037,8.433710316913233,8.797580269439923,-246.00046193952255,394.84378814697266,292.20537185668945,6.241066532234582,6.510335513200872,-249.48497244090316,383.96873474121094,281.7267036437988,6.603571525848452,6.888480678205552,-104.73305654493612,376.47411346435547,299.47503089904785,8.376931448087042,8.738351693008424,193.30773269599382,379.7153854370117,291.9062805175781,6.68918617696137,6.977789148274235,-97.51778782154021,384.2135238647461,283.2480812072754,6.344302643136743,6.6180257157615605,-115.38415850024262,300.58629719142345,304.61883930430105,261.24568802077755,283.9873658799229,354.989957742311,332.4871044166197,375.36057910766465,348.4143260104213,481.22386460663506,318.2212493976218,290.7803624961033,266.1369378218844,331.42385644976025,300.8805351839226,263.3052356446749,265.0330943503597,323.82202943741504,275.84222343314934,263.56263322011944,262.5087805416707,319.5515112793366
86,3.44,430.8169937133789,239.63985443115234,6.935109219396393,7.234322468085823,-262.5627441320972,442.4095153808594,270.8441162109375,14.442727258191734,15.065854480294094,-178.49546852236222,438.67748260498047,295.5718517303467,3.8286209213343496,3.9938056455588478,-330.53364640975997,426.5147399902344,309.90099906921387,13.676714229064363,14.26679204419522,-229.53009261641623,413.73058319091797,314.0288829803467,26.793839072403365,27.949851383109753,-343.79005860049807,434.0427780151367,310.3622245788574,8.399963500714106,8.76237745677579,38.25272538724136,415.1148986816406,328.8014030456543,10.491826959769297,10.94449374986682,79.46822699996005,413.34922790527344,319.25145149230957,15.310093685008766,15.970643176633024,142.40723083451633,419.31163787841797,310.3495502471924,17.063249231186727,17.799438103509228,215.38873953813274,415.5160903930664,302.91163444519043,6.2391269582728865,6.508312256890738,105.15407113384529,399.30980682373047,319.0366744995117,9.433403794768747,9.840405228536738,31.31595372349509,399.6006393432617,310.0606441497803,14.77671869764875,15.414255882229405,200.22574561200904,405.5800247192383,301.1769676208496,14.850489285581943,15.491209280494047,199.68004909158643,398.01342010498047,292.81591415405273,4.901174349142614,5.11263407573188,8.417580928625634,386.53709411621094,309.3812942504883,6.772611020209024,7.064813331861003,-34.361519244406026,388.48304748535156,301.0513401031494,11.383795412628007,11.874945919429214,76.93414124973228,394.29683685302734,292.1366214752197,13.781380847466911,14.375974473081904,196.6409739970258,384.04544830322266,281.4104747772217,8.135019462683916,8.486002486105319,39.938045197494176,376.38946533203125,299.35415267944336,3.689245373441082,3.8484167806212897,-122.24837280967836,379.42169189453125,291.82488441467285,7.619105199385816,7.947829253570672,24.251002632410913,383.7239074707031,283.26072692871094,12.244491812297301,12.772776812259778,153.86877741245544,300.8756700901469,305.2214734835128,261.4054402465999,284.5580375616907,356.1079517976354,332.83759951489077,375.7983588576593,349.05315173748664,481.9358421307754,318.4815818878974,291.1739787052448,266.7535080571736,332.04350482098,301.08504054695186,263.5878281779493,265.5080921871369,324.39706841633836,276.1816635325936,263.7165698913443,262.8266937118135,320.0624223518269
87,3.48,430.83003997802734,239.4462490081787,4.851112296813763,5.060412110871086,-54.34775893036843,442.44606018066406,270.54980278015137,7.414340746733171,7.734230298799019,-183.29060453737688,438.5169219970703,295.59279441833496,4.04801687501527,4.222667373169699,5.721543190271284,426.21715545654297,310.07494926452637,8.617396109817216,8.989191131884148,-131.9400228077768,413.27789306640625,314.0724849700928,11.369627366921868,11.860166597555793,-402.242119638849,434.00516510009766,310.4915428161621,3.366929041920768,3.5121942057227,-131.25458127632723,415.2272033691406,328.7853813171387,2.8360446288692556,2.9584049407240176,-199.6522202285701,413.56494903564453,319.2871856689453,5.466519543343875,5.70237092215324,-256.70680636199455,419.49737548828125,310.43649673461914,5.1270210279444814,5.348224843102826,-311.28033151016,415.30689239501953,302.89063453674316,5.256234306850168,5.483012990944541,-25.632481648654924,399.49981689453125,318.94906997680664,5.2308208846761355,5.456503114141108,-109.59755285989077,399.8592758178711,310.0037097930908,6.620722532794653,6.906371660304893,-212.69710554811283,405.8028030395508,301.0825538635254,6.048973961204873,6.309955164659865,-229.53135289585455,397.72655487060547,292.7669906616211,7.275179156072914,7.589064622216397,61.91076366211292,386.54796600341797,309.44220542907715,1.546845501441418,1.6135836959045184,-136.28074089891211,388.59241485595703,301.1590003967285,3.8366620067687327,4.0021936612606135,-196.818806454215,394.5037841796875,292.1235752105713,5.183953669320749,5.407613826555873,-224.20901616315075,383.7644577026367,281.451358795166,7.098733185440495,7.405005942047489,-27.024913601445743,376.3592529296875,299.33584213256836,0.8831992209583162,0.9213045917293783,-73.17780472229778,379.447021484375,291.8312072753906,0.6526708058570595,0.6808300959226075,-181.6749789412016,383.7957763671875,283.1734371185303,2.826730580907271,2.9486890409005864,-245.6021942839798,301.07808657458173,305.5308426954648,261.57434694152664,284.9176052069661,356.58235846153764,332.9780872831197,375.9166950552883,349.2812465743728,482.1497711244995,318.7009024075352,291.3922388298104,267.0297629235858,332.2959030275664,301.3886031318405,263.6523715257855,265.6681799335873,324.61337296940053,276.47786377027546,263.7534220750135,262.85392691565045,320.180369913463
88,3.52,430.69488525390625,239.45826530456543,3.392196083577572,3.5385513864645177,-38.04651811016421,442.3450469970703,270.516300201416,2.660602145387285,2.7753930428636893,-123.97093139838321,438.33240509033203,295.65948486328125,4.904978613574527,5.116602474034441,22.348377521618556,425.84754943847656,310.356502532959,11.615745013665556,12.11690291782174,78.1927946484398,412.79590606689453,314.38316345214844,14.335981543626538,14.954503253251978,77.35841639240464,433.9152145385742,310.5464172363281,2.634186960304134,2.7478381823848923,-19.108900583445187,415.3054428100586,328.94737243652344,4.497397363662518,4.691436250903844,43.325782754495656,413.6712646484375,319.3769931793213,3.4792598389847584,3.6293714820062797,-51.82498600367401,419.52747344970703,310.5621814727783,3.23095774192125,3.3703564639535846,-49.44670947873103,415.1885223388672,302.81710624694824,3.483701299773976,3.6340045683156763,-46.22521056572162,399.4930648803711,318.98340225219727,0.8747481168587423,0.9124888672276378,-113.60035617283674,399.81285095214844,309.9953556060791,1.179263699833882,1.2301426855176176,-141.90572436968188,405.6747055053711,301.0362911224365,3.4048879823692224,3.5517908734987387,-68.95410727902815,397.5917053222656,292.64745712280273,4.505043534050205,4.699412313065309,-72.24130772877719,386.6458511352539,309.3988609313965,2.676313289037734,2.7917820391886323,29.454958582102847,388.59203338623047,301.1151123046875,1.0972437463232996,1.1445840052226584,-71.44024140094888,394.40486907958984,292.0290756225586,3.4200118020536956,3.5675672059378387,-46.00116551545086,383.61167907714844,281.4143943786621,3.929668918430244,4.099213328786297,-82.64481533152981,376.39171600341797,299.3780994415283,1.3321813213127758,1.3896578928249494,11.70883252738928,379.3967819213867,291.8968963623047,2.0674667211434046,2.1566669650934838,36.895921729271905,383.64490509033203,283.21818351745605,3.9341757711133614,4.1039146283036345,28.880639685076204,301.2196286300403,305.6418584171793,261.779011040488,285.40228132367895,357.1805385916677,333.0880008104151,376.1043525053244,349.426421433653,482.2845853830576,318.84626259026777,291.4287383844995,267.0789686310065,332.4379746625063,301.5765796243631,263.764042807353,265.7139632937962,324.75607565763806,276.64183230342695,263.8090083907265,262.9401935942542,320.3445264985951
89,3.56,431.0956573486328,239.14791584014893,12.672190565740982,13.218928502698365,242.0094279058462,442.5856399536133,270.34111976623535,7.440310628939397,7.761320643939162,124.64819002688681,438.4345245361328,295.51526069641113,4.41793160879883,4.608541969405591,-12.701512615721256,425.94383239746094,310.120210647583,6.378884271824134,6.654099358653369,-136.5700889792093,412.7928161621094,313.9628505706787,10.508105973514143,10.961475116874459,-99.82570340943799,434.0115737915039,310.5077934265137,2.595296744804741,2.7072700599695905,-1.0142030603825458,415.5270767211914,328.9529800415039,5.542620984112819,5.781755737214075,27.25798715775578,413.89232635498047,319.31302070617676,5.7533009774779185,6.001525456963344,59.303849373926596,419.6977996826172,310.46430587768555,4.911126253985009,5.12301535258333,43.81647221574364,415.24330139160156,302.6836967468262,3.60545067755892,3.761006787216816,3.1750554725284874,399.56878662109375,318.9902687072754,1.9008107190435033,1.98282063877166,26.75829428860056,399.94937896728516,309.95753288269043,3.5417560370623438,3.6945640601791103,61.610534366537316,405.85472106933594,300.8905506134033,5.7903961027527036,6.0402210405139645,62.21075417538064,397.6446533203125,292.4314785003662,5.55935337105125,5.799210038068465,27.494943125078898,386.68968200683594,309.2746925354004,3.291934828854763,3.4339643893785765,16.054558754748605,388.7024688720703,300.98344802856445,4.296181308709534,4.4815387884075495,83.42386957962228,394.53041076660156,291.8445682525635,5.579184794857098,5.819897082824952,56.308246922177844,383.6651611328125,281.09161376953125,8.179534365909166,8.53243797174503,110.83061607396832,376.4132308959961,299.2557621002197,3.1053699136640325,3.239350185762862,46.24230732344781,379.4900131225586,291.76663398742676,4.004711536177489,4.177493638217404,50.520666828098015,383.7511444091797,283.029727935791,5.408459758212255,5.641806164658841,38.44728840888016,301.7483857701482,305.9523112429369,261.9633527192642,285.66844529802506,357.6189975963427,333.19629161281387,376.335622734813,349.66648245193153,482.48950599716096,318.99670286175643,291.5080512100504,267.22675119341363,332.67958350412687,301.80854802588584,263.90140138292816,265.8932248453325,324.9888715409511,276.98312982229675,263.938582398157,263.10729333978287,320.5701987451815
90,3.6,430.92430114746094,239.24168586730957,4.8833752206954735,5.094067009119957,-203.1215373394602,442.6282501220703,270.4554748535156,3.0508925377272322,3.1825223994549408,-114.46995611210554,438.68019104003906,295.634765625,6.82978125100604,7.124450155460516,62.89770465137312,426.3556671142578,310.4640197753906,13.412041006195624,13.990699572926736,183.4150053568342,413.30230712890625,314.4610118865967,17.814069964580256,18.582652776740606,190.52944149665367,433.94737243652344,310.5307388305664,1.7044620757865587,1.7780005910182501,-23.23173672378351,415.4374694824219,329.0372943878174,3.0759517057904864,3.20866273795812,-64.32732498139887,413.90506744384766,319.41673278808594,2.6122944033284665,2.7250010774738462,-81.91310948723743,419.73838806152344,310.56761741638184,2.774965149559557,2.8946902052338688,-55.70812868373653,415.21411895751953,302.7186870574951,1.1390610990146135,1.1882055553035917,-64.3200307978306,399.5378112792969,319.0311813354492,1.2828958803043864,1.3382460459517518,-16.114364820497705,400.04650115966797,310.0853633880615,4.013520770211709,4.1866829440645486,12.302972097135957,405.9905242919922,301.049222946167,5.22131595412548,5.4465880961558275,-14.840823608953425,397.6430130004883,292.4879550933838,1.412510222971607,1.4734525613331002,-108.14393691838413,386.7616653442383,309.34990882873535,2.60277395851889,2.7150698758715035,-17.972362837676826,388.81492614746094,301.13837242126465,4.78593030675641,4.992417863013011,12.771976865136537,394.63783264160156,292.00733184814453,4.875413269341172,5.085761541714897,-18.35338852775139,383.71517181396484,281.2283706665039,3.6403568762992786,3.7974190036411195,-118.37547420259776,376.5480422973633,299.33326721191406,3.887572851193307,4.0553010391025985,20.398771333493414,379.622802734375,291.90433502197266,4.782432430348766,4.988769071755963,20.281885838463975,383.8787841796875,283.163480758667,4.6220753349131085,4.821493416574842,-20.507818702099968,301.95214845051305,306.0796121389151,262.2483307254826,286.22807328094217,358.3623037074123,333.26741163645465,376.46396924433134,349.7754824950305,482.6052936053703,319.0442310839686,291.5615810518885,267.3942185111762,332.8974470279731,301.8674861283392,264.010004177963,266.09292155985304,325.19230200261967,277.1350265824424,264.1007944397211,263.30684410265314,320.76305848184444
91,3.64,430.9059524536133,239.07362937927246,4.226379784851489,4.408725698320869,-17.1335327699772,442.62794494628906,270.0721549987793,9.582999405435947,9.996455097852415,170.34831745993685,438.6978530883789,295.13915061950684,12.398240339397665,12.933158774367374,145.21771547267147,426.2717819213867,309.906005859375,14.107096087831861,14.71574260174812,18.126075720534594,413.1336212158203,313.85727882385254,15.671402065626916,16.347540101126032,-55.87781689036433,433.9495849609375,310.2349376678467,7.395235929748327,7.714301210101242,148.4075154770748,415.2607727050781,328.9221382141113,5.2727302857654905,5.5002206840211585,57.288948651575964,413.59134674072266,319.3454074859619,8.043163956597226,8.390183901209525,141.62957059339197,419.4625473022461,310.31418800354004,9.364647342934203,9.768682299798813,171.8498023641236,415.32108306884766,302.64026641845703,3.3157877777533207,3.4588464667457672,56.76602278605438,399.4114685058594,318.88575553894043,4.816064179525589,5.023851852864937,92.14014517282965,399.8350143432617,309.80249404907227,8.829699048306749,9.210653818248177,125.59927185459073,405.8538055419922,300.74252128601074,8.394861707622198,8.757055548320608,82.76168630411951,397.7816390991211,292.45410919189453,3.5674518453104946,3.721368506520822,56.19789862969304,386.47422790527344,309.2834186553955,7.375687445478843,7.693909312224245,124.47098590881853,388.54347229003906,300.92079162597656,8.697291215782776,9.072533288711355,102.00288564245861,394.47975158691406,291.729154586792,7.998914324172031,8.344025131400564,81.45658974214167,383.8425064086914,281.0969924926758,4.57399740193076,4.771341175306522,24.34805429163506,376.3844680786133,299.0089988708496,9.079732996362191,9.471475407494772,135.40435920980434,379.5188522338867,291.436243057251,11.98738383647487,12.504575988397603,187.895172916041,383.8932418823242,282.67516136169434,12.21333437848952,12.740275100129116,197.96954208885685,302.1284974784459,306.47947034282913,262.76565707645733,286.8167029850121,359.0162053114573,333.57598368485867,376.6839780716922,350.1110898510788,482.99604089736226,319.1825849426384,291.76253512600306,267.7626446639061,333.2477292499059,302.0163408686,264.317760550452,266.45582289140145,325.52606300787573,277.32588022945464,264.4796534560209,263.80702714218904,321.27266948584963
92,3.68,431.03294372558594,238.89226913452148,5.535020411737841,5.773827240378174,34.12753855143262,442.6113510131836,270.15512466430664,2.115319717800962,2.2065845652254015,-194.74676331567534,438.0555725097656,294.973783493042,16.58068583056524,17.29605464681786,109.07239681126217,424.62242126464844,308.9147186279297,48.108217536239636,50.18383244038803,886.7022459659978,410.7666778564453,311.99146270751953,75.34790411176594,78.59876728608569,1556.2806796239915,434.0947723388672,310.23284912109375,3.630059980361643,3.7866778511550367,-98.19058397365514,415.4136657714844,328.919677734375,3.822821578660752,3.98775609195032,-37.811614801770965,413.58150482177734,319.2436981201172,2.5546108398666285,2.6648287736225806,-143.1338781896736,419.3406677246094,310.2221488952637,3.818198928913817,3.9829339993388855,-144.6437075114982,415.38360595703125,302.693510055542,2.053045974408086,2.141624039479261,-32.930560681662655,399.4400405883789,318.6716651916504,5.399712995976756,5.63268202593781,15.220754326821817,399.84752655029297,309.4340229034424,9.217088087032666,9.614756643176577,10.102570623209983,405.83351135253906,300.42137145996094,8.04476013072248,8.391848941798218,-9.130165163059756,397.7023696899414,292.53092765808105,2.7596100244131834,2.878672587726707,-21.067397969852873,386.3492202758789,309.20196533203125,3.730076347570082,3.8910093951267846,-95.07249792743652,388.44215393066406,300.69811820983887,6.116006673111594,6.379879983217477,-67.31633263734696,394.368896484375,291.51251792907715,6.083805101702615,6.346289084475738,-49.94340117312064,383.6661911010742,281.18388175964355,4.914063518002468,5.1260793439934105,8.868454217172218,376.2887954711914,298.9522075653076,2.781467710137955,2.901473316876988,-164.2500522654446,379.3463897705078,291.3361358642578,4.985275278488339,5.200363514952685,-182.60531183612295,383.64757537841797,282.58423805236816,6.5488109283452305,6.831357450819979,-147.72294123272843,302.35945056806105,306.56773372543813,263.45749926233003,288.8240562826276,362.16015600290075,333.72745079890484,376.8434883153702,350.2176830020237,483.1553582573358,319.2682499042176,291.98784240704055,268.14723492963316,333.5834032075778,302.1314877721091,264.4734009262571,266.7110180907302,325.7799145712547,277.5309234032144,264.595712388696,264.01504168278717,321.5459237838824
93,3.72,431.009521484375,238.786940574646,2.6975343960721405,2.8139187246480755,-73.99771289325247,442.64427185058594,269.89219665527344,6.62452448621011,6.910337647882872,117.59382706643677,438.2645034790039,294.76770401000977,7.336590796892543,7.653125850227183,-241.07321991476692,425.29624938964844,309.27884101867676,19.147934899819774,19.97406692252027,-755.2441379466941,411.79847717285156,312.9939079284668,35.96444642226904,37.516121891377324,-1027.066134867709,434.6685791015625,310.0906562805176,14.779060457831786,15.416698676967176,290.7505206453035,415.3710174560547,329.02090072631836,2.746016763759318,2.864492849837682,-28.081581052815952,413.4671401977539,319.19837951660156,3.0754108518851426,3.2080985490700145,13.581744386185846,419.4028854370117,310.22878646850586,1.5642692213790603,1.6317591571171526,-58.779371055543315,415.78662872314453,302.6124858856201,10.277167232423821,10.720572591684439,214.47371380512945,399.59102630615234,318.8697338104248,6.226348484202252,6.4949824593125705,21.55751083436901,399.8865509033203,309.5027732849121,1.9763468637608372,2.0616157682489074,-188.82852187319173,405.9447479248047,300.44809341430664,2.8600303597011276,2.983425528862004,-135.21058532340535,397.9071044921875,292.5030326843262,5.165659977893236,5.388530859189167,62.7464567865615,386.67030334472656,309.3229866027832,8.57833335630552,8.94844302735472,126.43584080569839,388.629150390625,300.7192897796631,4.704778913957081,4.907765217225878,-36.802869149789984,394.5613098144531,291.44734382629395,5.078788811404066,5.297911661757676,-26.209435567951544,383.6342239379883,281.2551212310791,1.952076107343638,2.036297857180498,-77.24453717032281,376.5120315551758,299.1400337219238,7.293533707242683,7.608211075101049,117.66844395560152,379.5270538330078,291.51111602783203,6.287763966798146,6.559047694851929,33.9671044974811,383.8204574584961,282.69198417663574,5.092730168265815,5.312454514363152,-37.97257341142068,302.472007317047,306.8441472313535,263.7636242963391,289.6230189595284,363.6608008785559,334.3441187459835,376.9580680293637,350.3460069439865,483.2206286236205,319.697072807885,292.24764170541306,268.2296995603631,333.7027402287323,302.34702900647665,264.8313386473513,266.90732869941917,325.99183103772504,277.6123753175016,264.90004083170004,264.27740359058123,321.75842196445694
94,3.76,431.2974166870117,238.7821340560913,7.1983830789392345,7.5089552009090585,117.37591190652456,442.7248764038086,270.0121021270752,3.6119953080176272,3.7678337838328644,-78.56259660125019,438.32408905029297,294.9071502685547,3.791083233063238,3.9546484047615156,-92.46193613664168,425.5419921875,309.52898025512695,8.766383244666834,9.144606272871952,-270.73651624120794,412.11029052734375,313.35448265075684,11.917468753740488,12.431644439970245,-627.111936285177,434.43798065185547,310.10753631591797,5.7803860490890155,6.029779106027421,-234.67298927349387,415.2880859375,328.9439392089844,2.828505780458082,2.950540830914195,2.151199526912828,413.5921096801758,319.19371604919434,3.1264116276741283,3.261299738338693,1.330029731716964,419.56233978271484,310.0963497161865,5.182011055595648,5.405587399332635,94.34570605538705,415.69644927978516,302.4998474121094,3.60726330819474,3.7628976232685942,-173.94187421039612,399.5891571044922,318.86438369750977,0.14168103050955397,0.1477938169236257,-158.67971605972363,400.0385284423828,309.67918395996094,5.821184300180943,6.072337585670027,100.26804543552798,406.14227294921875,300.50439834594727,5.134830851451647,5.356371619149503,59.32365225718749,397.97481536865234,292.34850883483887,4.217699524919696,4.399670931125888,-24.72149820158198,386.64344787597656,309.2201614379883,2.656857955942163,2.771487311465565,-154.42389289722888,388.704833984375,300.8042335510254,2.8442321740856675,2.9669457351720556,-48.520487051345555,394.62657928466797,291.5024757385254,2.135947021876679,2.228101828272051,-76.74524583714063,383.780517578125,281.05974197387695,6.101991646652911,6.365260282561962,108.2240606345366,376.5887451171875,298.9987850189209,4.018408165596768,4.191781204686842,-85.41074676035517,379.6903610229492,291.48688316345215,4.127383402548484,4.305458146203473,-56.33973871621141,383.9787292480469,282.6954174041748,3.957725547816397,4.128480453200045,-29.599351529077666,302.77236552508333,306.99486058270674,263.9218102325296,289.9888032104433,364.1580666561547,334.5853099102246,377.0760896626003,350.47645893352006,483.4368521195938,319.8475887128157,292.25355345809,268.4725930637899,333.91699509349826,302.5230158437217,264.94219813980993,267.0260065288261,326.08095511085594,277.8669857288041,265.0677120798875,264.4496219164294,321.92356118258493
95,3.8,431.4012145996094,238.92497062683105,4.4142024053276865,4.6046518705468875,-72.60758325905428,442.71121978759766,270.3408622741699,8.226091777238413,8.581004088900483,120.32925762669046,438.15574645996094,295.0840473175049,6.104905488979021,6.368299841758708,60.3412859249298,425.1769256591797,309.42166328430176,9.512836798470703,9.923265345834016,19.466476824051604,411.5906524658203,312.8968334197998,17.31088049427653,18.057753344653612,140.65272261708418,434.4309616088867,310.3080940246582,5.017012401527541,5.233469926836259,-19.907729479779057,415.0547409057617,328.7893009185791,6.998343763723902,7.300285248240493,108.74361043315743,413.51245880126953,319.09069061279297,3.2556204339793533,3.3960832206109153,3.3695870568055564,419.6569061279297,310.1858711242676,3.2554642672078784,3.3959203160699905,-50.24167708156612,415.7087707519531,302.640438079834,3.528239161362714,3.6804640028507176,-2.060840510446915,399.4841003417969,318.82304191589355,2.822461945627177,2.9442362366061015,69.91106049206189,399.8761749267578,309.70330238342285,4.103379886301453,4.280419005303818,-44.79796450915523,405.9798049926758,300.6096839904785,4.83999637445685,5.048816595311618,-7.688875595947131,397.9707717895508,292.4710464477539,3.065107778576732,3.197350952692309,-30.05799946083947,386.69078826904297,309.28905487060547,2.08976940615777,2.1799318928969003,-14.788885464216616,388.6301803588867,300.8803367614746,2.665152720673648,2.7801399513831364,-4.670144594722981,394.55726623535156,291.5984916687012,2.960506465651091,3.0882366468681397,21.503370464902215,383.8020324707031,281.20739936828613,3.730415252216929,3.8913629217149985,-61.847434021174095,376.5681457519531,299.09085273742676,2.3586011000873666,2.460362251237777,-43.28547383622663,379.59766387939453,291.6252136230469,4.162937400058297,4.342546110484719,0.9271991070311403,383.9205551147461,282.8526020050049,4.190109524479048,4.370890568226334,6.060252875657213,302.9565515999052,307.33810074626274,264.1765422261999,290.38573382427666,364.88037678994084,334.79464870729805,377.3681010725299,350.61230226234443,483.57268893223664,319.99480727292973,292.37132290755426,268.64380982400206,334.11894775731076,302.6509098818294,265.0293954155258,267.13721212688137,326.20448457673064,278.0226402456727,265.166126569937,264.62332376084873,322.098396805314
96,3.84,430.48736572265625,239.24612045288086,24.215916520445642,25.2607051204304,516.4013312470878,442.4238586425781,270.0438594818115,10.331598567490113,10.777352350702028,54.90870654503861,438.8795471191406,295.178918838501,18.24979451468328,19.037176534476213,316.72191731793765,426.94618225097656,310.3798198699951,50.30117375820028,52.471403113923756,1063.7034442022434,414.2425537109375,315.0039768218994,84.67819056162722,88.33160620218035,1756.8463214381686,433.81919860839844,310.0283718109131,16.817001918239132,17.542566522629123,307.7274148948216,415.66650390625,328.86013984680176,15.396268267793001,16.06053573646039,219.00626220549748,413.9628601074219,319.2618942260742,12.04605780391175,12.565781426912283,229.24245515753418,419.5621871948242,310.23911476135254,2.716450024695983,2.833650462508628,-14.056746339034065,415.11600494384766,302.70606994628906,14.909704162753085,15.552978966134473,296.8128740820939,399.69749450683594,318.95007133483887,6.208539630536233,6.476405247890058,88.3042252820989,400.1115417480469,309.9060344696045,7.7660253400338926,8.101088220499706,95.51673037989721,405.96561431884766,300.95229148864746,8.57253146047304,8.942390810432022,97.33935537801008,397.4866485595703,292.88503646850586,15.924883027218057,16.61195742429407,335.365161790044,386.6465759277344,309.66124534606934,9.370181466692864,9.77445519170028,189.8630824700845,388.59771728515625,301.3369560241699,11.444294490608646,11.93805521234557,228.94788152406088,394.36180114746094,292.12924003601074,14.139935245296039,14.749998595007991,291.5440487034963,383.50345611572266,281.9634246826172,20.32120376083183,21.197956123657278,432.66483004855695,376.2977981567383,299.75955963134766,18.032206122237664,18.81020035479883,408.7459525890264,379.3806457519531,292.2568988800049,16.6981123838946,17.418547534272978,326.9000355947065,383.753662109375,283.50245475769043,16.773525930293744,17.497214775963634,328.15810519343256,303.9669798047224,307.7691948402908,264.93802928757896,292.4845899488336,368.41364103802806,335.4963513682032,378.0105225019883,351.11493351942096,483.686034950737,320.6169264315751,292.63037911746983,268.96785335282203,334.47664338972805,303.31538817880113,265.4203736231938,267.6147343353752,326.79448452053094,278.870558490619,265.91853458412896,265.3200656622197,322.7982853963525
97,3.88,430.4473114013672,239.51760292053223,6.860533821066836,7.156529536116841,-452.604389607839,442.5030517578125,270.1130676269531,2.629319880509262,2.742761113862953,-200.86478092097687,439.0713882446289,295.89345932006836,18.49613333286105,19.29414356855275,6.424175851913461,427.4542236328125,311.7777156829834,37.18382334453331,38.788108472515766,-342.08236603519975,415.4081344604492,316.984806060791,57.45793546848088,59.93694120445805,-709.8666249430576,434.1853713989258,310.321626663208,11.728195750974935,12.234205309137339,-132.7090303372946,415.3862762451172,328.8080406188965,7.125739944572951,7.433177899864055,-215.68394591490838,413.9189147949219,319.30355072021484,1.513781274410743,1.5790929225178634,-274.6672126098605,419.8390579223633,310.43426513671875,8.468362768769962,8.833727791145892,150.00193321593161,415.3153991699219,302.7091884613037,4.985465282174852,5.200561716292401,-258.81043124605185,399.5228958129883,319.0419673919678,4.932645664926354,5.145463212184089,-33.273550892649205,400.0553512573242,310.116605758667,5.448488266545584,5.683561691217797,-60.438163232047735,406.09413146972656,301.1787986755371,6.5106721898881945,6.79157322770313,-53.770439568222294,397.58182525634766,292.81402587890625,2.968702099058883,3.096785878470197,-337.8792886455968,386.4542007446289,309.6391010284424,4.841137642514026,5.050007103043645,-118.11120221641589,388.5688781738281,301.4824390411377,3.7078466264330436,3.867820579205735,-201.75586582849593,394.5286178588867,292.4114799499512,8.196309544240533,8.549936910214424,-155.0015421198392,383.54278564453125,281.91919326782227,1.4797022274486595,1.5435435450921666,-491.3603144641278,376.19346618652344,299.8228454589844,3.050640915096318,3.1822599206395803,-390.69851085398125,379.33887481689453,292.47270584106445,5.495307967793761,5.732401414713634,-292.1536529889836,383.75179290771484,283.8778781890869,9.385702116662515,9.790645475550564,-192.66423251032677,304.2532409861671,307.87890528484536,265.70979503032106,294.0361142877342,370.8111186862064,335.9857195805687,378.30784961798287,351.1780972363217,484.0393840623828,320.8249489002268,292.8361976459572,269.19519582047076,334.74830631883617,303.43925961393995,265.62237390731553,267.76944715854347,327.13648199693955,278.9323002324226,266.0458249809546,265.5493617188082,323.18991121537454
98,3.92,430.247802734375,239.68713283538818,6.545232054521997,6.827624167537655,-8.22263421447964,442.6177215576172,269.8567199707031,7.020651850617011,7.323555810985122,114.51986742805423,439.1055679321289,295.2726745605469,15.543124860604463,16.21372841380008,-77.01037886881679,427.23278045654297,310.5970573425293,30.031142140286764,31.326826940248907,-186.5320383066715,414.83997344970703,315.3981399536133,42.13309469551615,43.95091468109412,-399.6506630840983,434.13604736328125,309.85645294189453,11.69453535558625,12.199092645884113,-0.8778165813306593,415.6404495239258,329.16455268859863,10.946029859714567,11.41829310041689,99.62788001382086,413.84185791015625,319.6624946594238,9.178048369092618,9.574032568081764,199.87349113909752,419.5130157470703,310.55585861206055,8.699442270753163,9.074777150316136,6.0262339792561015,415.2496337890625,302.66833305358887,1.935563493392293,2.01907281135412,-79.53722262345703,399.74365234375,319.19219970703125,6.67566449704079,6.96368407944819,45.45552168160252,400.11531829833984,310.12049674987793,1.5023285719120425,1.5671460965363884,-102.9103898670352,405.9668731689453,301.2001705169678,3.226010570723202,3.3651958485084226,-85.65943447986768,397.5320053100586,292.988977432251,4.547669256469308,4.743877109748316,41.177280781952966,386.5756607055664,309.7993469238281,5.026882054198535,5.243765402770549,4.843957493172613,388.61114501953125,301.5121364593506,1.2914194937652677,1.347137408209879,-63.01707927489639,394.43389892578125,292.4625778198242,2.6905701758875726,2.8066540352307827,-143.582071874591,383.5441589355469,282.2080135345459,7.220588289680937,7.532118448940971,149.7143725962201,376.3015365600586,299.86470222473145,2.8973257577930074,3.0223300259415433,-3.9982473674509245,379.4023895263672,292.4501323699951,1.685170598840455,1.7578767889700535,-99.36311564358952,383.78231048583984,283.95652770996094,2.1090681752152016,2.200063301672425,-189.76455434695347,304.5263459528686,308.1718475172848,266.35834416687305,295.28918736534416,372.5691552734502,336.473683286404,378.76458134199953,351.56105853904495,484.40237514839544,320.9057118126809,293.11474500913516,269.2578816643322,334.8829141527765,303.6290146983299,265.8321245234264,267.8233326548718,327.2487481583488,279.23358497038026,266.1667181819922,265.619676790367,323.2779137474414
99,3.96,430.6019973754883,239.585223197937,9.214099861041616,9.611639491053534,69.60038308789697,442.5923156738281,270.15149116516113,7.396600402097913,7.715724552209262,9.804218530603492,438.90209197998047,295.3183937072754,5.213726083635914,5.438670762935038,-269.37644127162605,426.81732177734375,310.07068634033203,16.764403249074235,17.48769849934453,-345.97821102260946,414.3862533569336,314.576940536499,23.45514875852333,24.467114257048305,-487.09501060114536,434.3415069580078,309.71909523010254,6.178631829435184,6.445207083501929,-143.8471390595546,415.5097961425781,329.0199279785156,4.872538662248494,5.082762910544199,-158.38825474681727,413.55045318603516,319.66014862060547,7.285354192583399,7.599678657686166,-49.35884775988995,419.2735290527344,310.67407608032227,6.676883936676845,6.964956131448887,-52.74552547168121,415.5155944824219,302.54682540893555,7.310061478939364,7.625451932649231,140.1594780323778,399.58988189697266,319.18304443359375,3.8510687910808685,4.017222022047009,-73.66155143502952,399.85416412353516,310.1480197906494,6.5650124138889705,6.848257944695063,132.0277962039669,405.78895568847656,301.1571407318115,4.576174184494966,4.773611874514592,35.21040065015424,397.8014373779297,292.8541374206543,7.532241861021789,7.857218222006484,77.8335278064542,386.49593353271484,309.7774314880371,2.0671097601501858,2.1562946031231416,-77.18676999118519,388.42864990234375,301.5268135070801,4.577109044427849,4.774587068704477,85.68624151236494,394.2887878417969,292.50237464904785,3.761732838016222,3.9240316955477703,27.93444150792469,383.7619400024414,281.9934368133545,7.64328800218592,7.973055416289031,11.023424183701502,376.2400817871094,299.77094650268555,2.8025462233685587,2.923461256364879,-2.471719239416603,379.27650451660156,292.3838996887207,3.556139387777989,3.7095679763333838,48.792279684083255,383.6795425415039,283.90110969543457,2.9189474469702894,3.044884576542665,21.120531871756,304.91081153251076,308.48047649937314,266.57589099739045,295.98869530531795,373.54783984373205,336.7314915697441,378.9678918584213,351.86504568535247,484.6809733936534,321.2107298899869,293.27543389001704,269.5318119821201,335.0738586277571,303.94330342721014,265.91837630755134,268.01431613762,327.4057094261707,279.55250718703184,266.28365663224685,265.76805950942037,323.3997091305031
100,4.0,430.85777282714844,239.46516036987305,7.063823519997603,7.368590109350791,-56.076234542568585,442.63683319091797,270.07344245910645,2.246303887035259,2.343220007938401,-134.31261360677152,438.62293243408203,295.35326957702637,7.033241533830122,7.336688672379715,47.45044773611693,426.1472702026367,309.83994483947754,17.716707386390183,18.481089518734336,24.834775484745197,413.39378356933594,313.93092155456543,29.60507562387586,30.88237790923008,160.38159130454437,434.4495391845703,309.8414897918701,4.081313416530947,4.257400484181522,-54.69516498301017,415.45169830322266,328.9807319641113,1.7520856291423983,1.8276788485846422,-81.37710154898892,413.6149215698242,319.50490951538086,4.202332112895112,4.383640496626767,-80.40095402648497,419.38602447509766,310.4879665374756,5.436679937660319,5.671243895453846,-32.34280589987604,415.6880569458008,302.493953704834,4.5096229311137925,4.704189286869087,-73.03156614450359,399.541015625,319.08817291259766,2.667924993395835,2.7830318329970103,-30.854754726249965,399.8031234741211,309.93215560913086,5.545408729034586,5.784663758571032,-26.589854653100776,405.7830047607422,300.8961009979248,6.527688919544415,6.809324139158286,50.892806616092344,397.9691696166992,292.70158767700195,5.66819681485186,5.912749500257227,-48.611718043731436,386.2969970703125,309.67111587524414,5.639078248964076,5.882374622403642,93.15200048201251,388.29051971435547,301.3029670715332,6.575863799756614,6.859577510416191,52.12476104279284,394.2561340332031,292.20788955688477,7.407249013718693,7.726832595048253,95.07002248751208,383.88694763183594,281.75442695617676,6.743173364362725,7.034105597006441,-23.473745482064757,376.1196517944336,299.5997428894043,5.232952102807538,5.458726283052316,63.38162566718593,379.2148971557617,292.1385669708252,6.323745398280966,6.596581534619302,72.17533895714796,383.67488861083984,283.55987548828125,8.531648551209967,8.89974402006636,146.37148608809235,305.20555513688475,308.5742052996907,266.86935854428566,296.72793888606736,374.7831349601013,336.90178758911134,379.0409990123647,352.0403913052175,484.9078231494716,321.3988974614617,293.38675516333694,269.76319853246287,335.3462315933234,304.1798134072205,266.1536712924475,268.28869923803666,327.7147827299726,279.8338714109121,266.5020056835689,266.0319227708051,323.75569889130577
101,4.04,430.7139205932617,239.44666385650635,3.625912488681618,3.7823514171656356,-89.65596730462889,442.65872955322266,269.95219230651855,3.080285111069763,3.213183106734362,21.749077469899024,438.72127532958984,295.5886459350586,6.377369903483696,6.652519653336032,-17.104225476092072,426.4292526245117,310.4948043823242,17.824756434237973,18.59380031099041,2.8177698064018486,413.8318634033203,314.86979484558105,25.90121857083041,27.01871903238301,-96.59147192117672,434.38377380371094,309.9777603149414,3.7827520386701745,3.945957763435325,-7.786068018654923,415.4722213745117,328.93200874328613,1.3217291474420656,1.3787547629850132,-11.223102139990726,413.75377655029297,319.5493412017822,3.6447633974517455,3.8020156428534087,-14.54062134433396,419.61151123046875,310.6615447998047,7.113969092609882,7.4208991979530925,43.74138256248117,415.61641693115234,302.4760150909424,1.8462945267447683,1.9259523613812786,-69.45592313719521,399.6640396118164,318.93359184265137,4.9390161291206836,5.152108528183479,59.22691737966173,400.0913619995117,309.9635410308838,7.248555555159389,7.561292353867488,44.41571488241141,406.1299514770508,301.0359764099121,9.352043721693072,9.755534899024077,73.65526899664478,397.886962890625,292.62617111206055,2.788996692293998,2.909327134755003,-75.08555913755559,386.44886016845703,309.6748638153076,3.7977335044055343,3.961585600106022,-48.019725557440495,388.50353240966797,301.4593505859375,6.606351675742392,6.891380776849438,0.7950816608311762,394.49493408203125,292.32287406921387,6.626033004175472,6.91191125041242,-20.373033615895842,383.7898254394531,281.7381763458252,2.461808607259401,2.568022615968812,-111.65207452594072,376.2242126464844,299.6434020996094,2.832743636622074,2.954961528136661,-62.59411887289138,379.3599319458008,292.3348617553711,6.1015742211332045,6.364824847340912,-5.793917181959762,383.8353729248047,283.67231369018555,4.8988241112177855,5.11018243748264,-94.73903956459297,305.3568491935714,308.70273262396006,267.13545933041905,297.47169089850695,375.86388372139663,337.0596258996487,379.09614920288413,352.1924719309316,485.2046591173897,321.4759355559169,293.5928395044643,270.0656502266176,335.7364529892844,304.2961864926107,266.31213471645174,268.56435446911064,327.99125917998913,279.93659231555085,266.62020414469436,266.2865157646987,323.96010618880507
102,4.08,430.76549530029297,239.3992567062378,1.7513188426769613,1.8268789793425513,-48.88681094557711,442.71080017089844,270.10311126708984,3.9912311607021467,4.163431655904747,23.756213729259613,438.7665557861328,295.658540725708,2.0820064698304104,2.1718340269636185,-112.01714065931034,426.75071716308594,310.6381130218506,8.799034596321976,9.178666357496363,-235.37834883735118,414.27772521972656,315.03644943237305,11.899750801694605,12.41316205209155,-365.1389245072865,434.2913055419922,310.138463973999,4.635194538783817,4.835178644640151,22.230522030120646,415.6569290161133,328.96093368530273,4.673968143924592,4.87562512557719,87.42175906480442,413.7241744995117,319.5552635192871,0.7547165258742621,0.7872785485335235,-75.36842735799712,419.4757843017578,310.5776023864746,3.98968419277936,4.161817944505663,-81.47703133618573,415.4924011230469,302.69436836242676,6.277841579116863,6.5486972086708315,115.56862118223883,399.6144104003906,319.00428771972656,2.159422038152805,2.252589667224909,-72.48797152396426,400.01453399658203,309.9569320678711,1.9277934968292194,2.01096758057333,-138.75811933235397,406.07078552246094,301.01134300231934,1.6022279316937011,1.6713555848303223,-202.10448285484387,397.74303436279297,292.7647590637207,4.995125215475935,5.210638424576214,57.53278224553027,386.29268646240234,309.67529296875,3.9043573923512884,4.072809744355011,2.7806036062247186,388.4084701538086,301.35446548461914,3.5388660761283925,3.6915494127301707,-79.99578410298169,394.41776275634766,292.2012519836426,3.6009846922815134,3.7563481183173963,-78.88907830237558,383.68858337402344,281.66839599609375,3.0740092937717294,3.2066365211437873,15.965347629374381,376.1052703857422,299.4531440734863,5.609443928250626,5.851461737634045,72.4125052374346,379.30030822753906,292.01537132263184,8.125158628885002,8.475716209530752,52.77228405474601,383.8312530517578,283.3535671234131,7.969329770405463,8.313164160758143,80.07454308188757,305.4299243527451,308.8692698901963,267.2223326914976,297.8388375528068,376.3604102034803,337.25303304543434,379.29117420790715,352.223963072873,485.37113183516993,321.73788344426373,293.6829430911533,270.1460889298405,335.8033072126776,304.5046120295937,266.47504710622593,268.71201644561984,328.1415131047218,280.0648577763966,266.85426261419974,266.62554441308,324.2926327552354
103,4.12,430.8742904663086,239.44147109985352,2.9174521393579207,3.0433247543229074,30.411144374508904,442.66395568847656,270.02285957336426,2.323082526407344,2.4233112391370457,-43.50301041919252,438.72779846191406,295.5186367034912,3.629330655664631,3.785917059958358,40.352075824868486,426.7335510253906,310.40865898132324,5.752381734860914,6.00056655389384,-79.45249509006307,414.2829132080078,314.99942779541016,0.934584408246005,0.9749067778178737,-285.9563818568419,434.2831039428711,310.2392864227295,2.528887155962965,2.637995248938393,-54.92958489254395,415.53382873535156,328.8834285736084,3.6366813049782656,3.7935848508758987,-27.05100686753228,413.5747528076172,319.68921661376953,5.016863657333688,5.2333147651178855,111.15090541460906,419.34627532958984,310.85057258605957,7.553364471108931,7.879252160896826,92.93585540977907,415.5868911743164,302.7934169769287,3.422261480336793,3.569913945929165,-74.46958156854167,399.65885162353516,318.96217346191406,1.530652031341492,1.5966915632972156,-16.397452598192334,399.92637634277344,310.12410163879395,4.724764370286507,4.9286129401938945,72.94113399051412,405.8403778076172,301.3098335266113,9.42683364628691,9.833551612929954,204.05490070249078,397.88639068603516,292.8567123413086,4.257819326888048,4.441521690156914,-19.227918360482498,386.4174270629883,309.70333099365234,3.196320958829545,3.3342252870369014,-18.464611432952736,388.44581604003906,301.5326499938965,4.5514032564657265,4.747772212076968,26.40556998366993,394.41524505615234,292.4791145324707,6.946848874468896,7.246568627125547,87.25551272020377,383.81500244140625,281.79802894592285,4.526759483845373,4.722065191130967,37.88571674967949,376.24263763427734,299.5656681060791,4.439272102570626,4.630803192508114,-30.516463628148284,379.35935974121094,292.2129821777344,5.1561329575380626,5.378592798341244,-77.4280852797377,383.8471984863281,283.60459327697754,6.288301969580129,6.559608909605793,-43.83888127880875,305.551657342918,308.9662023397617,267.373769373896,298.07886021496256,376.399406474593,337.3585528553919,379.44291760194216,352.4332956634777,485.68630192160583,321.8806800021009,293.74681075368517,270.34323344744826,336.1966492771948,304.6822728972,266.6084161177074,268.90192733410294,328.43137584980684,280.25374038404186,267.03949474190006,266.8406881250136,324.55501711161963
104,4.16,430.677490234375,239.64543342590332,7.085679295979812,7.391388846363228,108.70160230100801,442.5852584838867,270.21337509155273,5.1532400415223885,5.37557506831445,73.8065957294351,438.80542755126953,295.6721591949463,4.300830653543415,4.486388727857609,17.51179169748127,426.98665618896484,310.80227851867676,11.699320600314996,12.204084348590051,155.08794486740527,414.7551727294922,315.6103992462158,19.305361453043115,20.13828559810676,479.0844705072221,434.4694519042969,310.15594482421875,5.103392546254783,5.323576917516238,67.13954171444612,415.4087448120117,328.86683464050293,3.154495452326398,3.29059523135032,-12.574740488139469,413.5118865966797,319.65694427490234,1.7666465997754095,1.8428680480154045,-84.76116792756203,419.34967041015625,310.87108612060547,0.5198146734763734,0.5422419247635331,-183.42525590333233,415.8636474609375,302.8465747833252,7.04537945062148,7.3493502760230855,94.48590825234801,399.69024658203125,318.9679527282715,0.7980614554192699,0.8324935823224707,-19.10494952436862,399.96360778808594,310.1534843444824,1.185728656152334,1.2368865704760497,-92.29315924294612,405.89427947998047,301.4487934112549,3.7261944245862746,3.886959987716936,-148.66479063032546,398.14830780029297,293.0387592315674,7.974241538934737,8.318287846096794,96.91915389849702,386.51885986328125,309.82489585876465,3.9581110871416714,4.128882626506179,19.86643348673195,388.53084564208984,301.63384437561035,3.3043849763766633,3.4469516948555774,-32.520512930534764,394.49901580810547,292.67005920410156,5.212809133939247,5.437714251713247,-45.221359385307494,384.01817321777344,282.11737632751465,9.462462499898692,9.870717662957682,128.7163117956679,376.33460998535156,299.78625297546387,5.97476976353553,6.232549448694467,40.04365640465883,379.41429138183594,292.35185623168945,3.733588086853592,3.894672647369403,-37.09800377429603,383.8970947265625,283.80967140197754,5.2765206423742255,5.504174574451598,-26.385858378854877,305.84731289677256,309.1812253424943,267.55322492301025,298.5670235889062,377.20493789851724,337.5714959320926,379.5745414111962,352.5070103853983,485.70799159859644,322.17465401314183,293.78011049697807,270.3927089102673,336.35212767670345,305.01500441104383,266.77357142276765,269.0398054018971,328.6488844198754,280.64856909056016,267.2887967198478,266.9964750309084,324.7751840945977
105,4.2,431.0408401489258,239.50655937194824,9.724619634784501,10.144185490366823,68.81991610008988,442.7750015258789,270.2724552154541,4.968204091058076,5.182555796158833,-4.825481803890419,438.79371643066406,296.00961685180664,8.441520172616816,8.805727079072122,107.98345878036284,426.89327239990234,311.3239860534668,13.249983111224362,13.821649737713999,40.4391347280987,414.7189712524414,316.18446350097656,14.380114645202427,15.000540464522395,-128.4436283396091,434.75284576416016,310.6819725036621,14.937729064117619,15.582212993630435,256.4659019028549,415.2157974243164,328.8945007324219,4.87301928098181,5.0832642654314855,44.81672585202914,413.46923828125,319.7497844696045,2.5541853595279345,2.6643849360597445,20.5379222011085,419.6173095703125,311.0874652862549,8.604165538282874,8.975389731230095,210.82869516166403,416.0296630859375,303.01920890808105,5.9876815616711285,6.246018322565191,-27.58329883644737,399.5781707763672,319.12817001342773,4.888159461781591,5.099057664881403,106.66410206397332,399.8491668701172,310.3349304199219,5.363033306692555,5.594419802241469,108.93833079413548,405.91522216796875,301.57299041748047,3.1487589356336816,3.2846112143311506,-15.058719334644632,398.24127197265625,293.02422523498535,2.3523358603519453,2.4538266995756444,-146.61152866302874,386.3779830932617,309.87982749938965,3.7801909238233304,3.9432861500412564,-4.639911911623074,388.37955474853516,301.7387294769287,4.6022969096377775,4.8008616569548925,33.847749052482875,394.44957733154297,292.7475643157959,2.2982609326907855,2.397418725055916,-76.00738816643329,384.06471252441406,281.92554473876953,4.934905362761902,5.147820404018512,-118.07243147347926,376.27933502197266,299.7977542877197,1.4114712537247722,1.4723687660635165,-119.00451706577377,379.3443298339844,292.38587379455566,1.9448349481934004,2.0287442803472686,-46.648209175553355,383.80908966064453,283.7842655181885,2.289971418807636,2.3887715625329875,-77.88507529796527,306.25308031638724,309.3885275743407,267.90545400617316,299.11988957841476,377.8049595170981,338.1947844518378,379.77787198181346,352.6135857828407,486.0670071878456,322.42449474604445,293.98407280357327,270.61648570235695,336.48351212527666,305.1131574790269,266.9313028687693,269.2318398681753,328.7447811688776,280.8544819067209,267.34769147049036,267.0776248021223,324.87073495709905
106,4.24,431.15177154541016,239.4362211227417,3.2837901146593693,3.4254682738833684,-167.9679304120864,442.6759338378906,270.26905059814453,2.4781543311464773,2.5850735713081567,-64.93705562126691,438.5165023803711,295.46948432922363,15.177919233868078,15.832766097650667,175.67597546446362,426.31500244140625,310.32952308654785,28.759267391924137,30.000077529736874,404.46069480057184,413.6805725097656,314.8268795013428,42.72957307922348,44.57312794933115,739.3146871202189,434.7283935546875,310.0891971588135,14.831986549525954,15.471908249329818,-2.757618607515422,415.274658203125,328.85830879211426,1.7274344823292729,1.8019641352884908,-82.03250325357487,413.23020935058594,319.64856147766113,6.489458942795741,6.769444741300525,102.62649513101951,419.15958404541016,310.7896327972412,13.65230858818402,14.241333429113157,131.64859244707654,416.08211517333984,302.4924945831299,13.232989117675562,13.803922543308936,188.94760551859363,399.43714141845703,318.9180278778076,6.326975825559093,6.599951337732756,37.522341821283824,399.72362518310547,309.99878883361816,8.970503094187482,9.357532813298961,94.07782527643731,405.8787155151367,301.1432361602783,10.78255121957371,11.247761222401845,199.07875020176738,398.3330535888672,292.4700450897217,14.043225646169141,14.649116488654634,304.88224472697476,386.0445022583008,309.6049690246582,10.803837524750772,11.269965918958643,183.16699422293468,388.14952850341797,301.41377449035645,9.953260041969093,10.382690520710346,139.54572159388633,394.29893493652344,292.3071098327637,11.637581439038527,12.139681469348591,243.5565686073169,384.15904998779297,281.2961769104004,15.909969759219662,16.596400727731652,286.2145080928285,376.0009002685547,299.2797374725342,14.702621635398524,15.33696192400929,346.61482894864434,379.1514205932617,291.9154644012451,12.710698556506161,13.259097909405648,280.7588407264595,383.76136779785156,283.2707691192627,12.892728762227183,13.448981754844567,276.50525480778947,306.3900990473426,309.49193051719305,268.5387646500792,300.3198926796042,379.58788463507136,338.813660781811,379.84995054722503,352.8843635724927,486.6366605250101,322.9766516477768,294.2480708570826,270.9907870148889,336.9334225741727,305.6991221385731,267.38210150552766,269.64714748900377,329.23036842765157,281.5183379358302,267.96116994745074,267.6079887184985,325.4086942272928
107,4.28,431.56742095947266,238.97692680358887,15.486197625154857,16.15434506951081,318.2219198906861,442.8228759765625,269.74708557128906,13.556351864017813,14.141236680289362,288.90407772453017,438.4548568725586,295.3073787689209,4.335780013051606,4.5228459672083865,-282.748003261057,426.13414764404297,310.3857421875,4.734781214664344,4.939061958377953,-626.525389283973,413.22261810302734,314.9769973754883,12.048278268827918,12.568097693134552,-800.1257564049149,434.4812774658203,310.5222702026367,12.465417729245567,13.003234512953412,-61.716843409410146,415.5564880371094,328.89272689819336,7.0980922326765326,7.404337335564934,140.0593300069111,413.3964157104492,319.4092655181885,7.283848153575042,7.598107641067495,20.716572494174244,419.1842269897461,310.4055118560791,9.622765069900934,10.037936440221591,-105.08492472228914,415.93738555908203,302.85999298095703,9.874263695610937,10.30028590020961,-87.59091607748313,399.6364212036133,318.83557319641113,5.391614279144333,5.624233892348277,-24.392936134611976,399.638671875,309.66808319091797,8.536073697542827,8.904360088036974,-11.329318131549693,405.7283401489258,300.6090545654297,13.873597384918376,14.47216966593458,80.61021108831837,398.2761001586914,292.75177001953125,7.185603196887637,7.495623934603002,-178.83731385129082,386.30531311035156,309.2546081542969,10.919450536422435,11.390567020034334,3.0150275268922666,388.13663482666016,300.79012870788574,15.594476363720716,16.267295462423466,147.11512354282797,394.23534393310547,291.5983486175537,17.790205800903568,18.55775900073698,160.45193828470968,384.09385681152344,281.455078125,4.293872540707083,4.479130409288297,-302.93175796108386,376.0224914550781,298.8050651550293,11.879077940357632,12.391597266229,-73.63411644450721,378.98109436035156,291.2033271789551,18.305573758222135,19.095362357081193,145.9066111918886,383.49143981933594,282.6119899749756,17.798368509030325,18.566273886506433,127.93230329154666,307.036272850123,310.05757998440464,268.71967848876756,300.51745515793937,380.09060854279676,339.3337901623291,380.14612404064763,353.18828787813544,487.03817798261895,323.38866308378516,294.47304021277654,271.3469614184104,337.5123093608101,305.9989470959572,267.837724186329,270.2978393075007,329.97267878768105,281.6975031522017,268.4568338380999,268.3718032127818,326.1513451827531
108,4.32,431.11446380615234,239.42091464996338,15.856690040648422,16.540822271364277,9.661930046336664,442.6653289794922,270.4457187652588,17.904423266371474,18.676904345178173,113.39169162222026,438.71177673339844,295.6314182281494,10.338320282783899,10.784364072426312,156.53795263044813,426.39957427978516,310.23030281066895,7.6897943255591406,8.021568241313615,77.06265707339155,413.58516693115234,314.4551753997803,15.88513115909457,16.57049047350549,100.05981950927345,434.18460845947266,311.02503776550293,14.59425661000191,15.223921521445934,55.51717521231305,415.3562927246094,328.90554428100586,5.015130135969481,5.231506451483989,-54.32077210202362,413.9334487915039,319.2011260986328,14.398926785529437,15.020164249113968,185.55141520116183,419.95948791503906,310.37498474121094,19.39654297530046,20.233401120339007,254.8866170029354,415.6504821777344,303.46824645996094,16.813050082991225,17.538444186611088,180.95395716003694,399.63600158691406,318.8885021209717,1.323264696997148,1.3803565633742736,-106.0969332243501,400.1518249511719,309.76550102233887,13.057955273113416,13.621336914974508,117.92442067343836,406.2411880493164,300.7598876953125,13.364215325013424,13.940810466788331,-13.283979978656202,398.154296875,293.3353328704834,14.90347360788351,15.546479595806527,201.2713915300881,386.5871810913086,309.4215488433838,8.189885238878771,8.54323543008626,-71.18328974870187,388.63162994384766,300.83733558654785,12.431026089800621,12.967359056334066,-82.49841015223498,394.66712951660156,291.60810470581055,10.797394690767344,11.263245110796877,-182.36284724850256,384.4081497192383,282.0586967468262,17.013514342559755,17.747557417732057,331.710675211094,376.4961242675781,299.1393184661865,14.492526459701347,15.117802253714318,68.15512468713294,379.57881927490234,291.3365077972412,15.309558912690289,15.970085331720064,-78.13192563402822,384.1042709350586,282.5339126586914,15.444619688503492,16.110973265004493,-61.38251553754852,307.6979057409776,310.80465615821174,269.1510530516646,300.8383178875919,380.75342816173696,339.94274702318694,380.355384298707,353.7890944481,487.84751402743245,324.0902008512496,294.52825447531154,271.89181489500936,338.06994177948167,306.62080627978946,268.17945360353247,270.81653366975405,330.4232085921129,282.407405448911,269.06154592824845,269.01060662605056,326.7957841133533
109,4.36,431.1979675292969,239.0729856491089,8.945231320884181,9.331170696765149,-180.2412893649782,442.7322006225586,269.9146556854248,13.381419286859058,13.958756688510675,-117.95369141668743,438.64681243896484,295.31410217285156,8.0974470707225,8.446809044337167,-58.43887570222863,426.10931396484375,310.023136138916,8.915193503055278,9.299836906115662,31.956716620051175,413.189697265625,314.0798091888428,13.631215294909623,14.219330071900828,-58.77901004011656,434.2457962036133,310.6361961364746,9.840660308714568,10.265232705063344,-123.96722040956476,415.45963287353516,328.92016410827637,2.6092294994670038,2.7218039392362114,-62.74256280619445,413.88427734375,319.35585021972656,4.058739407319758,4.233852525978565,-269.65779307838505,419.86061096191406,310.37012100219727,2.4749126015473455,2.5816919782383794,-441.2927285525157,415.5596160888672,302.89916038513184,14.407368051417594,15.028969710937552,-62.73686189183838,399.4004440307617,318.83471488952637,6.040510560323947,6.301126612835755,123.01925123653703,399.7991943359375,309.66562271118164,9.162560635549486,9.557876620827546,-101.58650735367405,405.8797073364258,300.53772926330566,10.607269756623591,11.064917292256883,-71.89732936328622,397.9650115966797,292.7888774871826,14.45774884203973,15.081524165961604,-11.623885746123097,386.1703872680664,309.16723251342773,12.20639911007636,12.733040611598899,104.74512953781598,388.1850051879883,300.69703102111816,11.703606378667534,12.208555035589802,-18.970100518606614,394.1892623901367,291.5096855163574,12.197421023734307,12.723675168360733,36.51075143909641,384.10877227783203,281.57097816467285,14.30682240664829,14.924086053880158,-70.58678409629748,376.1155319213867,298.78801345825195,12.948594097897939,13.507257384001171,-40.26362174282867,379.18025970458984,291.05690002441406,12.171437818542714,12.696570925418936,-81.83786015752821,383.5853958129883,282.3915481567383,13.45127883604016,14.031630307405921,-51.98357393996429,308.0711525688482,311.3630064257522,269.48892541343804,301.2103113638366,381.32220136461297,340.35335633138953,380.4642564562764,353.9584485491391,487.95078170656205,324.6913596396871,294.78029953982497,272.27412995984247,338.5125384711719,307.2240672464279,268.6887752279965,271.30487587117767,330.9321555988474,283.00436889106624,269.60183622360853,269.51846946306733,327.35704932564954
110,4.4,431.23260498046875,238.97300720214844,2.6452129971312544,2.7593399343298057,-164.2957690608836,442.6456069946289,269.9835777282715,2.766846624338877,2.88622140862899,-276.8133819970421,438.4791564941406,295.4190158843994,4.944403572831566,5.157728411569624,-82.22701581918857,425.9056091308594,310.0935459136963,5.388250862595081,5.620725362180687,-91.97778859837436,412.8834533691406,314.0336608886719,7.7425363150018525,8.076585768387277,-153.56860758783876,434.2588806152344,310.8485412597656,5.318696575110463,5.548170175408089,-117.92656324138137,415.5491256713867,328.7705898284912,4.357567128036356,4.545573080864812,45.59422854071501,413.97335052490234,319.1213035583496,6.272268726489312,6.54288391695481,57.72578477440611,420.04322052001953,310.1595211029053,6.9686157293464595,7.269274606558417,117.18956570800094,415.5997085571289,303.11742782592773,5.54797720586679,5.787343051581154,-231.04066648390997,399.5646667480469,318.7401008605957,4.738203466439897,4.942631862200389,-33.96236876588414,399.9053955078125,309.58319664001465,3.360872851251717,3.5058767224874554,-151.29999745850228,406.01993560791016,300.4908084869385,3.696749195103314,3.8562443524633836,-180.21682349483748,397.97130584716797,292.9617404937744,4.324439026998533,4.511015677645746,-264.2627122078964,386.2809753417969,309.29966926574707,4.313439420600798,4.499541496463325,-205.8374778783893,388.31993103027344,300.67949295043945,3.4015223466385534,3.5482800284038016,-216.50687517965,394.44324493408203,291.4141273498535,6.784103469440566,7.0768016194364245,-141.17183872310773,384.0735626220703,281.64012908935547,1.9399694332836357,2.0236688442269446,-322.5104302413303,376.04625701904297,298.8856601715088,2.9931059019644253,3.12224257627858,-259.6253701930648,379.1933059692383,291.02545738220215,0.8510452288742907,0.8877633251085818,-295.22019000775884,383.75171661376953,282.26901054382324,5.164668149517946,5.387496238670173,-216.10335171839372,308.1815261662214,311.47845528209734,269.6952345499008,301.43514037832375,381.6452647953485,340.5752831384059,380.646079379511,354.22016390581734,488.2415526908244,324.92285336175036,294.97800481431295,272.41436502874194,338.6667882452705,307.40450787353376,268.868756887855,271.4468070723138,331.21522766362483,283.0853156448353,269.7267259266597,269.5539799960717,327.57254917519634
111,4.44,431.14925384521484,239.15698528289795,5.049464448359154,5.267322107689114,62.6995543339827,442.52437591552734,270.15798568725586,5.310079489590101,5.53918130826595,66.32399749092399,438.4351348876953,295.70932388305664,7.340667370818125,7.657378306736472,62.4912473791712,425.96778869628906,310.4197311401367,8.301472019505757,8.659636589562364,75.97278068454192,413.0582809448242,314.45265769958496,11.350192971232334,11.83989371057699,94.0826985547428,434.29332733154297,311.021089553833,4.3988272620387665,4.588613371220303,-23.988920104694643,415.45936584472656,328.7877559661865,2.2846639202292596,2.383235073488591,-54.058450184405515,413.82640838623047,319.0875434875488,3.7692617395468093,3.9318854293217673,-65.27496219082606,419.9010467529297,310.1044178009033,3.8119674988806294,3.97643371608865,-82.32102226174418,415.70228576660156,303.2548141479492,4.286394564621603,4.471329798122767,-32.900331336459686,399.5705795288086,318.76441955566406,0.6256795836148873,0.6526743453308902,-107.24893792173746,399.8268127441406,309.5975589752197,1.9971115734437546,2.08327636522729,-35.56500893150414,405.9294891357422,300.5129814147949,2.3281166016436807,2.428562508069684,-35.692046109842494,398.07456970214844,293.08616638183594,4.0423713156177,4.216778237771438,-7.35593599685771,386.3606262207031,309.2933750152588,1.997479677579244,2.0836603511075005,-60.39702863389562,388.3175277709961,300.65866470336914,0.5241609552275666,0.5467757255632881,-75.03760757101283,394.4131851196289,291.4083766937256,0.7651235565490379,0.7981345874876067,-156.96667579872044,384.1343307495117,281.7757987976074,3.7164360489843853,3.876780589868186,46.327793641031036,376.19213104248047,298.9903450012207,4.488745947203458,4.682411571624749,39.00422488365424,379.2741394042969,291.07521057128906,2.3729496475497167,2.4753298625626226,39.689163436351016,383.7767791748047,282.2685241699219,0.6266819993090912,0.6537200099555596,-118.34440571786533,308.3922190505289,311.700022534428,270.00152968217026,301.7815258419063,382.1188605437716,340.7588276732547,380.74140878245055,354.3774393229902,488.40061003946795,325.1017065536752,295.0041117881262,272.49769608335106,338.7639307455933,307.57317900304463,268.9521033018993,271.4686781013363,331.2471530471243,283.24038686843005,269.91402238952463,269.6529931905742,327.5986979755946
112,4.48,430.9674072265625,239.15857315063477,4.54633877691988,4.742489227049823,-13.12082201598226,442.58827209472656,270.01699447631836,3.8698549131299234,4.036818665809673,-37.55906606140691,438.4564971923828,295.48619270324707,5.60378619020058,5.8455598981389265,-45.29546021493864,425.9904098510742,310.347318649292,1.8965899454928978,1.9784177611869138,-167.03047070938626,413.0839157104492,314.65779304504395,5.168271662583727,5.391255224247922,-161.2159621582267,434.22618865966797,310.87071418762207,4.117064490038114,4.294694027246097,-7.347983599355157,415.29247283935547,328.9071750640869,5.130435908937161,5.351787058132127,74.21379961608841,413.76766204833984,319.11781311035156,1.6521543284790503,1.7234360413290675,-55.2112346998175,419.8354721069336,310.0631904602051,1.9364477495148735,2.019995218447181,-48.91096244103672,415.6048583984375,303.15281867980957,3.526255768198208,3.678395036771149,-19.82336903379045,399.4852828979492,318.8181209564209,2.5198407289954337,2.6285585165385528,49.39710428019156,399.7645568847656,309.6218490600586,1.670666081238098,1.7427464782193585,-8.513247175198286,405.80013275146484,300.53812980651855,3.294457064486604,3.43659544612534,25.200823451391397,398.01002502441406,293.01770210266113,2.352309097828121,2.4537987823905962,-44.07448638452104,386.3318634033203,309.1980743408203,2.488664075893119,2.5960367559025435,12.809410119876075,388.2783508300781,300.6028461456299,1.7048724453351476,1.7784286658403845,30.79132350692741,394.28672790527344,291.41003608703613,3.1617025327250565,3.2981132591142512,62.49946679066611,384.0818405151367,281.7798900604248,1.316235905950974,1.3730245172045317,-62.593901816591355,376.1709213256836,298.93275260925293,1.5343434465540333,1.6005422435340075,-77.04673320226854,379.2037582397461,291.069917678833,1.7644976328397814,1.8406263645330296,-15.867587450739823,383.6228942871094,282.38147735595703,4.772249266363527,4.978146558153932,108.1106637049593,308.581918619611,311.8614952810604,270.23535207809584,301.86066255235374,382.3345107527415,340.9306154343446,380.9554802647758,354.44637676464333,488.48140984820583,325.24884235514605,295.1092541287877,272.5674059424798,338.9013945634383,307.67133095434025,269.05594477213543,271.53981524796995,331.3790775774889,283.2953078491182,269.978044079266,269.7266182451555,327.79782383792076
113,4.52,431.2457275390625,238.62849712371826,14.96752298022463,15.613292359489934,271.77007831100275,442.59159088134766,269.65046882629395,9.163516876398207,9.558874118406598,138.05138631492312,438.00907135009766,294.90766525268555,18.28393925344381,19.07279443795369,330.68086349536907,425.09716033935547,309.2611312866211,35.15765987850076,36.67452677933377,867.4027254536715,411.82865142822266,312.97757148742676,52.43348703902936,54.695714424458856,1232.6114800052733,433.8465881347656,310.66317558288574,10.81575329559957,11.282395792238063,174.69254412479916,415.50594329833984,328.72541427612305,7.009218077835324,7.311628731437738,48.99604183264026,413.84613037109375,318.995361328125,3.6359074388549044,3.7927775965261237,51.7335388799264,419.6818161010742,309.8738479614258,6.096143759615804,6.359160090157632,108.47912179276126,415.12733459472656,302.99983978271484,12.535737066156125,13.076587756984544,234.95481800533486,399.5857620239258,318.71655464172363,3.5717442376062842,3.7258460928204613,27.432189407047712,399.84203338623047,309.54139709472656,2.792302701738555,2.9127757810052413,29.25073256964707,405.7984924316406,300.31102180480957,5.677848133831919,5.922817222557667,62.155544410808176,397.5271224975586,292.82758712768555,12.974459385494747,13.534238621828221,277.0109959859406,386.3522720336914,309.1002559661865,2.4981176175297772,2.6058981678142388,0.24653529779238292,388.28380584716797,300.53297996520996,1.7519703867930319,1.827558634137988,1.2282492074400853,394.21836853027344,291.2486457824707,4.381768661034091,4.570818781889672,31.817638069385524,383.5968780517578,281.4742183685303,14.331429057150105,14.949754351084726,339.41824584700487,376.01818084716797,298.7962245941162,5.121617950801424,5.34258865178467,93.55116020626656,379.073486328125,291.0084056854248,3.601605222888893,3.7569954215354255,47.9092264250599,383.46668243408203,282.2713565826416,4.778122522355453,4.98427321404918,0.1531663973812103,309.20645031399056,312.24385024579664,270.99826385561397,303.32764362352714,384.52233932971984,341.3819112660341,381.2479454140333,354.59808786850436,488.7357762518121,325.7719058654255,295.25828797250057,272.68391697372005,339.1383072523406,308.2127004992133,269.16018069884797,271.61291759333545,331.56191032876444,283.8932980231616,270.19174762533737,269.8768980620169,327.9971947664827
114,4.56,430.6382751464844,238.78196239471436,15.663452657595823,16.339247718222172,18.148883968305938,442.32154846191406,269.800329208374,7.7209553493534715,8.05407369831974,-37.62001050217143,438.0891799926758,295.2322769165039,8.358757641787793,8.7193937831786,-258.83501636937723,425.6332778930664,310.01089096069336,23.04291648563,24.037096343917025,-315.9357608854186,412.6544952392578,314.1969966888428,36.818947415644246,38.40749007893039,-407.20560863821174,433.63800048828125,310.94552993774414,8.776131977321821,9.154775611731694,-53.19050451265923,415.5649948120117,328.8065528869629,2.508803927666435,2.617045535660492,-117.36457989443115,414.02462005615234,318.8870429992676,5.219640076119987,5.444839912886413,41.30155790900722,419.78782653808594,309.92340087890625,2.9255025621935595,3.051722510285361,-82.68593949680677,414.87892150878906,303.28989028930664,9.547197155420465,9.959108170284118,-77.93698966751066,399.69005584716797,318.64222526550293,3.2017629651325956,3.3399020871022143,-9.648600142956177,400.05855560302734,309.4467830657959,5.9072881276609,6.162156337476311,81.23451391177674,405.92647552490234,300.3259563446045,3.2212878480240543,3.3602693653266686,-64.06369643077495,397.2597885131836,293.082275390625,9.230844032404645,9.62910608476806,-97.62831342650404,386.62593841552734,309.02546882629395,7.092531496250351,7.398536682800229,119.81596287464976,388.5033416748047,300.46162605285645,5.771013798734384,6.02000249268622,104.8110964637058,394.3396759033203,291.1885070800781,3.3849060438397673,3.5309468201051386,-25.99679904461334,383.3858108520508,281.8538761138916,10.859597322328959,11.3281314566127,-90.54057236180064,376.17244720458984,298.97887229919434,5.976950163049264,6.234823920904291,22.305881727990528,379.1574478149414,291.1973190307617,5.1682796530135215,5.391263559422461,40.85670344717588,383.5271453857422,282.40665435791016,3.7048326983210997,3.864676616051348,-27.989914949945806,309.8600202227194,312.5660131937294,271.34703960694117,304.2891274772838,386.0586389328771,341.74810229050337,381.35262723545975,354.81588146501986,488.85784515222355,326.17027019223684,295.39188405598463,272.93040322721913,339.27271802695367,308.5978647426041,269.45612216615996,271.8537176930429,331.70314820156864,284.34642328142615,270.44114058217355,270.0925486043938,328.15178183112477
115,4.6,430.61588287353516,238.94790172576904,4.1860837514547455,4.366691104408276,-299.3139153453474,442.2725296020508,269.886417388916,2.4766438292736312,2.58349789927602,-136.764394976093,437.9618453979492,295.1594352722168,3.6674245183633034,3.8256544711654397,-122.34348280032901,425.3261947631836,309.6755790710449,11.367005762244247,11.857431884514979,-304.4916114850511,412.2797393798828,313.5718631744385,18.221447955763594,19.00760697160443,-484.99707768314886,433.5695266723633,310.7010555267334,6.347066305852313,6.620908615892613,-63.346674895977,415.5661392211914,328.69786262512207,2.7174071616382585,2.8346488948429265,5.440083979560861,414.0974426269531,318.82739067077637,2.3533921146477765,2.454928525652582,-74.74778468084577,419.8960494995117,309.72567558288574,5.635129882385342,5.878255904709495,70.66333486060336,414.78553771972656,302.9931449890137,7.777302926852024,8.11285237548605,-46.15639486995171,399.60803985595703,318.6936950683594,2.4207131465223637,2.525154103658322,-20.368699586097307,400.09387969970703,309.49891090393066,1.5742266583231104,1.6421462047511564,-113.00025331812887,406.0516357421875,300.2428436279297,3.756062072165298,3.918116266171135,13.946172521111656,397.1699905395508,292.7438449859619,8.753528391061066,9.131196800386059,-12.447732109550014,386.3343048095703,309.08409118652344,7.436680259126771,7.757533642888121,8.974924002197305,388.3741760253906,300.47481536865234,3.2459323621765868,3.3859771597980353,-65.85063332220462,394.30965423583984,291.06760025024414,3.114458421902182,3.2488308150173717,-7.052900127194173,383.27598571777344,281.400089263916,11.672190918209226,12.175784164324622,21.19131769279803,375.9685516357422,298.5870838165283,11.041728186335014,11.51812030320877,132.08240955761198,379.102783203125,290.81920623779297,9.551096271883766,9.96317551298108,114.29779883896546,383.5245895385742,282.0589828491211,8.692022577427288,9.067037336502741,130.05901801128482,310.03468786689575,312.66935310970047,271.5000657857878,304.7634247526644,386.81894321174127,342.01293863513905,381.46601319125347,354.91407860604596,489.09297538841196,326.49478428725627,295.49289022013096,272.99608907540915,339.42944267760055,308.9631126146195,269.76642351187553,271.98915677943484,331.8331014341693,284.83345464799913,270.9018653943019,270.49107562491304,328.5144633245849
116,4.64,430.50575256347656,239.3684720993042,10.868766152636153,11.337695873408313,174.2751192250009,442.30030059814453,270.3208637237549,10.883325723295826,11.352883612464298,219.23464282970696,438.1528854370117,295.8263683319092,17.34387504703831,18.09217143769552,356.662924163252,425.7728958129883,310.8295440673828,30.93518466760096,32.269874116659985,510.3110558036251,412.8451156616211,314.9819755554199,37.98081149532423,39.6194824427972,515.2968867798191,433.814697265625,310.81143379211426,6.721792044759649,7.011801786654146,9.772329269038327,415.3993606567383,328.6475658416748,4.354943741469738,4.542836509055923,42.704690355324914,414.0995788574219,318.8451290130615,0.4466628116102921,0.46593394732029353,-49.724864458307216,420.0565719604492,310.03809928894043,8.781231141274304,9.160094777614,82.04597182261264,414.9431610107422,302.9433345794678,4.132657949925095,4.31096026237619,-95.04730282774649,399.5893859863281,318.7972927093506,2.63159149459458,2.745130736070239,5.499415810297926,400.0895309448242,309.7280216217041,5.728799648906093,5.975967025772473,108.3455205255329,406.0771179199219,300.51321029663086,6.789121672142848,7.082036331019191,79.0980016212014,397.24353790283203,292.70679473876953,2.058812683113867,2.147639551137024,-174.58893123122587,386.51405334472656,309.0718746185303,4.504080124200532,4.698407337180868,-76.47815764268134,388.4877395629883,300.5759525299072,3.8017596631683643,3.9657854663051815,14.495207662678656,394.37137603759766,291.21296882629395,3.9482277444268075,4.118572869875099,21.743551371443193,383.2767105102539,281.51052474975586,2.7609466058788237,2.8800668356067933,-232.3929332179457,376.1415481567383,298.78223419189453,6.519751973921483,6.801044756349524,-117.92688867148114,379.25716400146484,291.0011100769043,5.964605895378139,6.221947063433103,-93.53071123869941,383.60363006591797,282.15065002441406,3.025958111591471,3.156512184833048,-147.76312879174233,310.48819570183207,313.12346845419904,272.2237526432956,306.0542197173308,388.40372250945313,342.2934107066052,381.64772665161564,354.93271596393873,489.4593791795165,326.6672226977513,295.6026954495738,273.2351277564401,339.7127241308413,309.049018196665,269.95435980536274,272.147788198087,331.9978443489643,284.9486573214234,271.17390718455584,270.73995350745037,328.64072381197815
117,4.68,430.4540252685547,239.13232326507568,6.04369428347749,6.3044476967889,-125.83120441548532,442.5536346435547,269.76253509521484,15.327854465222702,15.989170240488493,115.90716570060486,438.53233337402344,295.47197341918945,12.980189016922864,13.540215456520075,-113.7988995293861,426.30897521972656,310.73633193969727,13.60307022046251,14.18997068648996,-451.9975857542506,413.50120544433594,314.94300842285156,16.431148780658393,17.14006586484933,-561.9854144486967,433.8147735595703,310.3348445892334,11.91473022468876,12.428787757887575,135.4246492808357,416.00833892822266,328.55916023254395,15.384043821153936,16.04778386966447,287.62368401521366,414.70203399658203,318.7594413757324,15.212958413214844,15.869317032090553,385.0845771192565,420.3649139404297,309.7619819641113,10.34757078041313,10.794013680056564,40.84797256106407,414.71973419189453,302.67016410827637,8.822614752417445,9.203263872495164,122.30759025297435,400.1232147216797,318.8185787200928,13.356323711550576,13.932578371982377,279.68619089780344,400.6681823730469,309.79082107543945,14.55122947497862,15.179037993329928,230.07677418893638,406.42311096191406,300.52857398986816,8.658349589301706,9.031911537202685,48.746880154587345,396.90399169921875,292.6443099975586,8.63119224355729,9.003582495759053,171.39857361555073,386.8634033203125,309.23827171325684,9.67385001483819,10.0912254300917,134.82045232277082,388.8827896118164,300.82262992858887,11.643514291748568,12.145870293244839,204.50212067349142,394.5759582519531,291.48799896240234,8.569402626437531,8.939126983771773,120.51385284741684,382.8067398071289,281.64939880371094,12.251491354568962,12.780078347725228,247.50028780296086,376.06822967529297,299.2198848724365,11.093740292962389,11.572376456887579,119.28329251345136,379.2292022705078,291.52244567871094,13.052123105773003,13.615253120488562,184.83265142638646,383.4400939941406,282.71241188049316,14.627038954403112,15.258118250459926,302.540151640672,310.7403736097036,313.76303526381855,272.7653612615564,306.62181854479036,389.0893251440471,342.79056221692076,382.28963800640224,355.5674886452224,489.89113972671873,327.03535325265113,296.1599985844531,273.84228927617323,340.0740005923294,309.40916149649536,270.35800882256643,272.63362300981686,332.35540942831517,285.45986045533243,271.6368022428314,271.2845636322699,329.25104854199657
118,4.72,430.66650390625,239.10829067230225,5.345835820540002,5.576480335604081,-18.199184029620486,442.4858856201172,270.1066589355469,8.768236270111576,9.146539246554811,-171.06577484834204,438.2588195800781,296.10514640808105,17.243075228557025,17.987022640676056,111.17017960389953,425.9672164916992,311.39293670654297,18.505554031617237,19.30397072058755,127.85000085243973,413.1113052368164,315.82383155822754,24.08152258004749,25.120512792978992,199.51117320324155,434.54254150390625,310.52292823791504,18.791980332450912,19.602754799975433,179.34917605219644,415.94913482666016,328.52731704711914,1.6806089111950817,1.7531182886521324,-357.36663952530847,414.5149230957031,318.73300552368164,4.724229004647655,4.928054476361925,-273.53156389321566,420.4722213745117,309.85462188720703,3.5441007992549456,3.697009986447267,-177.42509234023242,415.5426788330078,302.67531394958496,20.574018858784175,21.461678854695563,306.46037455501,400.1820755004883,318.7953758239746,1.581724863524096,1.6499679178114346,-307.06526135427356,400.65135955810547,309.71903800964355,1.8431996021882515,1.9227239072145266,-331.407852152885,406.7098617553711,300.6705665588379,7.9995276106959725,8.344664877991304,-17.181166480284517,397.53692626953125,292.62619972229004,15.829840341246573,16.512814149574226,187.73079134537932,386.56627655029297,309.37482833862305,8.17511580168926,8.527828769870695,-39.08491650552514,388.57818603515625,300.9518337249756,8.271825671930758,8.628711159035811,-87.92897835522568,394.5692443847656,291.75670623779297,6.719778449680493,7.009701315607198,-48.235641704114386,383.26080322265625,281.67683601379395,11.372290496462673,11.862944627037805,-22.92834301718556,376.1396789550781,299.09374237060547,3.6243042737551003,3.7806738162788496,-194.79256601521823,379.2164993286133,291.44402503967285,1.9860704544271592,2.07175888037627,-288.58735600280727,383.5693359375,282.7470588684082,3.345135805809381,3.4894607068454278,-294.2164385903625,310.9634328231278,314.12889683368076,273.4848421671834,307.39397737361384,390.0941456557663,343.5746724089197,382.35976273794836,355.7646108242769,490.03902012617664,327.8938204068389,296.22599730116553,273.91919823246184,340.40778718744906,310.0696740624783,270.69912197336123,272.97877145617826,332.63579748093946,285.93437824041393,271.7880291954825,271.36743398748496,329.3906269702704
119,4.76,430.5117416381836,238.28158378601074,21.026703787369584,21.933894741457657,408.93536014633935,442.15221405029297,269.4613552093506,18.161663187050316,18.945242806618804,244.96758900159983,438.9639663696289,295.145902633667,29.763448783343204,31.047584032108716,326.51403478581653,426.23252868652344,309.76627349853516,41.203942112745054,42.98167408326458,591.9425840669257,412.07752227783203,313.0888080596924,73.09694224036485,76.25068832641522,1278.2543883359056,437.4477005004883,309.2573833465576,79.22102257080496,82.63899030253339,1575.905887563949,418.30223083496094,328.1602191925049,59.53896654263209,62.1077577525826,1508.8659865982618,416.47300720214844,317.55775451660156,57.092623743989876,59.55586821299758,1365.6953434158916,422.8279113769531,308.60255241394043,66.69404655537338,69.57154158923159,1646.863290069608,418.04813385009766,301.865758895874,65.82497734356612,68.66497664174456,1180.082444676225,401.98753356933594,318.9817142486572,45.37621105050743,47.3339543379046,1142.099660502329,401.46251678466797,309.03273582458496,26.563446870426656,27.709518977302746,644.6698767522055,407.6523208618164,299.58266258239746,35.98406096173516,37.53658269438299,729.7979454097922,399.29325103759766,292.2777271270752,44.76403299901666,46.69536404433254,754.5637473689579,387.7935028076172,309.46635246276855,30.765859243309496,32.09324319671082,589.1353606710032,388.9105987548828,300.06568908691406,23.66102459480039,24.681872545764154,401.3290346682085,394.9738311767578,290.3518295288086,36.54935908895409,38.12627044313091,777.9142281880928,383.90403747558594,281.5126419067383,16.596498292821817,17.312549333110407,136.24011765181504,376.58008575439453,298.82832527160645,12.855066737603376,13.40969481323915,240.72552492400754,379.3851089477539,290.53845405578613,23.02835223322962,24.02190372112801,548.7536210187935,383.85833740234375,281.3502502441406,35.65981789344729,37.19835025422538,842.7222386844988,311.8407886127861,314.8867065459455,274.72674552846775,309.11324433694443,393.1441731888229,346.8802320210211,384.84407304805165,358.1468455527968,492.8218817897459,330.6404194725087,298.1193554746817,275.0275789915539,341.9092504952244,311.9374886242516,271.9828517012297,273.96604635800884,334.16084829866463,286.6268802137384,272.3244169880121,272.3283101363301,330.87856098043943
120,4.8,435.2699279785156,236.71112537384033,125.26640829068845,130.6709906542198,2718.427397819053,447.0029067993164,263.6624336242676,189.0051449289314,197.1597163486623,4455.361838551087,446.23973846435547,293.62664222717285,185.81747051398062,193.83451065809817,4069.6731656497363,439.4274139404297,318.1241512298584,390.4797666297045,407.3269013790738,9108.630682395229,431.5571975708008,335.4994583129883,742.3337331917535,774.3615039006609,17452.77038935614,439.6375274658203,297.47042655944824,299.71621206492887,312.64737993262725,5750.209740752346,416.83746337890625,327.78316497802734,37.812973806719064,39.444403446453194,-566.5838576532351,416.2792205810547,319.06408309936523,37.968564742475984,39.60670730739726,-498.72902264000805,422.1067810058594,307.2972106933594,37.28225130342954,38.890783076765594,-767.0189628116498,421.95350646972656,286.53050422668457,395.6181642909013,412.68699369692644,8600.550426379546,402.5546646118164,317.0830249786377,49.53949537636791,51.67686234220326,108.57270010746643,405.4235076904297,308.3257484436035,100.58976125951527,104.92967694060866,1930.5039490826478,412.47276306152344,296.77734375,139.4329515217803,145.44874522874932,2697.804063359158,405.09979248046875,274.29576873779297,472.40524912519294,492.78703473476276,11152.291767260755,389.4266128540039,302.9465103149414,168.0316005551347,175.28127456804987,3579.700784283476,393.82801055908203,294.67140197753906,182.48162967550857,190.35474594722356,4141.821835036485,400.6111145019531,283.52142333984375,221.40659993941912,230.95912261114145,4820.8213042002635,390.74832916259766,262.0700740814209,515.3019577993593,537.534509295151,13005.548999051016,381.8743133544922,284.12126541137695,390.7736362125211,407.6334498786578,9855.593876635467,386.9632339477539,278.23702812194824,361.2072280226792,376.7914076985368,8819.237599435219,392.0729064941406,269.6217727661133,357.97724204593226,373.42206492628026,8405.592866801371,317.0676282389549,322.773095199892,282.4801259547917,325.40632039210743,424.11863334484934,359.3861272183261,386.4218491859098,359.7311138450927,494.37751311281653,347.1478992203858,300.18642996836985,279.22476606917826,347.7272003043743,331.64897001364216,278.9941026839517,281.5802361958978,343.39921320311026,308.1282605855444,288.6297549831584,287.39996644427157,345.81544357749067
121,4.84,435.88123321533203,235.3421401977539,37.48178311613143,39.098923630873955,-2289.301675583646,447.9892349243164,262.93959617614746,30.570994694428272,31.88997127414872,-4131.74362686284,446.7930603027344,292.9218578338623,22.400977906683114,23.36746151367989,-4261.676228610457,439.4356918334961,317.8147888183594,7.736828531531427,8.07063172427683,-9981.406741369923,431.9337463378906,335.4943084716797,9.414599528869546,9.820789658112849,-19113.5178560637,439.1027069091797,297.2372817993164,14.585727334073868,15.215024252415164,-7435.808892005302,417.08003997802734,327.66077041625977,6.792635496966241,7.085701758781698,-808.9675421917875,417.43324279785156,318.7524604797363,29.88389965689254,31.1732317231907,-210.83688960516395,423.5147476196289,306.8656539916992,36.81551279893295,38.40390727669069,-12.171895001872635,421.58016204833984,286.4202690124512,9.731965996063792,10.15184880824404,-10063.37862221706,402.9196548461914,316.5938186645508,15.259027838701378,15.917374109397555,-893.9872058201425,406.0188674926758,307.9679775238037,17.364715034821803,18.113910560626,-2170.3941594995667,412.41668701171875,296.804780960083,1.5607137507477344,1.6280502867505717,-3595.5173735499684,404.8835754394531,274.1318893432617,6.782618630435149,7.0752527174885875,-12142.794550431854,389.3492889404297,302.38972663879395,14.053181348779933,14.659501727128081,-4015.5443210230446,393.55255126953125,294.85485076904297,8.273877541095258,8.630851555492265,-4543.0973597932825,399.56127166748047,284.2099857330322,31.387578618051915,32.74178647112154,-4955.433403500498,390.48717498779297,261.7502975463867,10.321656098235374,10.766980916533893,-13169.188209465428,380.69488525390625,283.8527584075928,30.24014979638938,31.54485217023609,-9402.214942710543,385.73848724365234,278.95960807800293,35.55037167614808,37.08418201205261,-8492.680642162104,390.54771423339844,270.70077896118164,46.70697084766739,48.72212937533502,-8117.498388773631,318.6315851841899,324.04869405085793,283.4148244153389,325.72914566107846,424.5114649311739,359.99472818842276,386.7052772562611,360.97804311402035,495.9136694038841,347.5539731727156,300.8231249327457,279.9493224916033,347.79232231584433,331.9319801223417,279.58048275303685,281.92547025811746,344.70888466195515,308.55893982220573,289.8915490699679,288.8833337247537,347.76432875250407
122,4.88,436.534423828125,227.15984344482422,205.20818412292394,214.06183090578207,4374.072681872703,447.8165817260742,256.1807155609131,169.02713594615187,176.31976204087397,3610.7447691681314,442.54207611083984,287.6719379425049,168.87962700065304,176.165888865282,3819.9606837900524,432.37060546875,312.3171043395996,223.8023402040811,233.4582263852923,5634.689866525387,425.37654876708984,330.7862949371338,201.80781610232393,210.51475500647445,5017.34913370904,431.58130645751953,282.8803253173828,405.1956812596605,422.67772981998326,10186.567639189203,404.4460678100586,316.0514831542969,428.9469689482189,447.4537598341527,11009.201451884275,408.98494720458984,309.68862533569336,309.7648361555038,323.1295489557882,7298.907930814938,417.8812789916992,298.4744167327881,252.67176276397413,263.5732116953399,5629.232610466231,413.8294982910156,269.2734146118164,470.4302581916813,490.7268333979751,12014.374614743276,390.17391204833984,303.5644054412842,455.6722838370381,475.3321305779203,11485.368911713069,397.5654602050781,298.1191635131836,324.4796143305811,338.4791919098073,8009.132033729533,406.2472915649414,286.6676330566406,296.6723864330224,309.4722293385674,7696.104476295421,397.7914047241211,256.33460998535156,478.95853030227744,499.6230553018898,12313.69506461003,377.5718688964844,288.7881088256836,449.79969849467835,469.20617426721606,11363.6668135022,386.0457229614258,283.9221668243408,331.54566944287797,345.8501098928511,8430.481458433971,394.36466217041016,273.3292865753174,301.4489637834009,314.4548907146489,7042.827606088184,384.5976257324219,244.7977638244629,448.66133526887984,468.0186966946633,11431.292894453234,371.9188690185547,271.4014148712158,380.8333106688791,397.26425191140277,9142.984993529168,379.09324645996094,268.08165550231934,318.6780088428374,332.4272778586819,7383.577396165732,385.1679992675781,259.2853832244873,315.48830499204945,329.09995517286796,7009.445644938323,327.1940584204212,331.1014845324929,290.46145996995017,335.06747471649015,432.9320551314329,376.9018373812221,404.6034276496272,373.90322507225187,506.45659787169774,367.18304650863456,319.83641015586255,293.48849016799556,360.1712114893871,351.91690233441733,298.34872972372546,295.7594746538315,357.2870802905411,327.2796876899923,305.78211914642395,302.18042483910097,360.92832695941877
123,4.92,440.6657409667969,213.35294723510742,360.293425771079,375.8381797174043,4044.408720290555,447.2102737426758,242.09349632263184,352.5065205408742,367.71531075000985,4784.888717728397,433.8730239868164,269.4562339782715,504.3339268540386,526.0932658787567,8748.184425336867,414.4351577758789,286.2249755859375,791.5489035908473,825.7000483597811,14806.045549362221,398.1582260131836,295.5875873565674,1112.3696858728088,1160.362548987748,23746.19484953184,427.51625061035156,266.50108337402344,421.90360694098234,440.1065140435163,435.71960558832643,399.4612121582031,294.35108184814453,556.6395842003006,580.6556354359294,3330.0468900444175,388.7044906616211,303.5793972015381,529.5160443664563,552.3618584489423,5730.8077373288515,383.2340621948242,307.5604248046875,895.4695606399326,934.1043316096811,16763.277997858528,411.8381118774414,252.58724212646484,420.1145469237166,438.24026555770143,-1312.1641960068416,380.5361557006836,282.45609283447266,580.1116317807217,605.1403776095789,3245.206175791465,379.21897888183594,286.37420654296875,544.5969789534004,568.093455525586,5740.356590394468,384.5281982421875,283.524227142334,548.6346778051579,572.3053597074176,6570.8282592212545,398.30997467041016,239.1044282913208,430.94958811799194,449.5427814193339,-1252.0068470638976,369.4276809692383,267.749605178833,563.996028738704,588.3294716115089,2978.082433607321,373.03401947021484,270.09544372558594,474.65954864567976,495.1385953454077,3732.2121363139145,381.3058853149414,265.90335845947266,375.56296188407237,391.7665154774991,1932.7906190712554,388.26656341552734,227.25520133972168,448.05315132077317,467.38427282889177,-15.860596644287739,368.65806579589844,249.7807788848877,546.628723466733,570.2128590587133,4323.7151786827635,371.3315963745117,252.51431465148926,434.8744885128329,453.6370204879824,3030.243565732512,377.53448486328125,249.18371200561523,316.5382121233511,330.1951602387285,27.380126646512792,342.2275856091174,345.8100969624933,311.50519060510044,368.0954766508814,479.3465570909428,394.50609794296275,427.8296530670643,395.99769941020963,543.820771136085,384.7126571309426,344.04202526024574,316.21222838901906,383.06342587768376,369.89861359119067,321.8819085881858,315.5650184676478,372.9577409096411,345.97505860314794,328.5906335087725,320.32590565862023,374.13613336896793
124,4.96,442.0623016357422,202.03455448150635,285.1056780244107,297.4064786957102,-1960.7925255423525,439.5750045776367,231.93908214569092,317.6175594361234,331.32107567403517,-909.8558768993669,419.75616455078125,252.85554885864258,544.7869232426125,568.291594905322,1054.9582256641315,397.6411819458008,262.9856014251709,716.8098316348253,747.7363811138322,-1949.0916811487239,380.1667785644531,268.1799602508545,819.6303301131546,854.9930397748334,-7634.237730322863,412.55027770996094,250.5252456665039,547.2703487035849,570.8821670278029,3269.3913246071643,381.3050842285156,269.7341251373291,764.7056374438056,797.6986373854269,5426.075048737437,364.85477447509766,278.1844139099121,870.9600086110729,908.5373221631405,8904.386592854957,353.28250885009766,283.5985851287842,958.9269094982212,1000.2995291311173,1654.8799380359042,402.05162048339844,233.9983320236206,525.1922223203744,547.8514863716734,2740.2805203493003,369.61097717285156,254.73690032958984,744.8628896430175,776.999780063567,4296.485061349702,355.6633758544922,263.5679340362549,819.6769560443838,855.0416773681598,7173.705546064343,347.92224884033203,268.40243339538574,990.159134223019,1032.8792590109267,11514.34748258773,393.25111389160156,217.29912757873535,559.6110320714108,583.7552855519789,3355.3126033161248,360.2975845336914,234.97784614562988,850.495021683224,887.1893793899903,7471.497694462036,352.55748748779297,242.66701698303223,855.7186145277187,892.6383426122811,9937.493681671836,351.3862609863281,246.2699317932129,894.6561359765367,933.2558119782898,13537.232412519768,387.32818603515625,202.33290195465088,623.4989769173104,650.3996569983375,4575.384604236143,361.34056091308594,216.0578727722168,862.6921070093608,899.9127043771795,8242.496132961654,355.2596664428711,223.0459213256836,839.1562492065891,875.3613989078931,10543.109460497768,354.4441604614258,227.01885223388672,800.173453728671,834.6967021781071,12612.538548484466,354.12384475694574,359.06293998945466,334.23685440131334,398.0049318954347,513.5462786819362,417.34138462407486,459.7375985624814,432.3391922967352,583.8327523013297,406.62671658580956,375.1220164627884,350.4138954837454,424.3785962381208,393.2488250132698,357.36948376378547,351.270552172139,410.2879733887727,371.99104488308143,364.58714168385967,355.340361614936,407.5240014560922
125,5.0,435.99998474121094,190.41983127593994,327.54148713525757,341.67316831660133,1106.667240522279,429.67700958251953,219.57504272460938,395.94805193470717,413.03111424615355,2042.7509643029593,408.23657989501953,236.2414312362671,505.4266360038001,527.2331196435819,-1026.4618815435028,385.80841064453125,242.27296829223633,596.357510206591,622.087179684642,-3141.230035729754,369.4734191894531,243.61693382263184,669.7435152898389,698.6394023853262,-3908.8409347376796,401.3627243041992,231.4000654220581,553.9256891662627,577.8246501983998,173.5620792649229,369.56775665283203,246.97503089904785,640.1861199906386,667.8067619543642,-3247.2968857765663,351.2643051147461,256.2868881225586,644.3031570243481,672.1014273406865,-5910.89737056135,338.1785583496094,263.17846298217773,634.9757422549341,662.3715840028477,-8448.19862820674,391.18621826171875,214.13988590240479,565.9145517368952,590.3307687205056,1061.982058720804,356.51100158691406,232.3687219619751,648.0474345281307,676.0072505967361,-2524.8132366707723,342.8011703491211,244.4058895111084,576.9641891216553,601.8571394621805,-6329.613447649482,334.6888732910156,253.08491706848145,506.0561572433346,527.8898013919478,-12624.736440474473,383.4397888183594,197.1461534500122,560.3595195975834,584.5360663524497,19.519520011769487,343.75205993652344,210.92144966125488,729.9249088129461,761.4173044416145,-3144.3018737093953,342.6163101196289,219.08045768737793,639.8988137162358,667.5070599352063,-5628.282066926871,348.78273010253906,222.93877601623535,586.8992689084494,612.2208653459504,-8025.8736658084845,379.24022674560547,182.69290924072266,531.0040014400695,553.9140129931102,-2412.1411001306824,350.4312515258789,192.6619577407837,645.3593337551574,673.2031725060824,-5667.7382967774265,349.16873931884766,200.87162017822266,574.8907638676085,599.694256885033,-6891.678550571502,353.7791442871094,205.0600004196167,549.222984948493,572.9190491895184,-6544.441324714717,367.7907714896098,375.58418455930087,355.3261791870566,422.8884190828204,541.4918547773492,440.4543706320108,486.449869040656,459.2232493903627,610.3276156614436,430.23994733462973,402.1623064866578,374.4881810622327,445.49418829379874,416.63026766736783,387.82617594145006,377.9708345695472,434.7768080026107,394.14760540280577,391.51526858410296,379.3281318903373,430.440763423673
126,5.04,422.1225357055664,182.01284408569336,405.6330125201546,423.13392960915746,2036.5190323139032,415.9782028198242,213.0096673965454,379.7708683535523,396.155970834687,-421.8785852866631,392.1871566772461,230.1135778427124,429.48702893401276,448.01712054928254,-1980.399977357483,366.8088150024414,235.94221115112305,500.6640094306486,522.2650109469099,-2495.554218443303,348.13533782958984,237.95310974121094,551.924258472929,575.7368683661244,-3072.5633504800444,389.7918701171875,217.11958408355713,459.4948407465809,479.3196105816814,-2462.6259904179606,351.78524017333984,234.75009441375732,539.4829494599428,562.7587827329066,-2626.1994805364393,332.05684661865234,245.31309127807617,553.03180235359,576.8921969019532,-2380.230760968334,319.6304130554199,252.94461250305176,529.6020849913342,552.4516112712887,-2747.9993182889757,380.0967025756836,195.5280303955078,541.6286340522161,564.9970422561877,-633.343161607948,336.2478256225586,213.71068954467773,688.6211194514697,718.3314752294223,1058.105615817155,324.27364349365234,227.50765800476074,626.9068309078293,653.9545418475358,1302.435059633882,322.2153854370117,236.3590908050537,521.6207694762259,544.1259442443957,405.90357131119674,372.59132385253906,178.57769966125488,537.6317676973752,560.8277322773496,-592.7083518775021,329.2808532714844,194.65217113494873,544.3489494965509,567.8347249107292,-4839.564488272134,323.63677978515625,210.05122661590576,525.4459923836167,548.1162052696983,-2984.771366637699,326.66831970214844,218.85726928710938,562.197610129662,586.4534607602266,-644.1851146430963,368.67820739746094,167.2450876235962,467.8350707147894,488.01967732025037,-1647.3583918214956,335.57865142822266,181.64700508117676,462.2829975744567,482.22806161631473,-4774.377772244192,331.3025665283203,195.95884323120117,463.23287037418163,483.2189163987679,-2911.883512156629,334.21241760253906,204.50147151947021,489.3674154463181,510.48102873576926,-1560.9505113437294,384.71612867397613,391.43042339268834,373.24686400902795,443.7790195206968,564.5213295119942,459.6271550552781,508.96022034997225,482.2989372664408,632.4256801122951,452.83982902487725,430.8955654958347,400.6463627361341,467.25922606357454,439.0633769584618,410.53956493787916,399.89548278033516,458.2349464330198,413.66839249561576,410.8043910487556,398.65688854628803,450.8600045731037
127,5.08,416.37062072753906,179.9044704437256,153.15385509472114,159.76163315307306,-6584.307411402111,405.8666229248047,211.83667659759521,254.48471882878474,265.46438721664674,-3267.289590451007,376.8728256225586,227.41031169891357,388.77723658347634,405.55091617446135,-1061.6551093705298,348.73706817626953,232.0621633529663,462.089550483206,482.02626830717594,-1005.9685659933493,328.6093521118164,236.18213653564453,490.15333337227645,511.3008548596218,-1610.9003376625665,376.6571807861328,212.99699306488037,344.16186283727393,359.0106252427072,-3007.724633474355,336.60125732421875,229.62451457977295,400.6439377715508,417.92960269706805,-3620.7295008959645,315.4569435119629,238.32605838775635,450.2606271385282,469.68698954191444,-2680.1301840009687,301.76355361938477,243.98165702819824,499.72444716516344,521.2849115436657,-779.167493190576,370.55572509765625,189.2429780960083,285.6266505900547,297.9499284695586,-6676.177844665727,326.0647201538086,205.24795532226562,331.01501807590927,345.29656372863997,-9325.872787519558,313.4709930419922,217.85751342773438,362.1313186696443,377.7553679648279,-6904.979347067698,311.43680572509766,225.298490524292,386.0979953140715,402.7560798280534,-3534.2466104085574,365.92323303222656,170.87852954864502,254.63289213449136,265.6189534160724,-7380.21947153193,321.2739562988281,184.51921463012695,322.8653034348668,336.7952320450255,-5775.987321642591,316.23756408691406,199.64674472808838,319.180235430385,332.95117286471924,-5379.125810124477,320.9947204589844,207.7453851699829,311.9131459682319,325.3705469638889,-6527.072844908442,363.85154724121094,159.42678451538086,229.70430959695335,239.61483451273097,-6210.121070187985,329.09610748291016,172.40474224090576,282.2264144392338,294.4029901295129,-4695.626787170047,324.5480728149414,186.56959533691406,289.1595162540588,301.6352185841472,-4539.592445365517,328.4715270996094,194.3301773071289,291.98999310832136,304.5878155302657,-5147.330330137589,391.10659400009905,402.0489988813542,389.4689006560064,463.06007025298385,584.9733637063791,473.98758006498633,525.6774044578549,501.08641684811744,653.2770765740418,464.7578261636596,444.70742804498036,415.7565774547272,483.3694692566967,449.6881350951047,424.0113742196802,413.2135296949239,471.24976831157534,423.252985876125,422.5805106539361,410.72229728965397,463.04351719431435
128,5.12,412.11475372314453,181.25267028808594,111.60770240956535,116.4229839228442,-1083.4662307557217,399.6708297729492,212.16234683990479,155.10865926686904,161.8007767766119,-2591.5902610008707,370.58372497558594,226.44002437591553,159.087720371739,165.95151330320297,-5989.98507178146,342.8361511230469,231.21085166931152,149.05022989696525,155.48095825242424,-8163.632751368792,322.4276351928711,234.1092824935913,162.99990020248308,170.03248298275582,-8531.709296921648,367.5599670410156,214.2601203918457,229.6121574640535,239.51870650314532,-2987.2979684890465,327.2800827026367,229.7704553604126,233.05792605793124,243.11314177011926,-4370.41152317372,306.4033317565918,236.94683074951172,228.95162520592027,238.829675774899,-5771.432844175386,293.48968505859375,241.49920463562012,215.95640596348207,225.2737816182019,-7400.278248136594,362.36717224121094,191.1328125,210.0950260556359,219.15951419718945,-1969.7603568092284,317.681884765625,206.10856533050537,210.67240376302493,219.76180269604308,-3138.369025814922,304.68461990356445,218.43154907226562,220.12761902030383,229.6249604362285,-3703.2601882149847,303.6492919921875,226.24550342559814,196.12209777251098,204.5837280306436,-4954.308794935244,359.09412384033203,172.20324039459229,173.91016211716305,181.41346494066363,-2105.1372118852187,314.66983795166016,182.6438283920288,171.63087696683633,179.03584070252393,-3943.984783562539,308.7571334838867,196.44279956817627,203.4424159842784,212.2198792198438,-3018.282341121886,314.1246795654297,204.10979747772217,194.31765190537803,202.70142987699165,-3066.727927172431,358.6996078491211,159.58115100860596,128.85628747270565,134.415754118297,-2629.977009860849,325.7028579711914,168.64518642425537,126.61062896556443,132.07320733497846,-4058.2445698633605,320.43235778808594,181.7413330078125,158.60963735872332,165.45280353912366,-3404.5603761255884,324.77752685546875,189.41672801971436,153.6790928032046,160.30953208809498,-3606.9570860542676,395.76351335701287,408.5210299524187,396.1069611881345,469.2793085830809,591.7746630256893,483.56832832511213,535.4019301286597,510.6396038791134,662.2880278387697,473.5242067315472,453.497900152822,424.9415758721764,491.55281837792245,456.9446736927313,431.17280784778114,421.70232486371765,479.357825506655,428.62961604085694,427.8634389473352,417.34040943121886,469.4558984778381
129,5.16,410.5083465576172,181.97469234466553,44.0302440917392,45.92991603034849,-1762.3266973123925,396.48059844970703,213.90283584594727,90.85317095439743,94.77300430885575,-1675.6943116939042,365.53173065185547,229.6640968322754,149.827588103091,156.29185534984813,-241.49144883387095,335.77075958251953,235.65296173095703,208.64458329406673,217.6464925090313,1554.1383564151765,313.43849182128906,240.97369194030762,282.75963246968405,294.959213695147,3123.1682678097795,362.7309799194336,216.82693004608154,136.71966853173373,142.61839844166911,-2422.507701536905,322.6473617553711,230.93818187713623,119.44059347928267,124.59382277527929,-2962.982974870999,302.0974922180176,238.0282974243164,110.989369706805,115.77797343738268,-3076.2925584379077,289.7957420349121,242.05656051635742,93.39385900582114,97.42330959942066,-3196.261800469531,359.03308868408203,193.49721908569336,102.18406085462726,106.59276212310598,-2814.1688018520867,312.7371597290039,207.0505714416504,125.84137137985971,131.27076035686244,-2212.276058479516,300.39371490478516,218.56544494628906,107.3248393128009,111.95533795672121,-2941.740561987682,300.1361846923828,224.7070598602295,95.87991025159153,100.01662079541288,-2614.1776808807685,356.607666015625,174.1358184814453,78.72948373954056,82.12624417288234,-2482.1805191945323,310.68843841552734,183.441424369812,101.51262732443227,105.89235979061922,-1828.5870227976175,304.7702980041504,196.8992042541504,100.3218644534416,104.65022180558545,-2689.2414353564586,309.9570846557617,203.8043975830078,104.46924316150994,108.97653794888778,-2343.122298202597,356.5422821044922,160.5967140197754,59.61031054950872,62.18217987566429,-1805.8393560658178,321.304931640625,169.3450927734375,111.33178147634537,116.13515846206764,-398.45122182277066,316.28429412841797,181.66339874267578,103.719892843479,108.19485713165759,-1431.448660186652,321.21437072753906,188.59468460083008,91.41880610182812,95.3630436184534,-1623.6622117410395,397.6007099982268,412.3119501247729,402.3586354021284,477.98516828344214,603.5730315734952,489.2730642627789,540.3856830396709,515.2707228166088,666.1849602227466,477.78791721647144,458.7487305670966,429.4197893904452,495.553483209739,460.2297234596466,435.40850223940595,425.88833373594105,483.71688702461046,431.1169032358835,432.5088452858179,421.66820371648515,473.27042022257626
130,5.2,410.3504943847656,184.46310997009277,62.33548140410752,65.02492742571839,477.37528488424755,394.83848571777344,216.68420791625977,80.74870284520385,84.23258189330826,-263.51056038868705,364.33387756347656,231.18792057037354,48.45675137513275,50.54740366930836,-2643.6112920134947,335.4664993286133,234.9021863937378,20.25212811477717,21.125900229158443,-4913.014806996822,314.50977325439453,237.0292568206787,102.18308422226256,106.591743354225,-4709.18675852305,360.42713165283203,220.37192344665527,105.69618916271983,110.25642017465803,-809.049456675277,320.8487319946289,233.134446144104,70.96938488966119,74.03133813921279,-1264.0621159016625,300.446834564209,239.2701530456543,51.64104517196937,53.86908288598354,-1547.7222637849786,287.7499198913574,242.88047790527344,55.13748785318887,57.51637855890188,-997.6732760129696,357.21378326416016,197.49403953552246,109.78514790014064,114.52179583485186,198.22584279364685,311.37306213378906,209.9425506591797,79.93867197691414,83.38760248131547,-1197.0789468886742,298.30318450927734,220.28692245483398,67.70248401539675,70.6234877870366,-1033.2962542421153,296.22276306152344,225.69188117980957,100.88589436951003,105.23858662658556,130.54914577931703,355.0559997558594,177.69701957702637,97.11404836860225,101.30400543870604,479.44403164559264,309.18445587158203,187.4748659133911,107.61799970834916,112.26114667136063,159.21967201853528,304.9150848388672,200.53852558135986,91.05500724215084,94.98354876391433,-241.66682604177794,311.04040145874023,207.11970806121826,87.19539431123782,90.95741396763367,-450.47809953135277,355.1136779785156,163.09730529785156,71.99768437573132,75.10400330433988,323.04558571688983,319.5716857910156,171.92792415618896,77.76229455411683,81.11732589435962,-875.4458141927003,315.7126235961914,183.90357971191406,57.79931861813753,60.29305322975675,-1197.5450975475208,321.15367889404297,190.10144233703613,37.69948917317972,39.326022551758705,-1400.9255266673674,400.20170709525553,415.6812534005052,404.38053154890076,478.83020429260847,607.8367013076642,493.6833210697652,543.3469365652395,517.4254861320481,668.4856153651027,482.36878904986554,462.08423466634923,432.2447289019267,499.7630266748024,464.28188367719486,439.8989481062604,429.6876756864976,487.3551835833158,434.1210633680571,435.7535383215924,424.0799258456754,474.84346112464664
131,5.24,410.6977844238281,188.20429801940918,93.93181832977288,97.98447902027068,823.9887898638074,393.7758255004883,220.32976627349854,94.93202328980581,99.02783752929312,369.88139089962146,365.75294494628906,232.3742437362671,46.24064020762759,48.235679036909005,-57.79311580998385,341.5065002441406,232.3996353149414,163.44795226913234,170.49986612411536,3734.3491473739227,324.58213806152344,229.91389274597168,308.3027516941752,321.60438329015653,5375.315998398289,357.3678207397461,222.62047290802002,94.91890599062181,99.01415428809165,-281.05664716415964,318.4879684448242,233.69436264038086,60.65636312915457,63.27336408637089,-268.9493513210476,300.2468681335449,238.545241355896,18.79965975989925,19.610765554063654,-856.4579332979971,290.7918930053711,240.6342315673828,94.53578369084997,98.6145022893153,1027.4530932603354,354.4078063964844,200.094952583313,95.64993094645507,99.77671910075892,-368.62691835232334,309.6399116516113,211.01065635681152,50.89609743871887,53.091994601759986,-757.390196988887,295.20742416381836,220.2742338180542,77.39465872243568,80.73382852278746,252.75851839377168,292.1661567687988,225.1718044281006,102.24521517484652,106.65655492849476,35.449207547729955,353.2376480102539,180.55565357208252,84.69869903235362,88.35299950484777,-323.7751483464567,309.43416595458984,187.74391651153564,9.176850968527365,9.572783506021102,-2567.2090791334886,302.2922706604004,199.4403076171875,71.08637752585472,74.15337838830479,-520.7542593902385,305.8284378051758,206.20904445648193,132.27309185702768,137.97997552340794,1175.5640388943568,355.2701187133789,165.9345817565918,71.0396518099491,74.10463670512151,-24.98416498045941,319.8511505126953,171.1314868927002,21.101138081525736,22.011540481355148,-1477.644635325112,314.3246650695801,181.03148460388184,79.74709705208608,83.18776211266932,572.3677220728142,318.348388671875,186.95919513702393,105.30720148859646,109.85064974167787,1763.115679747979,404.1210862560664,419.64236690167695,406.3099587103771,485.65019893757307,620.7008766392704,497.6438872412889,545.8778711286943,518.2099167542107,672.4301954566753,486.35985781389587,464.20791445041965,435.4740820428382,504.0292888719422,467.8160036573888,440.2818594465012,432.65381082202975,492.8743826042521,437.08524883626194,436.63399994084654,427.4074363301822,479.23748711431375
132,5.28,411.65443420410156,190.27303218841553,56.980478368207386,59.43888435794218,-963.6398665582126,394.78099822998047,221.4709997177124,38.0196165675285,39.65996174843494,-1484.1968945214546,366.7422103881836,232.35418796539307,24.736718007752838,25.803976434817418,-560.7925650522897,342.65377044677734,231.94381713867188,30.86258989128038,32.19414726005435,-3457.6429716015255,325.9315872192383,228.35091590881348,51.62309090144619,53.85035398373631,-6693.850732660505,356.44947052001953,223.7693166732788,36.76963015728654,38.356045041957685,-1516.452731153349,316.8824577331543,234.568190574646,45.69764698529985,47.66925853161727,-390.1026388688406,298.6674690246582,239.01569366455078,41.19941534681332,42.97695201134736,584.1546614320926,289.9041557312012,240.57981491088867,22.235088267964052,23.194414615261696,-1885.50219185134,353.49517822265625,201.4892292022705,41.66006386394282,43.457475073340376,-1407.9811006854636,308.4068298339844,211.53100490570068,33.45942861598623,34.90302582819462,-454.7242193391341,292.9380798339844,219.56372737884521,59.44925928631852,62.01418010306491,-467.9912104930638,289.63314056396484,223.49538803100586,75.93806288021683,79.21438828112372,-686.054166184276,352.8858947753906,181.86182498931885,33.81765542436692,35.276708226921805,-1326.9072819481491,309.18495178222656,187.77385711669922,6.2751565490569785,6.54589633377828,-75.67217930607055,300.4601287841797,198.23647499084473,54.80623166466142,57.17083041949345,-424.56369922028347,303.2366180419922,204.73397254943848,74.5543711653527,77.77099759395915,-1505.2244482362198,356.0111999511719,167.1839475631714,36.31559857398598,37.88242439945861,-905.5553076415725,320.9539031982422,170.22113800048828,35.74911354698449,37.291498542485904,381.9989515282689,314.1046142578125,178.99553775787354,51.19510425525764,53.40390197950501,-744.5965033291078,317.28139877319336,184.94547843933105,56.97325240000642,59.43134662746727,-1260.482577855265,406.4986416303841,421.2287653716144,407.3421177677698,486.93796482797524,622.8548907986199,499.1781290429672,547.7846414699591,519.9289948346645,673.3579720412857,488.0981568168295,465.6040354835474,437.95464924696074,507.1978644031871,469.22707198646566,440.54369529985235,434.94064403880947,495.9852225080105,438.6005458122403,438.125659882546,429.5435924093624,481.61474097941243
133,5.32,414.0498352050781,191.72470092773438,70.02360353924905,73.04475133045037,340.1466743127047,395.91373443603516,222.5055456161499,38.35179696312336,40.00647396955302,8.662805527952067,366.7368698120117,233.143630027771,19.736503166806276,20.588028794375745,-130.39869101104182,341.0087585449219,233.01270961761475,49.04459252039657,51.160607047988165,474.16149469834534,322.7989959716797,229.5901107788086,84.21969725850555,87.85333134027002,850.0744339133427,357.0824432373047,226.58928394317627,72.25332978538209,75.37067846004285,925.3658354521292,316.0693550109863,232.6439666748047,52.224118311833756,54.47731254507252,170.20135033638138,298.2832908630371,236.0980224609375,73.57138587904241,76.7456016964204,844.2162421268259,289.57855224609375,237.8767204284668,68.06585694390802,71.00253833373468,1195.2030929618245,355.20580291748047,203.61923217773438,68.29691392198562,71.24356419721204,694.6522280967915,308.6574363708496,211.2089967727661,10.200884581605962,10.640998748320397,-606.5506769968556,294.2547035217285,219.23920154571533,33.90072778991648,35.363364725263814,-666.2703844450274,290.8353042602539,224.02456283569336,32.8369411504733,34.253681323962866,-1124.0176739290214,355.0183868408203,183.19793701171875,62.912229263882644,65.62655890236798,758.7462668861542,309.9794578552246,188.11047077178955,21.571808176762367,22.502517499496875,398.9155291429649,302.8696060180664,199.0459442138672,63.54536255522005,66.28700854345006,227.9044530989152,306.0739517211914,206.2378978729248,80.28174522323565,83.74547752200284,149.36199820109232,358.08345794677734,167.4740982055664,52.31180910913565,54.56878673604722,417.1590584147154,322.8215789794922,171.5165376663208,56.82359280102545,59.275230009080836,549.5932866648733,317.5015640258789,180.66545963287354,94.63055398287703,98.71336141773405,1132.736485955726,321.2385940551758,186.62343978881836,107.45623757522524,112.09240535855321,1316.5264682771485,409.4204316836021,422.8290243303965,408.16563891954485,488.9843891098948,626.3690240522307,502.1929561813689,549.9637339717619,522.9988189025214,676.198073574635,490.94789938471797,466.02967543348024,439.36918383597134,508.5680116561456,471.85213434256036,441.4437959998322,437.5921243805475,499.3350416088906,440.78329728168217,440.4966690829093,433.49212686607177,486.0984371937546
134,5.36,416.15684509277344,192.82935619354248,59.47559332997123,62.041650321290106,-275.07752522900654,397.5103759765625,223.1775999069214,43.307917713464164,45.17642509281124,129.24877808145555,367.30899810791016,232.8832483291626,15.714830096477437,16.392841821601888,-104.87967431934644,340.5930709838867,231.84511184692383,30.984680716058683,32.32150565757901,-470.9775347602289,321.21105194091797,228.5460090637207,47.511279162697576,49.56113933619005,-957.3048001019991,358.2205581665039,227.73293495178223,40.33642291366115,42.07672602334423,-832.3488109174656,316.7620658874512,231.02883338928223,43.935349437947394,45.830927174613194,-216.15963426148318,300.32787322998047,232.5545310974121,102.27612165907405,106.68879486389929,748.5798291869723,293.83405685424805,232.66021728515625,168.30260045932013,175.56396668344073,2614.0357087426514,357.17430114746094,204.80449676513672,57.44474205479061,59.923178564812325,-283.00964080999285,309.21619415283203,211.36136054992676,14.47897137913667,15.103662343183208,111.56658987157027,295.7678985595703,218.75059604644775,39.75310173797414,41.46823762699997,152.62182254340394,293.7921142578125,222.77868747711182,80.21428633192133,83.67510813665238,1235.5356703172379,357.33428955078125,184.19008255004883,62.98689412902048,65.70444516116439,1.9471564699102828,310.4974365234375,188.67341995239258,19.124815042654983,19.949949565914206,-63.814198339566715,305.26283264160156,198.56885433197021,61.00793199968935,63.640101292480914,-66.17268127422858,310.3895568847656,204.47138786315918,116.57885084372779,121.60861109492515,946.5783393230577,360.38169860839844,167.99092769622803,58.89091006442608,61.43174106812117,171.57385830184867,323.8893508911133,172.2952365875244,33.03888679581453,34.46433985481024,-620.2722538567649,321.1417770385742,180.92339515686035,91.23349683754672,95.1697392404364,-88.59055443244124,327.43946075439453,185.8508062362671,156.22041805572348,162.960502071609,1271.7024178263948,411.9020976964537,424.63608133410895,408.82135259240897,490.27724933619794,628.3514696256783,503.8760252223027,551.7969710587464,527.2663706970774,683.2206322419727,493.34482652731043,466.6338219272075,441.0279133410513,511.9150159816117,474.4803121490069,442.24179398246883,440.1377284322467,504.1993860526876,443.240566924407,441.8752426771017,437.29891643568925,492.616857276619
135,5.4,416.59942626953125,192.9233980178833,11.311552798623621,11.799586419079388,-1256.051597555268,398.07350158691406,223.4073257446289,15.204530853175013,15.860525867450093,-732.8974806340287,368.8339614868164,233.48613739013672,40.99533911653421,42.76407097210125,659.280728762484,343.2868194580078,232.85091876983643,71.88501411981076,74.98647192334715,1066.6241566442036,325.0407409667969,228.99694919586182,96.4036599334822,100.56296750337205,1275.0457041795498,358.8976287841797,230.4499340057373,70.00226996548332,73.02249732591555,773.6442825642831,317.0271873474121,232.9546594619751,48.59973926624676,50.69656073095307,121.64083890849682,302.4146270751953,234.25409317016602,67.28230102366489,70.18517612363961,-912.590468506492,298.671932220459,234.57705974578857,130.09449228799426,135.70738091636986,-996.4146441767717,357.6763916015625,207.87978172302246,77.90006577459604,81.26104121364845,533.4465662209033,309.92345809936523,214.51536655426025,80.80832323095447,84.29477458307663,1729.7778059973357,296.3393783569336,220.39056301116943,43.41716829329165,45.29038925679109,95.55379074477787,294.74260330200195,223.55589866638184,30.694937040278912,32.01926107607813,-1291.3961765143563,358.12816619873047,187.02908992767334,73.69787574264562,76.87754892800696,279.32759417106433,312.0869827270508,191.7576026916504,86.74258002329802,90.48506314034586,1763.3778393607913,303.33959579467773,199.8649549484253,57.98015165414768,60.481688253949535,-78.96032596328446,305.75855255126953,205.2828311920166,117.53893347739827,122.6101162116082,25.03762791707622,361.32591247558594,170.1005744934082,57.78272576991408,60.275744487974194,-28.899914503674395,325.79959869384766,174.88394737243652,80.43036660588686,83.90051113052115,1235.9042818927728,320.85601806640625,181.65279865264893,19.58455465799335,20.429524511815483,-1868.5053682155228,325.22335052490234,185.85711479187012,55.40298021730031,57.79332551302119,-2629.1794139646954,412.3740811532169,425.270502368807,410.53191543129304,493.27670821313177,632.3739883258132,506.7969251153393,553.8248334879846,530.0737777420229,688.6489274786275,496.5952681758564,470.0056129105306,442.839528911323,513.1957864246549,477.5554141061272,445.8611965080826,442.5569959624047,509.103790701152,445.651596703926,445.23126312232256,438.1160974161619,494.9285902971398
136,5.44,416.2270736694336,193.02290439605713,9.635480595718812,10.051200573663143,-43.70964613540611,397.9518127441406,223.58559608459473,5.3960916740190035,5.628904463108681,-255.79053510853532,369.9004364013672,233.69916915893555,27.188592252584236,28.361636073211482,-360.0608724722442,345.05638122558594,232.6434087753296,44.54217977865507,46.46393903199239,-713.0633222838691,327.61661529541016,227.17482089996338,78.87997244042157,82.28322566452658,-456.99354597113665,360.4008102416992,233.3810520172119,82.35216789580213,85.90522797217464,322.0682661564773,318.57234954833984,235.71138381958008,79.00575695395729,82.41443711392434,792.9469095742818,301.1368751525879,234.83469486236572,35.086930443472525,36.60074574362222,-839.6107595004347,293.86817932128906,232.8607177734375,127.52909394119006,133.03129921199388,-66.90204260939936,358.7889099121094,211.419939994812,92.7712832070829,96.77387295085256,387.82079343010275,311.4982223510742,218.76208305358887,113.23229297038684,118.11766696586251,845.572309569647,295.76061248779297,222.36871719360352,51.527079656984455,53.75020036235487,211.4952776390945,291.8243408203125,223.42261791229248,73.0326111723682,76.18358171340003,1104.1080159330475,358.497314453125,190.43161869049072,85.56237642621507,89.25394000598864,309.409776949542,312.61207580566406,197.46511459350586,143.29038447116184,149.47260598883614,1474.6885712122569,301.34765625,203.118896484375,95.3806802667267,99.49585167960015,975.3540856412653,301.3174629211426,206.52000904083252,115.25484299049525,120.22747931205815,-59.565922488751255,360.81554412841797,172.44732856750488,60.04024969801679,62.63066862235375,58.873103359488965,324.8008346557617,178.09032440185547,83.95826068112353,87.58061515860636,92.00260070213027,317.43263244628906,183.33054542541504,95.31003140262916,99.42215469102841,1974.815754480323,318.8900566101074,186.58653259277344,159.3789943410302,166.255354202279,2711.550717231445,412.77612917616347,425.49565854733135,411.6663808742215,495.13526577441144,635.6653173523943,510.2331342342263,557.1214109725415,531.5378075717679,693.9701794471072,500.4662230938905,474.7303195891651,444.98953692581716,516.2431296931909,481.12557170636677,451.8401007476361,446.53683002958866,513.9128898736343,448.15682344882015,448.7344877286668,442.092983603803,501.57880446523103
137,5.48,415.63072204589844,192.5859260559082,18.482852334196266,19.28028956510454,230.7272247860349,398.27625274658203,222.84002780914307,20.327527034543305,21.204552213154304,389.3911937511406,370.1493835449219,233.00328254699707,18.476891935591638,19.274072006854176,-227.18910165893266,345.4199981689453,231.96382999420166,19.268572230080668,20.09990911493382,-659.1007479264642,327.23392486572266,226.79158687591553,13.539762787857304,14.12393187331428,-1703.9823447803076,360.5284881591797,233.3043622970581,3.7234865876469585,3.8841353219488437,-2050.527316255645,318.5887908935547,236.14259719848633,10.788167591747765,11.253619911302414,-1779.0204300655482,300.35926818847656,235.87343215942383,32.43886329441523,33.8384285158205,-69.05793069504291,291.7491912841797,234.15850639343262,62.12067693007636,64.80085527579712,-1705.761098404919,358.8187026977539,211.5851640701294,4.197216722197073,4.378304403900735,-2309.889213673796,311.02333068847656,218.66071701049805,12.139737587172556,12.663502996884622,-2636.3540992244475,292.67040252685547,222.86564826965332,78.24775594634232,81.62373237565089,696.8383003324005,285.6439971923828,224.62803840637207,157.41999143778995,164.21183069462907,2200.706224530726,358.505859375,190.66161632537842,5.753907788613288,6.002158448786776,-2081.2945389300467,312.06499099731445,196.13609790802002,35.9303765794583,37.480582115213366,-2799.800596840569,300.2922058105469,202.2663974761963,33.91837802990697,35.381776479670386,-1602.8518799982444,299.4636917114258,206.91676139831543,47.39382957690223,49.43862242253997,-1769.7214222379544,361.2389373779297,172.64838695526123,11.717676791371508,12.22323251211388,-1260.1859027559967,323.9954376220703,176.6376256942749,41.52557884067635,43.31718773327707,-1106.5856856332323,316.9687080383301,182.44949340820312,24.893253520448027,25.967265626194088,-1836.3722266208579,319.07115936279297,187.07056045532227,12.919974331289072,13.477402825974773,-3819.4487844076057,413.54734075876763,426.3438406358575,412.43734375449566,495.9392621390088,636.2302746273268,510.38849964710425,557.5715557689937,532.8913447124007,696.5622136581391,500.6413552700466,475.23685970904046,448.25448622084315,522.811602920976,481.36565804431825,453.33932403224463,447.95210108877546,515.8904347705359,448.6457527493047,450.4671752379979,443.1316742288507,502.11790057827
138,5.52,414.9367904663086,191.42935752868652,33.71935456188127,35.17416620261984,397.34691593788244,398.56346130371094,222.7065896987915,7.917326118325238,8.258916826395435,-323.64088466897175,369.7536087036133,234.4522190093994,37.55042107862991,39.17052295808824,497.4112737808516,343.0791473388672,235.8146095275879,112.66123341522507,117.52196921405674,2435.551502478073,323.15723419189453,233.13341617584229,188.47779331974152,196.6096123093094,4562.142010899877,362.12329864501953,234.0608024597168,44.12781297993808,46.031694499548244,1053.688979439985,318.9164352416992,240.9015655517578,119.25584526111959,124.40110364955045,2828.687093456201,300.9483337402344,243.00381660461426,178.86688584056262,186.58404505207596,3818.6404134063864,294.8480796813965,242.88362503051758,231.477326818433,241.4643480410514,4416.587319131358,359.76001739501953,212.14659690856934,27.40073209978846,28.58292863176464,605.1156056965976,310.7754325866699,221.89032554626465,80.9777159284262,84.47147567868765,1795.199317045076,292.8286552429199,227.07246780395508,105.2448767052482,109.78563597387247,704.0475899555396,287.88917541503906,229.28182125091553,129.17652654327543,134.74980980943195,-736.550522129928,358.46946716308594,191.26985549926758,15.23317280110594,15.890403563805172,247.2061278754599,311.3047409057617,198.45080852508545,60.909078974635236,63.53698328271878,651.4100291876354,298.73743057250977,205.95984935760498,100.18393347081268,104.50633983125591,1728.114083789638,298.14666748046875,211.1658811569214,111.21367819400494,116.01195964832719,1664.3334306446804,360.0459289550781,173.3650302886963,34.79266054385325,36.293779655684766,601.7636785892721,323.01815032958984,179.0159797668457,64.28286390321063,67.05632917031052,593.4785359258361,317.22787857055664,185.33077239990234,72.32279201945032,75.44313762178147,1236.8967998896846,321.3282012939453,189.6041965484619,84.8290565322396,88.48898124074763,1875.2894603693214,414.9543074068724,426.6741973089133,414.0041646728192,500.64014090757104,644.0946591196993,512.2297674270862,562.5475999149756,540.3547065144837,706.2207875797811,501.7846724153171,478.61571873618794,452.64591165979806,528.2015953133532,482.00127418687043,455.88080336355335,452.13235468202566,520.530913156469,450.0975039355321,453.1494284048103,446.149399733722,505.65745982789986
139,5.56,417.2056579589844,186.6664695739746,131.89214667783656,137.58259457643982,2560.2107093454997,406.58435821533203,219.49713706970215,215.9794166194162,225.2977850621223,5425.971705893171,378.8983154296875,236.5101671218872,234.33524534787645,244.44557062536003,5131.876191681795,351.4986038208008,242.70898818969727,272.05204532832806,283.7896508540818,4156.692041000626,330.4176712036133,244.84622955322266,344.51409878123644,359.3780583029319,4069.2111498405625,371.8208694458008,234.29015636444092,242.50706516741073,252.96996120889452,5173.456667733657,326.93180084228516,253.89347076416016,381.63766090945444,398.1033056066683,6842.555048927946,311.57114028930664,257.6849555969238,453.0313600420816,472.5772649021322,7149.830496251406,309.06686782836914,256.6674327850342,495.08035495637097,516.4404513416597,6874.4025825152075,364.4828414916992,213.11309337615967,120.51758914688267,125.71728510437407,2428.358911815236,317.8525924682617,232.9790210723877,328.86676677329535,343.05562675505513,6464.603776909186,303.75328063964844,240.31517028808594,429.18280570612575,447.699771699655,8447.853393144564,301.4413642883301,243.15536499023438,484.8563183718361,505.77530170404964,9275.637297365442,359.50511932373047,193.5446834564209,62.48708682847018,65.18307382155065,1232.316756443637,315.5543899536133,208.62622261047363,275.6793527350003,287.5734573725648,5600.91185224615,304.5320510864258,219.1299819946289,359.71344548221566,375.2331763494636,6768.170912955192,303.79398345947266,224.84536170959473,369.98341682236327,385.9462425842148,6748.35707339719,357.98267364501953,177.82952785491943,122.95517728347536,128.2600422645889,2299.1565652226027,324.90734100341797,190.82769870758057,299.046135379846,311.94839298593615,6122.3015953906415,317.24143981933594,201.1622428894043,395.786907444713,412.86301722450713,8435.49699006814,318.0514907836914,207.37305164337158,451.71135913317596,471.2003129420273,9567.783292531993,420.45761118992993,435.6861087113982,423.78198749783354,511.9917269417343,658.4697814518165,522.348565875442,578.4717321392424,559.257797110569,726.8784056334475,506.81336381949205,492.3379438063901,470.5539025277843,548.4326073815153,484.60859713973247,467.3837416584559,467.1416817360043,535.9687628598376,455.2279056261156,465.6273641242478,462.6639204227023,524.505472345581
140,5.6,417.989501953125,184.4034719467163,59.87262348168312,62.455810222190244,-1878.1696088562392,414.62032318115234,219.23742771148682,201.0040140809321,209.67627318314797,-390.5377969743583,392.11448669433594,240.42437553405762,344.59052728421807,359.45778429120844,2875.3053416462103,366.8302536010742,250.77401161193848,433.0878142668196,451.77326070681926,4199.590246318437,347.57022857666016,254.7476863861084,495.13197221117497,516.4942956077493,3927.905932620436,382.0785140991211,233.2419204711914,257.7766381987604,268.8983354801774,398.20935678207263,339.8947525024414,263.82556915283203,408.2620896447879,425.8764374935136,694.3282971711326,326.4680480957031,274.097843170166,554.1326221470838,578.0405112418501,2636.581158492949,326.0996627807617,274.90267753601074,623.8190117224849,650.7334996111068,3357.3262067361784,368.4727096557617,213.86738777160645,101.51357052631525,105.89334368667018,-495.5985354425973,324.5124816894531,245.04904747009277,344.6371839339152,359.506453928342,411.27067933217205,315.1902198791504,259.59019660949707,560.318112135392,584.4928723774738,3419.827516945469,318.83344650268555,264.6925163269043,692.0681918394688,721.9272705423317,5403.799220957052,358.60538482666016,197.65384197235107,105.16268906514519,109.69990237219633,1112.9207137661422,317.03834533691406,224.93645668029785,409.44005894642413,427.1052299344037,3488.294314045973,310.7530975341797,241.38519287109375,577.7087447738213,602.6338187490965,5685.016059990822,314.94592666625977,248.5202407836914,654.2484889457646,682.4758476844135,7413.240127504966,354.37957763671875,186.84021949768066,242.60933711158987,253.07664564604235,3120.4150845363365,325.74947357177734,208.18423748016357,434.4239184158637,453.16701067662495,3530.46544226722,319.51236724853516,223.0440330505371,549.982870213097,573.7117194804949,4021.2175563996952,320.77449798583984,230.8271884918213,590.29193176383,615.7599036429502,3613.9897675230727,422.9558435988176,444.0731596387241,438.16029886948184,530.0626573700071,679.1295532761266,533.104499294649,595.5067896389829,582.379417560243,752.9077456178918,511.0490975669589,506.71820196352377,493.93361742288323,577.3096982032085,488.9965932346203,484.46795085583204,491.24703448596813,563.2677967672141,465.3509714519573,483.75404455131275,485.61238920192204,549.135868491299
141,5.64,416.45729064941406,185.5173110961914,47.357081902571466,49.40028928060222,-326.38802353970055,416.74327850341797,221.13121032714844,71.12204253832859,74.19058215725809,-3387.142275647247,397.12745666503906,245.8865261077881,185.3458874936186,193.34258132694484,-4152.88007410659,371.7228317260742,259.7937297821045,256.53050084060607,267.5984338920087,-4604.370670370264,353.1724166870117,267.7617645263672,354.21633702488765,369.49889676362403,-3674.8849711031326,385.28358459472656,233.58075141906738,80.5732713630861,84.04958147146279,-4621.218850217866,349.44522857666016,266.92583084106445,251.0269106337836,261.857392903498,-4100.47611475039,337.17273712158203,281.1375331878662,320.30025238641326,334.1195126230854,-6098.024965469118,331.7550277709961,288.2219123840332,361.75368874202974,377.36144530499104,-6834.301357652895,368.7373352050781,216.50671005249023,66.31387856116837,69.1749713586673,-917.9593082000717,330.75469970703125,251.4858627319336,224.16215739677702,233.8335677849985,-3141.822153583588,324.3129348754883,268.9533805847168,326.8152603710349,340.91560871211124,-6089.431591634063,326.62376403808594,277.175931930542,367.8694677085813,383.7410877573159,-8454.654569625396,356.78043365478516,204.59881782531738,179.51869049282348,187.2639716244601,1939.1017313065945,321.6162872314453,236.54103755950928,311.8732208084158,325.32889924478854,-2544.4082672403792,319.60376739501953,254.52458381652832,396.0570913726855,413.14485815863117,-4737.224014761632,324.5792007446289,263.03818702697754,435.58203345633177,454.37509225008506,-5702.51888585821,351.06788635253906,198.715238571167,308.2038460554311,321.5012103967022,1710.6141187664966,328.0862808227539,222.9903745651245,374.73520943700385,390.9030498944204,-1556.5990195551137,325.7691192626953,239.3328094482422,436.22756554143507,455.04847562724547,-2966.581096331237,328.89007568359375,248.57294082641602,487.83599145169603,508.8835319030626,-2671.9092934971914,424.9318551700417,447.0407829250144,445.89400212255964,540.7665947256874,693.9095091466714,536.4664825535076,605.9810853551229,595.7441980651664,768.0022034300914,513.8160964213056,516.0715446749238,507.5702417713677,592.6593417135012,496.4871520995987,497.48110682562356,507.7728288123134,581.4428004572176,478.21101986782537,499.3901665470896,503.81432822701186,569.4912097674215
142,5.68,413.69747161865234,189.70214366912842,125.32314417653758,130.73017439318633,2033.2471278146027,416.4936065673828,223.62184524536133,62.577943256114985,65.27785022305885,-222.8182983549811,399.1651916503906,247.83679962158203,70.51564830381585,73.55802522174741,-2994.6139026299356,375.14549255371094,262.3290824890137,106.48538775775344,111.07966851108874,-3912.9691345229985,357.14866638183594,270.9781551361084,127.85668292570087,133.37302192694634,-5903.146870916942,388.71158599853516,236.2687110900879,108.90454770562374,113.60320240379572,738.8405233083233,355.9532165527344,271.2421989440918,195.2321392239865,203.65537248214713,-1455.050510533772,344.24304962158203,285.17523765563965,203.5503258053365,212.33244477841123,-3044.676696116855,338.7611770629883,292.52906799316406,205.60538256413375,214.47616635698108,-4072.1319737002486,371.0721969604492,220.50995349884033,115.85966054736112,120.85839154462835,1292.085504649026,336.5553665161133,258.23241233825684,222.43491607176668,232.0318051407447,-45.044066106345326,327.69115447998047,275.60102462768555,186.41945146998685,194.46246390549842,-3661.3286201653204,326.1213684082031,285.120849609375,199.0196571515591,207.60630175736065,-4403.369649998881,357.52758026123047,209.87816333770752,133.29881162897848,139.04994967340838,-1205.3505487762934,325.5271911621094,243.944091796875,209.31492660024006,218.34575758010146,-2674.578541617177,320.87100982666016,262.34095573425293,197.96081262579523,206.50177369578094,-5166.077111571256,322.4139404296875,273.09654235839844,257.2193424450514,268.3169953649922,-4651.452422127322,350.0484848022461,204.50971126556396,147.0864824832057,153.4324855337433,-4201.718121573973,328.48243713378906,230.17394542694092,179.86215233740583,187.62225202936602,-5082.019946626359,325.2408981323242,246.2373447418213,173.1177799628947,180.5868956912708,-6861.5394983993665,326.8442153930664,256.4769744873047,204.1128554881126,212.9192446389946,-7399.1071816017,430.1610621457691,449.6518969339368,448.83632313142954,545.209781466131,699.2444300237493,541.0106106496594,614.1273002544087,604.2374958563029,776.5812500843707,518.6504320830907,525.3528168805535,515.3487403275876,600.9635937837957,502.049150086535,506.21493712882767,516.0328997601447,592.1754802718173,484.34831928917515,506.8950566282643,511.03780405466273,578.0079795529814
143,5.72,409.2751693725586,194.90192413330078,170.65036264134187,178.01302237467905,1182.071199537318,412.09922790527344,228.65644454956055,167.06614330079987,174.27416294427377,2724.907818030373,396.1711883544922,253.6065673828125,162.50822239656284,169.51959188242827,2399.0391665170214,373.0093002319336,268.19801330566406,156.14029461963267,162.8769217334204,1294.9313305582916,355.72399139404297,276.2809181213379,137.27024918560033,143.19273373600313,245.49279522641996,389.791259765625,241.55118942260742,134.79213807025315,140.6077052450272,675.1125710307871,360.81573486328125,275.83391189575195,167.19732382511253,174.41100321374728,-731.1092317099963,347.2529602050781,290.86804389953613,160.98836264461127,167.93415822824286,-1109.9571637542092,336.99432373046875,300.6620121002197,208.06632137843513,217.04328165303036,64.17788240123201,372.4909973144531,226.1343812942505,145.0154786356959,151.27212883400608,760.3434322344434,341.6569519042969,264.06128883361816,193.65235389594432,202.00742778050585,-750.6094340059711,330.0732421875,283.0210876464844,194.82632818946345,203.23205284982808,219.23972360824138,323.5740661621094,294.92855072021484,253.32754219158068,264.2572845335836,1416.274569405573,358.2326126098633,215.08792877197266,131.43136633972335,137.1019340060855,-48.7003916830723,327.18509674072266,249.87579345703125,153.97592241300555,160.61916832415747,-1443.1647313985998,321.6331481933594,269.2884635925293,174.72964890582898,182.26830824593767,-605.8366362460816,321.2220764160156,281.49770736694336,212.13220130364112,221.28458277244042,-1175.810314813794,349.1086196899414,208.76635551452637,108.97926033067083,113.68113848308862,-993.7836762663668,326.77051544189453,236.97097778320312,175.23256819733598,182.7929258424432,-120.73315467307069,324.38438415527344,252.90759086608887,168.12532444427802,175.37904214684008,-130.19633861076798,326.1952209472656,262.7597236633301,157.90450238895974,164.71724572836467,-1205.0499727657482,437.28158304075623,456.62286345170776,455.61710680672667,551.7248583354678,704.9721393731894,546.6349188594605,621.1037403829587,610.9548621854326,785.2629813504919,524.7013172364509,533.4331139917737,523.4780224415807,611.533885165139,507.5332274467784,512.6397038617939,523.3236320899821,601.0268635827148,488.89556482849866,514.206773661962,518.0529657405364,584.5966693821159
144,5.76,407.1482467651367,198.42726230621338,102.9314365589936,107.37238313254547,-1766.0159810533396,410.3152847290039,230.41335582733154,62.59587892843634,65.29655972469031,-2724.4400804895863,396.93504333496094,254.80276107788086,35.481982992324866,37.012842718568756,-3312.6687290964883,376.0586166381836,269.6360778808594,84.28508270987626,87.92153782772002,-1873.8845976425096,359.24415588378906,277.46337890625,92.83645412338146,96.84185564717777,-1158.7719522206341,391.9211196899414,244.0799045562744,82.65403621589496,86.22012031220343,-1359.6896233205944,364.5863342285156,279.94348526000977,139.43191171976008,145.44766056477658,-724.0835662242673,349.7660446166992,295.202693939209,125.26168664631854,130.66606529589149,-931.7023233087845,338.46397399902344,304.453125,101.65016272350249,106.03582911405367,-2775.186313474417,374.4068908691406,229.28568363189697,92.20003571091127,96.17797914937731,-1377.3537421157193,345.76759338378906,268.6274242401123,153.59639872764174,160.22327020094994,-1044.6039394888978,333.7851333618164,286.9580268859863,135.27200991312432,141.1082810175003,-1553.0942958081944,326.5154266357422,297.69412994384766,100.93323869654793,105.28797361069661,-3974.232773072174,358.9562225341797,218.3343744277954,83.15279880579646,86.74040186743454,-1259.0383034662736,329.91771697998047,253.82257461547852,120.01118407432847,125.18903133382273,-885.7534247583686,324.3254852294922,272.5637626647949,105.99605750013914,110.56922624334874,-1792.4770500647235,323.0357360839844,283.8145351409912,73.55717302639508,76.73077563442347,-3613.845178450424,348.13587188720703,211.32588386535645,68.45355937799863,71.40696807537866,-1056.854260192749,326.9875717163086,240.31325340270996,83.73290774470154,87.34553943598513,-2386.1846601614516,325.47454833984375,255.37725448608398,67.48933408902124,70.40114156974322,-2624.4475144274215,327.5517272949219,263.8616180419922,43.691251219200446,45.576297409971296,-2978.5237079598346,441.5764783660581,459.2347258406954,457.0976205154694,555.2417198485766,708.8458135990765,550.0837236719486,626.9216468055497,616.1815047972682,789.5044145150541,528.548436402426,539.8420447998117,529.1223536822808,615.7454041095668,511.0028435214758,517.6472651151469,527.7464011397161,604.0960946080918,491.7518435515138,517.7005952394014,520.869011403326,586.4197212785148
145,5.8,403.93665313720703,200.9917116165161,102.74584509869105,107.17878438324294,-4.839968732563094,408.35670471191406,232.7848720550537,76.89329010751375,80.21082850635247,372.85671954155396,395.68172454833984,257.62184143066406,77.12822933411621,80.45590411682612,1086.076534956434,375.0817108154297,272.97017097473145,86.85664102824809,90.60404527382617,67.06268615265394,358.33587646484375,281.13707542419434,94.60780097604258,98.689626739108,46.19427729825567,390.7928466796875,246.8583583831787,74.97001756496786,78.2045769353061,-200.38858442243352,363.03672790527344,281.3313674926758,52.00659122158324,54.250400312455426,-2279.931506308029,348.5939025878906,295.1683044433594,29.31615993275207,30.580997035539774,-2502.1267065087927,338.3334732055664,302.5634765625,47.35373318466498,49.396796083246024,-1415.9758257701912,373.87367248535156,231.97840690612793,68.62525262428777,71.58606897630956,-614.7977543266936,345.03334045410156,270.9180736541748,60.136314439049386,62.73087804839989,-2437.3098038137514,334.0645217895508,288.07159423828125,28.702026732107793,29.940367238478693,-2779.19784447554,327.76153564453125,297.0564079284668,34.99533031961805,36.50519355934998,-1719.5695012836659,358.7137985229492,220.88600635528564,64.07805247610429,66.84268121438618,-497.4430163262092,330.62320709228516,256.90415382385254,79.03261477090786,82.44245370349236,-1068.6644407582592,325.2099609375,274.61731910705566,55.89829681890204,58.31001240380027,-1306.4803459887116,323.6845397949219,284.33338165283203,20.768786046848913,21.664849215837364,-1376.6481604646526,347.74044036865234,213.1442642211914,46.521992140498355,48.529169816219834,-571.9449564789705,326.4634704589844,241.8395233154297,40.343695096030096,42.08431196188381,-1131.5306868525329,325.0206756591797,255.68278312683105,13.678179716475764,14.268320759630207,-1403.3205202528252,327.03250885009766,262.6641368865967,32.63001791844666,34.0378304499157,-288.46167400138984,445.8636297413878,462.44315898094953,460.3158566801425,558.8658816595297,712.7933986686409,553.2119067493609,629.0916628180479,617.4047446786898,791.4802863583839,531.4118791614784,542.3512799217477,530.3199683718199,617.2056118519408,513.6765507700512,520.9449632632866,530.0788016358681,604.9626885767252,493.6930103441626,519.3839677178768,521.4397442337113,587.7812344965114
146,5.84,402.5826644897461,202.67786979675293,54.062548648721645,56.39506141843723,-1269.5930741201428,407.6362609863281,233.0671262741089,19.34403341328071,20.178626048701144,-1500.805061441283,395.23109436035156,257.63099670410156,11.268079510226807,11.754237488433704,-1717.5416657098103,375.3136444091797,273.58174324035645,16.351869694156644,17.057366305464615,-1838.666974209039,358.8607406616211,282.41031646728516,34.42950387086022,35.91495469478568,-1569.3668011080579,390.5698013305664,246.20667457580566,17.219919652773882,17.962868024382352,-1506.0427227730936,363.6172103881836,281.89453125,20.2193182768527,21.091674820421197,-828.9681373008557,349.7228240966797,296.4462089538574,42.62850946665437,44.46770397690549,347.1676735341429,340.37254333496094,303.53925704956055,56.513021461413814,58.95125916031437,238.86157692670872,373.7883758544922,231.52281761169434,11.587631348728594,12.08757629707511,-1487.4623169808613,345.1759719848633,271.7425346374512,20.91769087567485,21.820178499732293,-1022.7674887166899,334.722900390625,289.7607135772705,45.32236288315593,47.27778290720144,433.43539171806873,329.2195510864258,298.80558013916016,56.9287518057923,59.38492606819677,571.9933127211697,358.39683532714844,220.77654361724854,8.383307764198197,8.74500311340387,-1452.4419525245576,330.2421188354492,257.0131015777588,9.908893498376543,10.33640979563608,-1802.6510976964069,325.23162841796875,275.61344146728516,24.908949649912955,25.98363896055089,-808.1593360812345,324.5056915283203,285.7885551452637,41.771851035857246,43.57408526992712,547.7309013522438,346.7604446411133,213.39745044708252,25.30433375649073,26.39608179818346,-553.3272004509093,324.2997360229492,242.3316764831543,55.47500253597191,57.86845521346085,394.60358128942585,322.73937225341797,256.56864166259766,61.18154631162572,63.82120614287171,1238.8221345810375,325.5248260498047,263.5978889465332,44.335371993864484,46.24820858611835,305.2594534050662,448.1194321981253,463.2503040228975,460.7860261796798,559.5481763117482,714.2299968564323,553.9304214703362,629.9353298108648,619.183452837766,793.8383367247966,531.8953822133615,543.224087061737,532.211079688108,619.5810088946687,514.0263508945874,521.358419655112,531.1181471942903,606.7056519875223,494.74885361609,521.6987059264152,523.9925924794261,589.6311628399561
147,5.88,403.1219482421875,204.1201114654541,38.49422031767581,40.155042137872165,-406.00048201412665,407.91500091552734,233.82818698883057,20.262486268080778,21.13670528194154,23.951980831009934,395.9249496459961,257.9926586151123,19.561353725087574,20.40532258147942,216.27712732614293,376.8101501464844,273.65349769592285,37.45562477518795,39.071636695999736,550.356759763378,360.24200439453125,281.8814277648926,36.97645162271696,38.57178975871875,66.42087659832683,391.1946105957031,247.0414924621582,26.06850975284653,27.193227943271825,230.7589979722368,364.84752655029297,283.1752109527588,44.39748275385302,46.31299909658908,630.5331069041971,350.82733154296875,297.7371311187744,42.47364428959122,44.306157187300705,-4.038669740119616,341.72760009765625,304.60201263427734,43.0524989327931,44.90998634392869,-351.03182040964197,374.99263763427734,232.11763858795166,33.578810543695454,35.02755845408243,573.499553925183,346.62288665771484,272.23626136779785,38.22080711775301,39.86983260580875,451.2413526519115,335.94749450683594,290.3261089324951,33.72038197781879,35.17523794611597,-302.56362402713677,330.84117889404297,299.3961811065674,43.14572870762874,45.00723848999465,-359.44218945505304,359.7969436645508,220.39960384368896,36.249025412370536,37.812978958354506,726.699396123766,330.5295944213867,256.10612869262695,23.786051937985572,24.812294156919165,361.89710903207714,325.5197525024414,274.02989387512207,40.23865107625622,41.97473584875458,399.77742220509214,325.89794158935547,283.43098640441895,68.44929966889994,71.40252458238305,695.7109828113984,348.1402587890625,211.6908073425293,54.86641600970425,57.23361140041192,770.9382400557114,324.60559844970703,239.50811862945557,71.00189600147115,74.06525193338513,404.919917998107,322.87803649902344,252.49614715576172,101.87136276089265,106.26657276203508,1061.1341654790842,326.36260986328125,258.1937026977539,136.71848523887184,142.6171640959845,2409.2238877466534,449.72563388364017,464.09577223417523,461.602239082939,561.1110417795883,715.7728684467811,555.0181505880671,631.7878497747283,620.955699125258,795.6347361785537,533.2964845515248,544.8188803659693,533.6180892059526,621.3812984342685,515.5388700529215,522.3509114213888,532.7971366282404,609.5617529708176,497.03819807210647,524.6613160037506,528.2432553899075,595.3358494037955
148,5.92,403.39874267578125,204.48256015777588,11.401321552627444,11.893228219587101,-706.5453479571266,407.8751754760742,234.50304508209229,16.90080456051718,17.629984805274393,-87.6680119166787,395.66123962402344,258.03643226623535,6.682959122904551,6.971293429800582,-335.850728791971,376.65897369384766,273.43932151794434,6.553899366279345,6.83666542791301,-805.8742817021681,360.67012786865234,281.96319580078125,10.89655108241267,11.36667957581263,-680.127754572653,390.2785873413086,248.1749153137207,36.43269447758786,38.00457237140095,270.283610703228,364.37610626220703,282.6239204406738,18.134192784866503,18.916587202007722,-684.910297364534,351.04225158691406,297.13122367858887,16.072384144893864,16.765822434333916,-688.5083688241697,343.2281494140625,303.40235710144043,48.02877814676246,50.10096566180314,129.7744829468611,374.7182083129883,232.86940097808838,20.007157213220715,20.87036013006374,-353.9299581004673,345.70064544677734,271.60634994506836,27.920839569627017,29.125475985503336,-268.60891550763546,335.7914352416992,289.5549201965332,19.670513476863462,20.519191998658076,-366.40114868644736,331.84436798095703,297.8491973876953,46.094651062777416,48.08339123331791,76.90381858308157,360.58441162109375,220.3018569946289,19.837783222350108,20.693678548144653,-427.9825102552463,329.29981231689453,252.53276824951172,94.47641531405449,98.55257248135437,1843.5069581108803,325.37330627441406,270.65640449523926,84.4166641349827,88.0587962947342,1152.1015111494903,327.78167724609375,279.8876667022705,100.32314830119124,104.65156104456885,831.225911554645,350.35667419433594,210.1215648651123,67.8924664527628,70.8216669608173,339.7013890101345,324.0634536743164,234.37976360321045,128.92329655820768,134.48565429109564,1510.510058942763,322.0725631713867,248.00522804260254,114.06451508486492,118.98579505883734,317.98055742005647,326.5835189819336,254.3748950958252,95.62979510608955,99.75571450547977,-1071.536239762618,450.20136301242366,464.80097162638623,461.881090820131,561.3845083967047,716.2275356298135,556.5383334829231,632.5445132628087,621.6263320226313,797.638774805026,534.1312989567273,545.9838994053895,534.438856885899,623.3046340836012,516.3666171948473,526.293014320643,536.3194884800298,613.7478154126004,499.8710647505392,530.0407421753944,533.002687192261,599.3260779840147
149,5.96,402.9239273071289,204.69706535339355,13.025506546182724,13.587488197258722,42.35649944179052,405.96546173095703,235.16891956329346,50.56181497066514,52.7432896148847,877.8326202402578,391.8175506591797,258.3277416229248,96.36780452956151,100.52556512858892,2338.8567924697086,371.5508270263672,272.5097465515137,129.80098226397016,135.40120748863677,3214.113551518094,355.1463317871094,280.21668434143066,144.83314845908112,151.08193207551736,3492.881312492618,387.0917510986328,248.50627899169922,80.1004335378223,83.55634319721908,1138.7942706454533,360.2253723144531,280.3593063354492,118.20815684265138,123.30821302223637,2609.7906455057164,345.5886459350586,294.55899238586426,150.74437889441688,157.24820081037433,3512.05945940101,336.1026382446289,301.27936363220215,185.8763209370536,193.89590016537548,3594.8733625893083,372.3919677734375,232.6265573501587,58.472045005901975,60.994804199772794,1003.1111017427264,342.23865509033203,269.197998046875,105.43225340725881,109.9810969886118,2021.3905250777116,332.5386428833008,287.12018966674805,101.57685169221374,105.9593550998698,2136.004077530293,328.54026794433594,295.5801486968994,100.20497434384836,104.52828850657374,1411.1224318313957,359.3289566040039,219.3874740600586,38.82865767517495,40.503908696852456,495.25575371769503,327.1704864501953,250.48479080200195,73.85898841755397,77.04561276191502,-537.6739929859838,323.502197265625,268.2096576690674,77.00494689528772,80.32730269341334,-193.28734003302122,326.10225677490234,277.0278739929199,82.9113512264437,86.48853710324433,-454.0755985331131,350.06526947021484,208.45138549804688,42.38525562777676,44.21395502265418,-665.1927984540779,323.2606506347656,231.0723638534546,85.08593385879468,88.7569414640476,-1143.217820676201,320.86238861083984,244.71965789794922,87.53389929918602,91.31052365378305,-691.8817851263573,324.9111557006836,251.51381492614746,82.84993467784253,86.42447075570719,-333.28109374431455,450.74486254031405,466.9107032109816,465.9021134252746,566.8005566962502,722.2708129128342,559.8805872108119,637.4768417836981,627.9162600550463,805.3946108116409,536.5710911247182,550.383143284934,538.6772310898938,627.4857656238642,517.9867735427214,529.3748388311195,539.5325805877662,617.2073568967302,501.63962295144535,533.5910198339562,536.6551081384123,602.7830568142429
150,6.0,402.1150207519531,205.18974781036377,23.678389651913577,24.699986813162017,277.8124653975824,404.67151641845703,236.28800868988037,42.768672420547674,44.613914220243494,-203.2343848660302,390.2644729614258,259.72400665283203,52.211148049305535,54.463782684380135,-1151.5445611052196,369.21863555908203,274.51560974121094,76.90336540043361,80.22133849482373,-1379.496724845326,352.95658111572266,283.03284645080566,89.18301768385489,93.03079276639866,-1451.2784827279675,385.3980255126953,249.8159408569336,53.52523097631451,55.83456133299909,-693.0445466054998,358.3329772949219,280.99390983581543,49.89915149969816,52.05203572325337,-1781.404432474575,344.7867202758789,294.3507671356201,20.712956658967283,21.60661108542668,-3391.039743123691,336.80912017822266,300.4903793334961,26.47655739162298,27.618880677477325,-4156.925487197454,370.95333099365234,233.62232208251953,43.740878951818765,45.62806631652531,-384.168447081187,341.05430603027344,269.30628776550293,29.732235864695227,31.015024441260735,-1974.1518136837765,330.49190521240234,286.26903533935547,55.41659714445818,57.807529938498575,-1203.7956290342804,326.1345672607422,294.085693359375,70.8025093786347,73.85726283331627,-766.7756418314368,358.31981658935547,219.8857069015503,28.13582606643998,29.349738011525822,-278.8542671331658,326.93546295166016,249.53953742980957,24.350821116863493,25.401430136005377,-1291.1045656477413,322.31197357177734,266.30298614501953,56.19179623180837,58.616174762602036,-542.7781982702827,324.6952819824219,274.6453285217285,69.17415064969238,72.15864904567121,-358.24720143932785,349.2538833618164,208.31369876861572,20.574636272049386,21.462322906074608,-568.7908029144894,323.52046966552734,230.04150867462158,26.577343834467253,27.724015521771854,-1525.8231485568936,320.9347915649414,242.50548362731934,55.38394334372783,57.773467299134325,-838.4264088662181,325.0787353515625,248.63802909851074,72.01660861315648,75.12374402242595,-282.51816833203094,451.73286201284054,468.6952597797913,468.08066473264984,570.0094102360432,725.9920446234902,562.1139696641318,639.5589232126282,628.7805244984634,806.4993660387399,538.3962137773792,551.6237442625844,540.9895322874337,630.4400561371968,519.1607630631825,530.3908960365598,541.8772275782704,620.0937028585571,502.49811586768834,534.6999804548271,538.9660468303776,605.78800657514
151,6.04,403.1499481201172,205.55096626281738,27.403848130417472,28.58617910261918,97.1548072364291,406.2583923339844,236.09536170959473,39.96317078177984,41.687370037950686,-73.16360455732021,393.22154998779297,258.80687713623047,77.400868414421,80.74030613010815,656.9130861432004,373.60828399658203,271.4158630371094,134.34434076849564,140.14058786031578,1497.9812341373013,357.3704147338867,277.0576000213623,185.71735430051172,193.7300749600284,2517.4820548407433,387.21954345703125,251.42366409301758,60.738690435865195,63.359243380529364,188.11705118825694,360.15125274658203,281.3379192352295,46.263295960426134,48.259312265502366,-94.81808644377506,345.888671875,294.6467113494873,28.524992380882015,29.755694792208683,203.72709266955002,336.79203033447266,301.146240234375,16.402087978003934,17.109751242406787,-262.72823587676345,373.0412292480469,235.5384063720703,70.84621604824359,73.90285521433782,706.8697224453126,342.8280258178711,270.88863372802734,59.423799051983316,61.98762139440338,774.3149238285661,330.7404327392578,287.48900413513184,31.125650538110598,32.46855758116515,-633.4743089333356,325.43270111083984,294.6114921569824,21.92430825511021,22.87022609010733,-1274.6759185802234,360.3773880004883,221.38850212097168,63.69847713754058,66.44672920941663,927.4247799472702,328.57994079589844,251.51893615722656,64.33470438986738,67.11040629952552,1042.7244040880037,323.30738067626953,267.063045501709,31.310197314180904,32.66106657364132,-648.8777047240179,325.3171920776367,273.5763359069824,30.918414586939797,32.25238049579828,-997.6567137468234,351.3097381591797,208.86760711669922,53.22918258529693,55.52574002117474,851.5854278775034,326.54014587402344,231.7397117614746,86.61097696147735,90.34778210310778,1565.594164533398,325.68321228027344,242.68681526184082,118.79704450099074,123.92250806549073,1653.7260191589103,331.1865997314453,245.97270011901855,166.6020442776028,173.7900405051432,2466.657412067931,452.87630917694537,470.36275458130933,471.31027697785413,575.6150337504558,733.7412476218914,564.648339399353,641.4892957032483,629.9707522901518,807.1837560884362,541.3523279859527,554.1032491183605,542.2882745906803,631.3548651808011,521.8186322315591,533.0753122885408,543.1836702412161,621.383798078389,504.71914546853526,538.3138917389514,543.9229471529973,612.7396081953457
152,6.08,404.3581771850586,205.3993320465088,30.442675729605988,31.75611602530865,79.24842306723674,407.2584533691406,236.41252040863037,26.22870224596249,27.360331894414553,-358.17595358840333,394.13806915283203,259.7494125366211,32.86697013029776,34.2850058952948,-1161.3825058703337,373.7968444824219,272.35279083251953,23.892843471323864,24.923693179571874,-2880.4223670185975,357.88063049316406,277.8981399536133,24.581846690233537,25.642423239828304,-4202.191293005002,389.2964172363281,251.9425392150879,53.51773121729357,55.82673799907975,-188.31263453624044,361.9993591308594,280.88061332702637,47.59612576988385,49.64964662530264,34.758358995006766,347.56542205810547,293.7448310852051,47.597788733078254,49.65138133655524,497.3921636086639,337.9370880126953,300.62564849853516,31.446113053537733,32.802846357620155,392.3273778803342,375.2158737182617,236.0749626159668,55.99649082029774,58.41244295652198,-387.260306445396,344.69608306884766,270.05993843078613,51.090445465589575,53.294727717121255,-217.32234193205304,330.8652877807617,286.73598289489746,19.0825471575642,19.905858045345862,-314.0674883954822,323.52542877197266,295.53749084472656,53.004488868348346,55.291351959857316,810.5281467437496,362.42687225341797,221.7978572845459,52.24914684083149,54.5034209225967,-298.5827071704982,332.3491668701172,250.06144523620605,101.03014705840188,105.38906305533644,956.9664188952729,325.37689208984375,265.8532905578613,59.92904405981818,62.51466504958406,746.3399618985685,325.3903579711914,274.06336784362793,12.312426530042977,12.84364255343312,-485.21844855912894,352.88204193115234,209.2060661315918,40.20800337092027,41.942765857180824,-339.57435409984794,328.8112258911133,231.2277317047119,58.201847170791844,60.71294875849172,-740.8708336154014,328.4706115722656,240.4390525817871,89.51966222163426,93.38196173380358,-763.5136582921789,334.33963775634766,242.67282485961914,114.10199799432858,119.02489515741168,-1369.128633693288,454.1465538179577,471.45716785708595,472.681677213666,576.6119814776387,734.7669445514845,566.8814089193162,643.4752815682604,631.956807543614,808.495869942741,543.6888257042136,556.2350382270454,543.0845089124941,633.5665192591954,523.9987690684629,537.2908748107543,545.6842568431994,621.8975437805263,506.3968561028225,540.7424096892911,547.6582256223494,617.5006040016422
153,6.12,406.785888671875,204.83485221862793,62.311819401021,65.00024453246418,831.1032126788882,408.50101470947266,235.63300609588623,36.67084373399309,38.2529965074696,272.31661532637605,395.4446792602539,258.48504066467285,45.455102872167345,47.41624992401971,328.2811007181227,375.8641052246094,270.6570339202881,66.84477579423438,69.72877399679624,1120.127020430609,360.58265686035156,276.7074394226074,73.81867244943058,77.00355737319786,1284.028353334239,390.37906646728516,250.93806266784668,36.92139023697404,38.514352765673294,-432.80963083516133,363.30177307128906,279.11699295043945,54.81012055803514,57.174887098028634,188.13101181814994,349.13448333740234,293.0957508087158,42.450401231290776,44.2819113140822,-134.23675056182594,339.75650787353516,300.3394317626953,46.04487383176662,48.031466378307215,380.7155005171765,377.4028015136719,234.96046543121338,61.36345185226718,64.01095994459286,139.96292470177193,345.9180450439453,268.8452339172363,43.074775999293024,44.9332245479144,-209.0375792301714,330.02071380615234,286.7816162109375,21.145147169626878,22.057448328625906,53.78975708200109,320.4737854003906,296.0312747955322,77.28336600375998,80.6177341124791,633.1595538155445,365.22552490234375,220.0788116455078,82.11110825595993,85.65376788503116,778.7586740608614,333.8314437866211,248.88894081115723,47.2487531843395,49.287286751665455,-1402.5444075917744,327.80582427978516,262.74882316589355,98.54386514112873,102.79551123558728,1007.0211546500806,329.190673828125,268.4494972229004,169.48072154143506,176.79291745333376,4098.731872497516,356.2544631958008,206.65178775787354,105.76377923436789,110.32692640007917,1709.6040135724586,330.64571380615234,228.2969570159912,86.43923511082185,90.16863050078942,736.3920435574424,329.76551055908203,238.31528663635254,62.18493174116696,64.86788234182447,-712.8519847994777,336.1176300048828,240.79439163208008,64.66146372731366,67.45126357253473,-1289.3407896219237,456.74656359925626,472.98728771738473,474.57832721062675,579.4011324375106,737.8470868464124,568.421983029943,645.7622770521815,633.7280839961772,810.4171285978732,546.2492641019974,558.032367208962,543.9668068456391,636.7912286236946,527.4249197838642,539.2623662808209,549.7960772926228,628.9692604786597,510.8099331588257,544.3491549093227,550.2529409160225,620.1986545445435
154,6.16,410.4975891113281,201.86452388763428,118.84751403095287,123.97515508848751,1474.3727639005833,410.89672088623047,232.9938554763794,89.10851557861506,92.95307628972823,1367.501994556466,396.64764404296875,254.89465713500977,94.66380696485896,98.74804908984885,1283.2949791457286,375.6875228881836,264.68132972717285,149.4578157983729,155.9061293277379,2154.433883273541,359.81945037841797,267.30743408203125,235.77344069164948,245.94581648448136,4223.556477782087,392.9016876220703,249.00232315063477,79.49333686332383,82.92305351515596,1110.2175187370665,363.96251678466797,276.6350555419922,64.20959602261406,66.97990016854278,245.12532676285375,347.3888397216797,289.8105812072754,93.00406894103324,97.01670215686661,1318.3697710696104,334.97623443603516,297.7123832702637,136.36439674374188,142.2477985568168,2355.4083044627396,380.4633331298828,231.91613674163818,107.92008311708415,112.57626337996781,1214.1325858843738,348.23524475097656,263.6089897155762,143.15129195558566,149.32751236756178,2609.857195491185,330.13416290283203,281.3690757751465,135.34323188335424,141.18257583870002,2978.1281877518527,318.1353569030762,292.181396484375,112.61053138963943,117.46907966448113,921.2836388000508,369.31854248046875,216.1748456954956,141.40752948856488,147.5085157814819,1546.3686974112684,338.44825744628906,242.3876667022705,199.34507362701734,207.94575823099606,3966.4617869832655,331.1161422729492,255.26126861572266,204.666922030727,213.49721621972176,2767.542624603362,332.2506332397461,261.6493892669678,186.4215984889938,194.46470355700933,441.7946525918893,360.9470748901367,202.74690628051758,152.62024739941953,159.20500311061213,1221.9519177633238,335.35682678222656,220.61901569366455,225.2018100815718,234.91807597927195,3618.736136962063,330.9178924560547,230.98660469055176,185.46826396175004,193.47023769182118,3215.0588837499176,334.2307662963867,236.575927734375,115.53054874869879,120.51508031415544,1326.5954185405178,461.7055698027957,476.7054107689739,478.5282491742207,585.63737761062,747.6849195057916,571.7389051705493,648.4414730589232,637.6087520824519,816.1070405401459,550.752314637196,564.0054677036644,549.6141098791871,641.4899918102738,533.3252604151235,547.5801966100607,558.3359659414117,636.7478486209401,517.1781332832502,553.7458779484936,557.9917504236953,625.0192577571097
155,6.2,411.4067840576172,199.56921100616455,61.72062395483392,64.38354213253378,-1489.7903238988433,410.4033660888672,230.62135219573975,60.58140583507894,63.19517278187613,-743.9475876963024,391.79908752441406,257.3115634918213,135.43895454044764,141.28242842169598,1063.3594832961783,367.540283203125,276.9328308105469,367.8287588009777,383.6986224758602,5694.812328703058,349.5911407470703,291.2969970703125,651.9765382489967,680.1058743426754,10854.001446454851,395.0838088989258,244.87220764160156,116.77838890624716,121.81675816849751,972.3426163335389,363.30135345458984,272.4967861175537,104.76882521259114,109.28904537950048,1057.7286302739424,344.85774993896484,285.4975891113281,125.02078904093077,130.4147742341313,834.9518019316172,332.23133087158203,292.74587631225586,141.86412280349347,147.98480868076706,143.4252530987564,384.0619659423828,226.30980491638184,166.5478809796222,173.73354034759254,1528.931924190618,349.1777038574219,258.5536193847656,128.5617515752674,134.10851055614287,-380.4750452854727,330.46131134033203,276.97978019714355,110.03676025320688,114.78426392892948,-659.9577977442635,318.62300872802734,288.3702850341797,96.0545899091632,100.19883695546324,-431.75606772544734,372.9123306274414,210.07628917694092,176.9669899573912,184.60217871950118,927.3415734504823,338.6754608154297,236.5122127532959,146.9961319165197,153.33823681841625,-1365.1880353144954,331.6941452026367,251.39931678771973,97.62414951147623,101.83611474544465,-2791.527536856928,333.4278106689453,259.78365898132324,55.151474360320286,57.53096850977213,-3423.34337618093,363.8477325439453,197.2119426727295,156.22427181006654,162.96452209505037,93.98797461095612,335.574951171875,216.58355712890625,101.0337322297627,105.39280290786176,-3238.131826785255,330.7313919067383,228.40527534484863,64.7014472687988,67.49297219216405,-3149.4316374914283,334.62467193603516,235.5107831954956,28.391179766472398,29.616108871884695,-2272.4742860567685,464.28091148809705,479.2332176802489,484.1795463110886,600.9853225096545,774.8891544794986,576.6115754972892,652.8130348741032,642.8253430518172,822.0264328873767,557.7016562510997,569.3698081259101,554.2054804363444,645.4979452884924,540.7093475639034,553.7137260827974,562.4094105312295,639.049087361331,523.6967141670522,557.9615900648081,560.6914693113818,626.2039021119851
156,6.24,410.94970703125,194.91788864135742,116.84316183828338,121.88432570964639,1437.5195894278154,412.69283294677734,226.0213851928711,128.45562200851072,133.99780206042536,1770.0657319637307,398.2476043701172,254.7000217437744,173.93159541021564,181.43582296684463,1003.8348636287161,379.122314453125,276.1134338378906,290.2745029222068,302.79831102434116,-2022.5077862879757,367.1280288696289,294.96957778930664,447.9329568701271,467.25889262400386,-5321.174542966789,399.96654510498047,238.09237003326416,208.8769237693329,217.88885724580615,2401.8024769327158,368.21285247802734,267.51946449279785,174.81517599576745,182.35752537703078,1826.7119999382576,348.3636474609375,282.25147247314453,119.44818610820963,124.60174298594944,-145.32578120454644,333.7199401855469,291.3636589050293,50.78436429196862,52.97544076123726,-2375.2341979882453,386.32591247558594,218.74853610992432,197.32308511155944,205.836531615404,802.5747816952866,352.076416015625,252.0413589477539,178.20646062850577,185.89512598837752,1294.665385805866,332.81688690185547,271.7497158050537,143.4013375361536,149.5883460912022,870.102054056818,320.34984588623047,283.7300777435303,123.77775009858148,129.11810474200675,722.9816946635879,373.209228515625,202.50925540924072,189.32140066155173,197.4896168419029,322.1859530600426,340.98453521728516,230.26187896728516,166.5804929865956,173.7675593900205,510.73306429010614,334.57725524902344,247.1989345550537,127.36643602238868,132.86162346509926,775.6377179913652,336.43115997314453,256.27758979797363,115.41400521997896,120.39350854914707,1571.5635009843736,362.6351547241211,190.48908233642578,170.78348147320796,178.15188457941562,379.68406210913133,335.56766510009766,211.99745178222656,114.65277836168526,119.59943878181559,355.1658968488457,332.77103424072266,225.12871742248535,96.48825274736431,100.65121004934296,828.955946429473,338.6216735839844,232.16613292694092,130.2946362879429,135.91616007036376,2657.5012799619767,469.1562845164829,484.5931297626659,491.43697922976236,613.0972549506281,793.5795101844587,585.3271297871214,660.1073358891845,647.8094127712552,824.1454505178262,565.9351175157158,576.8056131654453,560.1890142799925,650.6626694781726,548.6089322375796,560.6644284583982,567.7238754698335,643.8648277032968,530.8227895502288,562.7455676160806,564.7175177133555,631.6405485147998
157,6.28,407.0883560180664,187.4595022201538,209.96660397401357,219.0255513826053,2428.530641823973,410.73486328125,217.85648345947266,209.90960186348383,218.96608993277258,2124.2071968086802,399.52171325683594,248.12996864318848,167.3113699060351,174.52996977930732,-172.6463296884326,383.6220169067383,271.43139839172363,162.3437288791469,169.34800134055646,-3336.2577420946172,377.0918273925781,291.45252227783203,264.1578132441843,275.55482444718416,-4792.601704420493,399.03202056884766,228.2451868057251,247.2857072615612,257.9547764115111,1001.6479791426235,366.39644622802734,257.17143058776855,262.6560695147208,273.98828842595185,2290.769076223027,347.16773986816406,271.8042755126953,262.88557313600404,274.2276939135125,3740.6487731890766,332.4651336669922,282.16609954833984,232.06900579196406,242.0815548299709,4727.6528517183415,384.9577331542969,208.4624433517456,259.4171578812053,270.60963490208917,1619.3275821671293,350.6007385253906,241.21190071105957,273.2384372616379,285.02722931861337,2478.302583255896,330.2250289916992,259.84665870666504,304.54935531242353,317.6890477248284,4202.517540840656,316.81787490844727,271.9294738769531,307.9458866868682,321.2321214470101,4802.850417625084,371.77974700927734,192.2850751876831,258.0906800185256,269.22592654194347,1793.4077425010146,338.63948822021484,221.49099826812744,226.9741087345176,236.7668399366304,1574.9820136652475,332.9207229614258,235.4449224472046,296.75421211344803,309.5575853639222,4417.399047470574,335.63350677490234,242.73476600646973,339.1573444512796,353.7901883820317,5834.916995822116,360.6959915161133,180.70559978485107,249.34524858148225,260.1031760362761,2048.7822864215127,334.80281829833984,201.46315097808838,264.0507575048611,275.44314981945695,3896.092775941034,331.31683349609375,213.8893461227417,283.3264096179314,295.55044427685084,4872.480855687697,336.3609313964844,221.48101329803467,273.04159106533103,284.82189025102997,3722.6432545166554,477.9173065717871,493.3517733599768,498.41817802093465,619.8711750042503,804.6017031623461,595.6453208435819,671.0668674262226,658.7785205277956,833.8287127110251,576.7595029117995,588.2067023381898,572.8965761889856,663.511954336053,559.3779692992573,570.1351020558634,580.1061788843904,658.0164352385781,541.2269165916798,573.7632936088589,576.5395354844296,643.033424124841
158,6.32,403.985595703125,177.29188442230225,265.76255056812835,277.2287976912558,1455.0811577162626,408.0190658569336,208.18954467773438,251.02945676229814,261.86004888397883,1072.3489737801565,395.91541290283203,235.97416877746582,316.98666436735914,330.6629608229813,3903.3247760918493,377.04959869384766,256.98031425476074,396.8867233691473,414.01028438370935,6116.557076078822,366.8218994140625,275.96460342407227,464.5878893603888,484.6323972808259,5226.939320841044,394.8486328125,214.49111938476562,359.4049802627412,374.91140248876854,2923.9156519314365,360.65311431884766,242.35530853271484,397.25883735391164,414.3984531169631,3510.254117275281,340.6454086303711,256.55691146850586,414.5953713196845,432.4829667445999,3956.3818207771847,326.06456756591797,267.24111557006836,405.9882950636331,423.5045407135387,4535.5746470891945,380.8809280395508,194.63104248046875,360.49270970920657,376.04606170246257,2635.910670009335,345.1463317871094,225.7589864730835,409.68212625221065,427.35774116294255,3558.2627961082294,323.43223571777344,243.54546546936035,441.49670257987157,460.54494803433784,3571.3975077377354,309.7173309326172,255.60562133789062,445.03222247787437,464.2330068990708,3575.022136301517,367.4628448486328,179.49312686920166,337.5181347417477,352.08025545142914,2071.3582227371417,335.4677200317383,205.3357458114624,411.591647889639,429.34964855011214,4814.570215337044,326.94313049316406,219.78328227996826,419.0902233145996,437.1717478075699,3190.354061091192,327.07252502441406,228.57378959655762,413.6904499549456,431.5390028135817,1943.7203607887498,356.49036407470703,169.82196807861328,291.69841156249663,304.28365378435706,1104.5119437020232,331.1445617675781,187.45436668395996,361.96415416816467,377.58099120007006,2553.446034515328,325.16571044921875,200.73227405548096,363.09852323516276,378.764302287015,2080.3464502541046,326.87145233154297,210.3213357925415,366.2210867005163,382.02158783520093,2429.9924396042743,489.00645847943736,503.82617531533595,511.6446964538539,636.4315863795987,823.9869990535791,610.6417769431325,687.6428055509011,676.0778391975796,850.7688943395667,591.801345379898,605.3010119847075,591.3183741103592,682.0812746120158,573.4611795173145,587.3090879978679,597.5930487966932,675.2779953511214,553.3982627430541,588.8665332568618,591.6901075759101,658.314287638249
159,6.36,398.28216552734375,168.8349723815918,255.01038831085577,266.0127365540007,-280.40152843137776,399.9626922607422,198.10139179229736,322.75763368331155,336.68291691368904,1870.5717007427552,382.6587677001953,221.9679307937622,482.1263737890286,502.92757446468653,4306.615341042631,358.7827682495117,237.12328433990479,674.5270248114612,703.629295019142,7240.475265885816,339.63890075683594,246.50556564331055,1002.1072556640105,1045.342878639329,14017.762033962577,383.75,201.4828634262085,427.48857688688497,445.93244587602817,1775.5260846814906,342.9922103881836,230.5699110031128,530.8031194443092,553.7044640026922,3482.650272143229,320.6670379638672,242.14971542358398,615.7833387061944,642.3511298446216,5246.704077500543,304.89912033081055,249.44063186645508,691.3905267397356,721.2203677810708,7442.895676688302,370.7753372192383,182.50569820404053,394.609727808292,411.6350485187058,889.7246704060806,327.69683837890625,213.66002082824707,530.8423670673435,553.7454049528855,3159.6915947485727,307.24864959716797,228.70599746704102,548.9297941875818,572.6132087994114,2801.7065191268384,294.5585632324219,237.71764755249023,586.178217532676,611.468704420523,3680.8924380363037,358.38878631591797,167.43786334991455,377.21671222802223,393.4916163939174,1035.2840235622068,317.6460838317871,195.4250192642212,509.799726324957,531.7948856611714,2561.1309277764817,312.83103942871094,205.20873069763184,507.1788811883849,529.0609649315816,2297.230428100292,317.2200012207031,208.24318885803223,564.8039215581921,589.172220729213,3940.830447890782,349.07188415527344,157.2457981109619,365.0290188552614,380.778088573172,1912.3608697203736,319.0647506713867,173.85509490966797,454.7403303746023,474.3599682572962,2419.4744264306537,313.4069061279297,183.888258934021,513.560077107792,535.7174756731733,3923.8293346539576,316.41666412353516,188.51016998291016,604.684602938554,630.7735423847695,6218.798863739214,499.6469679415974,517.2934919918835,531.7617994324413,664.5767581803644,865.8007141991523,628.4790747781736,709.7909841110087,701.7718843913644,879.6177090508096,608.2667473206461,627.450828182823,614.2229024623356,706.5400227888368,589.2008441730711,608.5808834243147,618.7554873939564,698.8448841802898,568.629386285981,607.8409319871536,613.118806602837,683.5452293336398
160,6.4,392.6832962036133,159.54119682312012,271.2489652462471,282.9519221179256,423.4796390981231,387.9875183105469,189.50188636779785,368.5751998265016,384.4772684800133,1194.858789158107,366.85768127441406,208.04094314575195,526.5663046941706,549.2848531255743,1158.9319665221935,342.2903060913086,214.92287635803223,691.40229904582,721.2326479998408,440.0838245174697,324.17625427246094,215.85835933685303,858.1756415105696,895.2013773020619,-3753.537533431677,366.1680221557617,193.43160152435303,483.44387156599885,504.3019152959645,1459.2367354984076,327.59002685546875,214.5307159423828,555.9243629822638,579.9095562086803,655.127305149702,307.180118560791,226.22654914855957,521.6825059406028,544.1903443103807,-2454.0196383560215,293.2334518432617,234.8111343383789,467.7806772311789,487.96293704577846,-5831.435768382307,356.19140625,171.9660758972168,449.8435011798574,469.2518668063713,1440.420457191638,314.72084045410156,195.68522930145264,554.227870879984,578.139869453333,609.8616125111874,294.6101951599121,211.51346683502197,533.4519894608051,556.4676187374121,-403.63975154998286,282.31672286987305,222.1541976928711,495.0275415286309,516.3853592941044,-2377.083628160463,347.13451385498047,154.345965385437,431.60777980223787,450.2293705903206,1418.4438549100805,305.36563873291016,171.20511531829834,678.883770876991,708.1740116129998,4409.478148795711,298.7354850769043,186.36374473571777,588.3335301879545,613.7170074067574,2116.4010618793955,302.8847885131836,195.83270072937012,474.0243525927047,494.47599394544346,-2367.405669594238,340.4412841796875,142.32388973236084,430.95142243496315,449.5446948773717,1719.1651576049921,307.57091522216797,154.8338270187378,555.6060235860979,579.5774821528429,2630.4378473886673,300.30622482299805,169.36230182647705,489.0240795091229,510.12287967048763,-639.8649000671426,303.22927474975586,179.01645183563232,406.2310939874768,423.75781512558075,-5175.393181479719,510.9650448263144,532.672582731084,553.7331935574643,693.4260641003581,901.6087692912348,648.6511513900123,732.987366359356,723.5394981637796,899.1362265326408,627.036821992901,650.5764229609563,636.481607211832,727.195437160601,607.210018996684,636.9078438888348,643.3041676902268,718.6239239381076,586.6111740810759,631.0240312732673,633.5237217896565,700.4955419386629
161,6.44,384.7982406616211,155.58703422546387,220.52423725778613,230.03869065098067,-1322.8307866736238,377.71312713623047,186.12072944641113,270.4109559193102,282.0777571249116,-2559.987783877543,355.0716781616211,203.17368507385254,318.78683170854504,332.5407958549419,-5418.601431765809,330.40042877197266,208.04596424102783,343.3848996878913,358.20014024663345,-9075.812693830183,312.56954193115234,207.64655113220215,355.44827802707164,370.78398949821707,-13110.43469509612,352.1058654785156,188.44359397888184,373.0151385073856,389.10876701016014,-2879.8287071451086,313.85305404663086,211.23586177825928,353.1646976921619,368.4018847610181,-5287.691786191555,293.36835861206055,222.91670322418213,355.07023330292793,370.3896341455768,-4345.017754120098,281.1469268798828,230.27901649475098,322.70746993108185,336.63058886111503,-3783.3087046165856,343.55037689208984,166.6977882385254,342.3726753136363,357.14424374929547,-2802.690576426896,301.49486541748047,190.51241397857666,355.0391123118557,370.3571704484928,-5194.567475121004,282.66807556152344,206.95574283599854,319.55737801830384,333.34458715873245,-5578.0757894669905,276.0322570800781,216.9561767578125,203.89018475703122,212.68696684467497,-7592.459811235736,336.43978118896484,148.58177661895752,303.73012170876103,316.8344685281503,-3334.8725515542583,295.48776626586914,164.86454486846924,293.44420051388494,306.10476428687684,-10051.731183153075,285.94133377075195,179.9160861968994,358.1747201767569,373.62806319301046,-6002.223605343673,289.38344955444336,188.7028455734253,381.7075027291429,398.17616073113714,-2407.4958303576577,332.2998809814453,136.13831520080566,255.61662984068073,266.64513419642475,-4572.489017023673,297.7933883666992,146.02578163146973,328.9962907784703,343.1907390353597,-5909.66857793708,290.0266647338867,159.9420690536499,348.57759279669096,363.6168705732155,-3662.6502274318027,294.4810104370117,169.4006109237671,324.99665856737465,339.0185438682117,-2118.481781434227,520.1665924523536,543.9556930160804,567.034825391662,707.7540697102235,916.4401288711634,664.2155020704186,747.7234417497966,738.3550835296027,912.6014500870853,641.3225917428728,665.3907097788959,649.8153906981813,735.702915834388,619.88339773781,649.1520344603098,658.2492902179471,734.5509703673531,597.2769794489328,644.7516608346817,648.0683966125852,714.0562836933915
162,6.48,381.4287567138672,153.69515419006348,96.60691015177768,100.7749868925903,-3231.592593959759,371.69620513916016,184.7154664993286,154.47110221104393,161.13571250902368,-3023.5511153971984,347.94471740722656,201.3001012802124,184.22792579178727,192.17638549611385,-3509.110258970701,323.4624481201172,206.0087013244629,180.77267443658957,188.57205833687027,-4240.702047744079,305.2273178100586,207.12156772613525,184.0242216071985,191.96389255436,-4470.5024235964265,341.8640899658203,191.1037015914917,264.53985777561746,275.95335217762363,-2828.885370813413,305.339298248291,211.95163249969482,213.59477626956038,222.81026010533907,-3639.7906163919756,285.41236877441406,221.57827377319336,201.69464496487043,210.3967011335623,-3999.8233253003627,273.5086441040039,226.69684410095215,210.913671355105,220.01347970746264,-2915.42772884131,334.7081756591797,169.40168380737305,231.15954161913783,241.13285209274588,-2900.2847914137396,294.5985794067383,192.31534481048584,178.2016419793304,185.89009943999991,-4611.676775212322,276.93078994750977,205.8131217956543,146.24899371150727,152.5588635551705,-4519.643090089049,271.0215377807617,212.15340614318848,173.51857514621798,181.00498306496445,-792.049594492763,329.53014373779297,150.73838710784912,180.95935059329318,188.76678858148125,-3201.6919986667262,289.74096298217773,167.14762687683105,154.59263290651936,161.26248661063133,-3621.056941906138,279.2131042480469,179.97869968414307,168.21302149169557,175.47052285758983,-4953.938508385516,281.2689781188965,186.4154863357544,210.76743545977484,219.8609345074146,-4457.880655593063,327.12562561035156,136.8069076538086,130.43181770925614,136.05926014377496,-3264.6468513162445,292.3381805419922,145.37527084350586,137.34640670582309,143.27217705004932,-4997.964049632759,283.75219345092773,156.70648097991943,176.49012023259226,184.10473459060205,-4487.803399565337,287.014102935791,163.94469738006592,231.1948585989315,241.16969281325126,-2446.2212763740104,524.1975919280572,550.4011215164414,574.7218808115066,715.2969520436983,924.1186845733378,675.2536361575236,756.6358521540102,746.7709515749452,921.4019892753838,650.9679058265825,672.8263137564959,655.9177452403882,742.9431151569866,627.4340692810692,655.602533924735,665.2681111322507,743.3454077476497,602.7193498546839,650.4825479166836,655.4325859962092,723.7030714059215
163,6.52,376.19873046875,154.7116184234619,133.19716133985565,138.94391371244154,954.2231704962809,364.0583038330078,186.2363862991333,194.69645188080858,203.09657306601355,1049.0215139247468,340.2799606323242,201.39222621917725,191.63275982786493,199.90069892002063,193.10783559766946,316.67171478271484,207.30185508728027,172.81909962804374,180.27532888117003,-207.41823639250612,298.00987243652344,209.61496353149414,190.90007262005122,199.13640013799983,179.3126895909957,331.74983978271484,194.92692947387695,270.3182478661691,281.9810492100693,150.6924258111411,294.3104362487793,212.13196277618408,275.7584042383073,287.6559195297447,1621.1414856101414,274.36975479125977,220.0638771057129,278.6493325483559,290.6715760919394,2006.871873959428,265.89595794677734,224.039626121521,201.577835337,210.27485178863367,-243.4656979707242,325.20458221435547,173.2904577255249,256.71098894355396,267.7867091011036,666.3464252089433,283.7019157409668,192.78137683868408,272.6656204220783,284.429698464891,2463.4899756222767,266.0890769958496,204.82666969299316,272.1624371090729,283.9048054557572,3283.6485475146674,262.95787811279297,210.30807495117188,206.80282645713422,215.72527361475537,868.0072637447729,321.1463928222656,153.94270420074463,224.3809921838132,234.06184413459468,1132.3763888278356,280.7968330383301,168.47625732421875,226.05685031391704,235.8100066711019,1863.688001511764,269.0266799926758,180.3413200378418,254.82191407840244,265.81613065619035,2258.640194965013,272.11509704589844,186.55347347259521,228.87302586331222,238.74768528675847,472.1687694835964,320.73184967041016,138.06355476379395,162.90244920121702,169.93082748668596,846.7891835727748,286.67566299438477,145.0424337387085,141.80727571975075,147.92550894630654,116.33329740643035,277.11477279663086,155.15456199645996,170.41091050991395,177.76323915142783,-158.5373859793556,281.13800048828125,162.0855188369751,154.0801837289589,160.7279279639399,-2011.0441212327842,529.7553484765549,558.524984439082,582.7179087683074,722.507965198945,932.0841405788577,686.5328781259263,768.1420889352,758.3978146186228,929.8129833469291,661.6793741906267,684.2035016950915,667.2739374586184,751.5721261015768,636.796543046453,665.034934191579,675.9007563584984,752.8953151591201,609.5165829541512,656.399568274536,662.5431155622663,730.1321885244791
164,6.56,375.3367233276367,154.6794891357422,21.565142627334822,22.495564366898627,-2911.2087336385725,361.7104721069336,187.4291467666626,65.83592933792569,68.67640115668141,-3360.5042977333037,339.1040802001953,202.91057109832764,48.010844886246,50.08225867603319,-3745.4610060996856,315.87289810180664,211.25505924224854,100.82761024564255,105.17778785132647,-1877.4385257460888,295.91053009033203,215.99538803100586,167.92307591662657,175.16806766591424,-599.2083118021399,329.76566314697266,198.05375576019287,92.58104404595123,96.57542597703484,-4635.1405808258605,291.7922782897949,216.25446796417236,120.76880943404491,125.97934421697951,-4041.9143828191304,272.47486114501953,223.6966323852539,102.43147969372848,106.85085577529124,-4595.518007916205,267.84576416015625,225.6706953048706,63.551804412835864,66.29372833311912,-3599.5280863878634,322.61680603027344,176.01350784301758,93.91348252939721,97.96535212717764,-4245.5339243481485,280.52507400512695,195.63547611236572,106.7655318870631,111.37189937650885,-4326.444977209553,263.3937072753906,207.18332290649414,89.50849226006304,93.37030984752379,-4763.362390205834,263.9276885986328,210.92717170715332,28.764270064088006,30.00529604072071,-4642.999439350867,318.2350540161133,156.86340808868408,103.09705635114295,107.54514854194302,-3162.9173898162912,277.1226501464844,172.16347217559814,130.13256049833478,135.74709156845535,-2501.5728775661637,265.16178131103516,184.3853759765625,139.84775260718715,145.8814427850549,-2998.367196778386,268.9350128173828,190.30139923095703,122.88176021751005,128.1834576408935,-2764.1056911466244,317.48945236206055,140.80305576324463,106.11905469561087,110.69753011666396,-1480.83243425055,282.9348373413086,150.34722805023193,162.27796225590097,169.27939723568275,533.8472072344053,274.1217041015625,160.82147598266602,160.21933080245032,167.13194673330943,-265.7823104529598,279.68109130859375,166.8122434616089,123.65402853065773,128.98904524340298,-793.4720680134227,530.6551710512308,561.2720404853492,584.7211991153487,726.7150767129981,939.0908632854943,690.3958951650078,773.1812627038792,762.6718488496344,932.4647324802539,665.5979882757139,688.6583776701519,671.0087498525194,752.7723379432057,641.0983489881307,670.4648178543174,681.7360140699005,758.0226534647559,613.9444841588178,663.1707441639633,669.2283934315986,735.2917503342153
165,6.6,375.8772277832031,155.3955888748169,22.429666498718845,23.397387866585962,22.545587492183383,364.90867614746094,186.89585208892822,81.05905369754062,84.55632274194119,396.9980396314945,341.57073974609375,205.40502548217773,87.70230893654131,91.48619927543788,1035.0985149851174,317.9155921936035,214.24306869506836,90.48756697332266,94.39162645148711,-269.6540349959839,298.5698699951172,218.14754962921143,85.52736504320364,89.21741806714881,-2148.7662399691358,333.02642822265625,203.03495407104492,148.83910249585196,155.26072182165098,1467.1323961154035,292.5619888305664,222.83944129943848,165.7451510277534,172.89617684791355,1172.920815773351,273.96936416625977,228.40697765350342,123.54374687387246,128.87400551695313,550.5787435415474,270.0384712219238,227.46185302734375,70.78228170550783,73.83616244317828,188.56085275147905,325.12928009033203,181.99449062347412,162.18176709055683,169.17905175820644,1780.34249077572,281.5753173828125,205.75733184814453,254.40491186331622,265.3811370031124,3850.2309406650893,265.544490814209,215.14373302459717,206.14618459852872,215.04030113618077,3041.7497822164246,264.6876525878906,216.76218509674072,147.1073726093311,153.4542769582197,3086.224522937475,318.8740539550781,161.71218395233154,122.26750462072715,127.54270016694838,499.93879062513395,277.13815689086914,182.7773952484131,265.34836000853994,276.7967370017256,3526.2411358317563,267.4740409851074,193.5212230682373,235.59797176918215,245.76277700693342,2497.033355546963,271.3396453857422,197.14924335479736,181.44425268734258,189.27261163384102,1527.2288498236883,316.29737854003906,143.22223663330078,67.42345696785796,70.33242219955197,-1009.1276979277997,281.31237030029297,157.77663230895996,190.11254387005238,198.31489369157705,725.8874113973576,275.5937957763672,168.42564582824707,193.6337601947835,201.98803185957405,871.4021281566154,281.74230575561523,173.96239757537842,186.03311003566245,194.05945388355553,1626.7602160038136,531.5910665658943,564.6542933950268,588.3806470863663,730.4907417710576,942.6595600081803,696.6063240378738,780.0971097777957,767.8268090703126,935.418178977981,672.365150346042,699.2736231502764,679.6103618979666,758.9105090215344,646.2000569948087,681.5366873343863,691.5665251501779,765.5935579301096,616.7577810467999,671.1033399116263,677.3079147059817,743.0541284895575
166,6.64,375.84766387939453,155.25853157043457,3.505239746878312,3.656472285389084,-493.522889529922,365.38570404052734,187.08004474639893,12.783841016824093,13.335396079673709,-1780.5231665566869,343.34339141845703,206.5693473815918,53.02086521471705,55.30843485887626,-904.4441104140406,320.5330276489258,217.01189517974854,95.25416153981297,99.363874339404,124.30619719792233,301.3924980163574,221.7452573776245,114.3206291239745,119.25295906287936,750.8885248932636,334.8935317993164,206.82084560394287,105.53154287002752,110.08467026606543,-1129.4012888896386,296.6006088256836,228.51669788360596,174.17967337535643,181.69460418286866,219.96068337387769,278.5882377624512,234.14352893829346,184.12294455848718,192.06687487836234,1579.8217340352303,273.77466201782227,233.21694374084473,171.53751554685746,178.93845123152374,2627.5572197086367,325.7808303833008,186.52287483215332,114.3754271185544,119.31012130082748,-1246.7232614344741,284.2838478088379,212.79705047607422,188.56990651533837,196.70569970165351,-1716.8859325364729,269.27146911621094,221.37405395507812,181.49942520635992,189.33016455497335,-642.7534145301855,268.4855651855469,221.58140659332275,153.39702558343984,160.0152951610474,164.02545507069206,318.01280975341797,166.6270637512207,124.74420079812828,130.12625267289647,64.58881264870229,278.56029510498047,190.02591133117676,184.66771256455363,192.63514673991548,-2104.039756545253,268.5326957702637,200.00497341156006,164.240236522358,171.3263332485538,-1860.9110939594907,271.8037414550781,202.9031467437744,144.31473714431996,150.54115405696828,-968.2864394218186,314.2268180847168,147.74734497070312,124.40816408191564,129.77571775134112,1486.0823887947288,280.76459884643555,164.1156005859375,159.064791009412,165.9275946602785,-809.6824757824642,274.7620391845703,174.65981483459473,157.23525810808005,164.01912709971137,-949.222618996567,280.31116485595703,180.29693126678467,162.35470689634198,169.35945300107642,-617.5000220619779,531.7373254573099,565.1877092382138,590.5929844807213,734.4652967446339,947.4296783706955,701.0097108485164,787.3648939451103,775.509484065447,942.5757170272419,677.1375551980751,707.1418511383426,687.1835684801656,765.3111208279763,651.4051071017245,689.2420932039829,698.4195784801201,771.6152040923884,621.9488097568535,677.7404436980376,683.8686797899702,749.8285066096006
167,6.68,375.7611846923828,155.2985429763794,2.3821684438617763,2.4849464011316926,-29.28814710643478,366.3208770751953,187.20218181610107,23.57787719141512,24.59513777210108,281.4935423106843,344.7327423095703,206.9677448272705,36.133575308850475,37.692547794054725,-440.3971766205384,321.93553924560547,217.31317520141602,35.86265841963061,37.40994227528573,-1548.848301602957,303.02377700805664,221.3760280609131,41.813585091139984,43.617619928757264,-1890.8834783530524,335.84476470947266,209.26082611083984,65.47112399467386,68.29585639412984,-1044.7203467983898,296.4777374267578,231.1662197113037,66.3092343499419,69.17012677431265,-2813.1119352139003,278.84403228759766,236.91368579864502,69.54854361365045,72.54919508400612,-2987.9419948589057,275.25537490844727,235.39476871490479,65.8380222691585,68.67858438681705,-2756.496671117667,325.7194137573242,189.78970527648926,81.68519279062487,85.20947642214244,-852.5161219671257,283.65196228027344,216.93285942077637,104.59503737118541,109.1077595127624,-2189.948504722278,270.25243759155273,225.27122497558594,100.468406454157,104.80308631784557,-2113.1769559281947,270.8942985534668,224.38156127929688,92.34061505884638,96.32462375195566,-1592.2667852272934,316.98694229125977,169.93569374084473,86.60050684809232,90.33686025975845,-994.7348103284504,277.00647354125977,195.21868228912354,135.50653045512914,141.3529198793524,-1282.0556715140767,269.499454498291,204.12423133850098,105.77957124039428,110.3433997475635,-1524.5733375247576,274.22176361083984,204.915132522583,78.6404711324049,82.03339114297717,-1712.694072849778,312.25467681884766,150.53521156311035,85.37249743625071,89.05586874281737,-1017.9962252130938,278.9365577697754,168.85469913482666,126.98619323089855,132.464975210143,-836.5654862533872,276.0252380371094,178.48036766052246,100.59912784400893,104.93944764363698,-1476.9919864018598,283.9497375488281,181.56246185302734,96.30932881224089,100.46456649363348,-1722.3721626860734,531.8367233133552,566.1715147490978,592.1006863924835,735.9616944356452,949.1743831678458,703.7415451042815,790.1316990160828,778.4114518688074,945.3228604027146,680.5459342549609,711.506161518853,691.3756919328794,769.1641057780545,655.0185815121149,694.896209999157,702.8333144700226,774.8965397381074,625.5110445065661,683.0390427064433,688.0662576957156,753.8470892693459
168,6.72,377.0931625366211,156.13343238830566,39.300169430998096,40.99576368877929,962.7704321911899,365.8772659301758,188.75189781188965,40.29896490287089,42.037651897689244,436.06285313970415,343.45516204833984,209.5481014251709,71.98286035671005,75.08853970737547,934.8997978330187,320.2811050415039,220.9390640258789,99.63753780285963,103.93637008282253,1663.16069518842,300.8591651916504,226.40597820281982,136.89855447053026,142.8050023617113,2479.684560823851,336.0041809082031,213.24914932250977,99.78769828103422,104.09300919068816,894.928819913958,295.78163146972656,232.85090446472168,45.57086666537457,47.537008312055995,-540.8279615564163,278.30591201782227,237.0399284362793,13.818253966673907,14.4144384721782,-1453.368915295698,274.11596298217773,234.97422695159912,30.36357719795093,31.67360481075642,-925.1244894015158,327.44396209716797,194.1297197341919,116.75238881262169,121.78963630847534,914.5039971583224,284.48184967041016,218.18289756774902,37.510902158528914,39.12929900579611,-1749.4615126741571,270.860538482666,224.41256046295166,26.304603197803466,27.439507570511555,-1934.0894686833503,270.27843475341797,222.791748046875,42.62330886817002,44.46227900012825,-1296.558618795685,319.60039138793945,173.9878749847412,120.54638374481192,125.74732203676677,885.2615444252081,278.99105072021484,196.9449234008789,65.75739005590795,68.59447332042771,-1818.9611639731177,270.77091217041016,204.2570400238037,31.959376156326023,33.338254046104105,-1925.1286425364847,273.94914627075195,204.70985412597656,8.531538336882367,8.89962905057399,-1828.3440523100794,315.0380325317383,153.6609649658203,104.63449287589685,109.14891731362663,502.3262142702315,280.53592681884766,170.20849227905273,52.385215188089106,54.64535989869933,-1945.4903827860917,276.85935974121094,178.84374618530273,22.745919545118173,23.72728555770933,-2030.3040521481912,283.49220275878906,181.36545181274414,12.45369021787514,12.99100102155222,-2186.8391368020316,533.4765538609063,567.8530208250054,595.1042279807785,740.119149238958,954.8865832623143,707.905265471909,792.033179348565,778.9880294076944,946.5898045951449,685.4175197072999,713.0713334790848,692.4732722356998,770.9425969380595,660.0484743935856,697.6399889319741,704.1668446318668,775.2525249001304,629.8770011991113,685.2248571023913,689.015349118024,754.366729310208
169,6.76,378.1761932373047,157.25043296813965,38.89606177022178,40.57422092176658,-10.538569175317747,367.22766876220703,189.8523759841919,43.55054546495165,45.429520947316014,84.79672624066924,345.0709915161133,210.65059661865234,48.902968471854294,51.012872671502045,-601.8916758968357,321.48231506347656,219.91799354553223,39.41359570886476,41.114083710062765,-1570.5571593189943,301.2147331237793,222.2303009033203,104.7697161156134,109.28997472027176,-837.8756910359887,338.86505126953125,216.26408100128174,103.90618440445598,108.38918618727234,107.40442491460449,298.99438858032227,235.38634300231934,102.3176940636937,106.73216089769599,1479.878814641,280.2470016479492,238.7340259552002,64.40979814729441,67.18873995504286,1319.3575370716167,273.34680557250977,235.87420463562012,29.596906009992573,30.873855819757267,-19.993724774978805,330.53245544433594,197.11039066314697,107.3056101230812,111.93527912926348,-246.3589294802965,286.14030838012695,219.67523574829102,55.77610676254488,58.18255049337946,476.33128718958363,269.46632385253906,225.30315399169922,41.35963663636222,43.14408600133666,392.6144607706276,266.29581451416016,223.31820487976074,100.43163336020567,104.76472665956518,1507.5611914859235,322.8035354614258,176.6832733154297,104.65808651445911,109.17352889278928,-414.3448285994374,280.23550033569336,198.4704065322876,49.21733453315186,51.34080196410612,-431.34178390803976,270.2647590637207,204.34925079345703,12.862100174821824,13.417031706038903,-498.03055850162997,272.2114372253418,203.97053718566895,47.21111008495573,49.248019551823994,1008.70976253125,318.1195640563965,156.09755516052246,98.21153290977645,102.44884062780265,-167.50191714559932,282.60154724121094,172.7704381942749,82.2737602527676,85.8234374544294,779.4519388932516,278.5324478149414,179.47850704193115,44.73634601450183,46.66648251300943,573.4799238825025,284.6741485595703,179.9913454055786,45.31255547719214,47.267552363590234,856.9137835509503,535.0995226977769,569.6702016628981,597.1447428876386,741.7637125873605,959.2581822511252,712.2408329194,796.3024657844729,781.6755790058961,947.8247588279352,689.8949308724705,715.3986354988201,694.1990356757533,775.1331860044422,664.4154155492972,699.6936210105383,704.7035259001082,777.2224456822034,633.9749548242233,688.6577946005684,690.8820084185444,756.2574314047517
170,6.8,378.8813018798828,158.87752532958984,44.33260475180724,46.245321952215974,141.7775257612348,370.45806884765625,191.6962766647339,92.99010173055228,97.00213233519514,1289.315284696978,347.98343658447266,216.11732482910156,154.8536680287477,161.5347840164767,2763.0477836243663,323.36299896240234,229.59071159362793,246.34635978337877,256.9749010625045,5396.520433811043,303.2491874694824,236.3915777206421,357.6667142585097,373.09813950874934,6595.20411971194,343.6702346801758,216.89462184906006,121.15942330935927,126.386811013123,449.94062064626627,304.35157775878906,239.3510627746582,166.61797390861025,173.80665741539792,1676.8624129425482,288.9763641357422,245.06572723388672,269.59716537573195,281.2288558275451,5351.002896812555,288.4092712402344,241.8408966064453,405.03031141669845,422.50522514375723,9790.7842331,334.2203903198242,197.90289402008057,94.3031190384025,98.37179938882996,-339.08699351083806,289.6331787109375,223.09298515319824,122.17086943754299,127.44189568719175,1731.4836298453074,276.6174507141113,230.5349636077881,221.51530315265515,231.07251579255916,4698.210744780563,277.9595184326172,228.59108448028564,320.005125329132,333.81165239567065,5726.173143402637,325.1348876953125,178.04563522338867,67.50570904887526,70.4182230224267,-968.8826467590644,283.1535339355469,202.73205757141113,129.12346240405142,134.6944562335194,2083.841356735332,277.8552436828613,209.43903923034668,228.4751122738891,238.33260383248674,5622.889303161196,284.1686248779297,207.37857341766357,310.8346098789802,324.24547775210306,6874.936455006977,318.81582260131836,159.2188310623169,79.94974678078796,83.39915510434699,-476.2421380863916,285.1320457458496,178.84421825408936,164.49587171297458,171.59299774432532,2144.239007247398,283.20077896118164,186.9783353805542,220.8516764705585,230.38025713233705,4592.844365483191,290.2249526977539,186.713604927063,217.94523345135275,227.34841648341916,4502.021602995724,536.9493355758656,573.550286956306,603.6061342482976,752.0427086298607,974.1821078314752,717.2963053599249,803.2547320810887,792.924733238998,964.7249678336854,693.8298028480236,720.4963113263078,703.4419363074556,788.485652100269,667.2321444701942,705.0813992598792,714.2368300534077,790.1922647922875,637.3109210283973,695.5215145103415,700.0972187038378,765.3513680640884
171,6.84,381.79500579833984,159.1424560546875,73.14309098238803,76.29882814234753,751.3376547532889,379.1514587402344,193.09500217437744,220.12987767978464,229.62731654490867,3315.629605242838,360.63411712646484,219.06957149505615,324.76479811567066,338.77667986547453,4431.047396224946,338.83800506591797,235.79944610595703,416.85144097480367,434.83637386181545,4446.5368199827735,319.93152618408203,245.25890350341797,472.314706741246,492.6925859262755,2989.8611604381545,355.1131057739258,213.05365562438965,301.7576846652358,314.7769312681818,4709.75300637647,321.8578338623047,246.39178276062012,471.7260464789135,492.07852808996176,7956.796766864096,309.31148529052734,256.0924243927002,578.3085263356273,603.2594777100802,8050.765547063378,308.43074798583984,254.67764854431152,594.5805934591272,620.2335983864351,4943.209331066947,340.4785919189453,195.42187213897705,168.30136071522907,175.5626734509553,1929.7718515531333,300.7871627807617,229.6473741531372,323.43022411373113,337.3845260605205,5248.565759333219,292.1251678466797,242.21125602722168,485.2995822993493,506.23769012341756,6879.12935827146,294.9106979370117,244.45466995239258,580.4070934595429,605.4485868956816,6790.923362500274,328.10047149658203,179.219970703125,79.7407953203683,83.181188494589,319.07413680405733,291.4635467529297,210.8979606628418,291.26693762305854,303.8335640286341,4228.477694877868,292.6277160644531,221.91071033477783,483.3273479239997,504.18036427568353,6646.194011079919,301.1965560913086,223.3745813369751,584.0712235904114,609.2708048439721,7125.633177296726,320.46504974365234,165.01692295074463,150.70214769882722,157.20414756226484,1845.1248114479463,291.45437240600586,188.23781490325928,283.076262256546,295.2895043810895,3092.4126659191047,293.13385009765625,198.4255886077881,378.90096714930144,395.24853799868697,4121.707021658748,301.01478576660156,200.62517166137695,440.13647503989415,459.1260338769882,5794.440434839225,540.0012887015595,582.7353796181023,617.1572014429166,769.4361635843333,993.889811268526,729.8873826106521,822.9378732046872,817.0551123474012,989.5343117691428,700.8523097860619,733.9916923687285,723.6914439123923,812.7035955760963,670.5593920099777,717.2347418210245,734.4040446244351,814.5630969860463,643.5990869308879,707.3330946855851,715.9071602237854,783.716409419168
172,6.88,384.25472259521484,163.66302967071533,128.66087337152067,134.21190893315853,1447.8270197702748,385.6767272949219,195.89917659759521,177.55725116603628,185.21790657448548,-1110.2352492605796,370.48404693603516,222.61586666107178,261.72185457318955,273.0137670553815,-1644.072820252326,350.7452392578125,240.72154998779297,322.111522539367,336.00892949436394,-2470.6861091862875,334.48177337646484,253.7344264984131,420.96925615041573,439.131850962744,-1339.0183740882876,364.7452163696289,215.09270668029785,246.13929457785787,256.7589020895584,-1450.4507294655853,340.1603317260742,252.2929286956787,480.7578336596209,501.49998907367916,235.53652459293488,326.94263458251953,270.9902000427246,577.0621417333324,601.9593182104952,-32.50398748962482,318.5483932495117,282.1445560455322,731.7776956503407,763.3500292224802,3577.910770901127,346.1397171020508,198.94206047058105,166.65845355987778,173.84888354932036,-42.84474754087313,310.9086227416992,236.9957685470581,312.69279243918965,326.1838310526583,-280.0173751965545,302.58066177368164,253.18488121032715,378.92760103090706,395.27632099128544,-2774.034228303303,303.1612968444824,258.69744300842285,411.4980001907199,429.25196044875105,-4404.915661173264,331.90433502197266,184.8273468017578,169.39606775120944,176.70461130021295,2338.085570140599,296.7164611816406,219.80777263641357,258.57525427784384,269.731407615239,-852.5539103348776,298.45123291015625,234.2164134979248,340.35246325654225,355.03687023684114,-3728.58735097106,306.57583236694336,237.5719928741455,379.5582198469249,395.9341476707494,-5333.416429330568,323.92589569091797,174.20215129852295,245.38983586267298,255.9771081984109,2469.3240159036513,295.8732223510742,203.0729627609253,386.981788004813,403.67800349464517,2709.7124778388916,296.1750602722168,217.2065019607544,475.63882417326306,496.16012142776964,2522.789585727067,302.27367401123047,221.62264823913574,525.8795146264457,548.5684317022599,2236.0599456317927,545.3697650588858,590.1440958810817,628.0777521251318,782.8765207641078,1011.4550853070359,740.1577386942345,842.9978727676344,841.1334850758209,1020.068312938042,707.8062651280347,747.0390456108348,739.5024967520436,829.8736739940463,677.6275764619863,728.0239981256341,748.6055194339086,830.4004628928762,653.8381712588243,723.4802148253709,735.7535650808961,805.6591466872585
173,6.92,385.81653594970703,171.38939380645752,197.0659212553525,205.5682725002146,1783.9090891764017,388.1281280517578,206.040301322937,260.83013673360597,272.0835763117303,2171.641743431121,370.2714538574219,236.11218452453613,337.44980338631603,352.00897595975346,1974.8802226092992,347.25955963134766,257.015962600708,416.57670726580835,434.5497868477038,2463.5214338334963,329.2301559448242,272.6784896850586,491.4627501575839,512.6667660472272,1838.3728771120786,367.2979736328125,221.79578304290771,179.31780859641992,187.05442273768563,-1742.6119837968188,347.67932891845703,264.8558807373047,366.02858732213025,381.82078312771984,-2991.9801486489832,333.8572692871094,288.72825622558594,475.9535233640618,496.4883982226493,-2636.772999696147,323.2150650024414,305.5584526062012,596.8607340720786,622.6121149958831,-3518.4478556649283,347.8339385986328,204.574613571167,147.04599814003973,153.39025450549184,-511.4657260957131,313.3763313293457,247.1495532989502,261.23376799011425,272.5046221201529,-1341.980223312636,309.2714500427246,263.80940437316895,313.8940307840021,327.43689647275266,-1695.9856129633195,312.13598251342773,270.3068161010742,366.84680595306907,382.6743035609744,-1164.441422194416,333.3476257324219,191.5794324874878,172.61544901584836,180.06289182317477,83.9570130740455,298.6875915527344,232.2832202911377,315.7551950538678,329.3783601279509,1491.1738128177972,302.4645805358887,247.74124145507812,352.69314782432343,367.90999001274423,321.8279943975773,311.86315536499023,250.6860065460205,353.4942883836666,368.7456955460243,-679.7113031181268,325.47000885009766,183.2629680633545,229.78615859941965,239.70021486634909,-406.9223333015451,298.4480667114258,215.25110721588135,311.18425595397974,324.6102092042297,-1976.6948572603865,300.9961128234863,230.1201581954956,344.60581198955873,359.4737284506681,-3417.1598244275388,307.656192779541,234.06965732574463,339.02391461862567,353.6510017584697,-4872.935748594755,553.5924959588945,601.0274389335509,642.158111163522,800.258512238016,1031.961755948925,747.6399156037419,858.2707040927432,860.9930210047269,1044.9727975378773,713.9418753082543,757.9392304956409,752.5999726109537,845.1806461364853,684.8300921349132,741.1991325307521,763.3219190344184,845.1502907147172,663.4261798534783,736.4646231935402,750.1325142189228,819.8051867575973
174,6.96,386.1096954345703,177.7741813659668,159.7878567500315,166.6818568597312,-972.1603910120848,389.82311248779297,212.92850017547607,177.34192903562365,184.9932944340503,-2177.257046942,373.3231735229492,244.0857982635498,213.44131069212256,222.65017330067403,-3233.9700664769857,350.0001907348633,265.4509735107422,221.726841938951,231.2931813576077,-5081.415137252402,332.1724319458008,281.14940643310547,224.18382331563268,233.85616847355448,-6970.264939341817,366.74251556396484,229.73896980285645,199.0646088109222,207.6531928428534,514.9692526291943,347.5398254394531,275.8523368835449,274.9335249165228,286.7954510320958,-2375.633302390601,334.7108459472656,299.1595458984375,261.6538712613755,272.942850623563,-5588.638689977158,323.8381576538086,315.8094120025635,256.7469729593424,267.8242456366757,-8869.696733980185,345.9442138671875,213.77198696136475,234.73753539772056,244.86521736115114,2286.8740713914826,315.0288963317871,257.5565242767334,263.43407147201464,274.7998570489988,57.38087322114751,310.8753204345703,274.60275650024414,272.7966852493789,284.56641804563884,-1071.7619606778455,312.34642028808594,281.31136894226074,275.1641184042142,287.0359934080305,-2390.957753823598,331.0906982421875,201.352858543396,250.76580030787818,261.585017049335,2038.0531306540065,299.1683578491211,241.87811851501465,240.17338549251573,250.53559561041334,-1971.0691129384386,302.7956962585449,258.10712814331055,259.2793431502309,270.46587419505767,-2436.102895442164,311.18213653564453,262.17827796936035,287.8107984354012,300.2283107316604,-1712.9346203590985,322.78785705566406,193.6580514907837,268.38835867031906,279.967895512157,1006.6920161451975,296.99779510498047,224.88268375396729,243.50379147647394,254.0096909815737,-1765.0129555664003,299.71866607666016,239.48018074035645,236.1698173868752,246.3592947357073,-2827.86084287402,306.73627853393555,243.3702278137207,233.64884659072175,243.7295573955954,-2748.0361090718575,560.2597702332837,608.427170710913,651.064118095549,809.5102394923202,1041.3160026878672,755.9460433174559,869.7425221340271,871.9107350296695,1055.6857673633444,723.7364840027004,768.9312247776008,763.9826293327793,856.6620858728065,695.2934928168867,751.2205563551687,774.1405540022207,857.1594231439838,674.6248956739645,746.6250108328031,759.986886008351,829.554369053421
175,7.0,385.372314453125,184.41863536834717,167.13112311435628,174.3419462927852,191.50223582634993,390.54561614990234,219.94820594787598,176.4197421506908,184.0313200670447,-24.04935917514024,375.07190704345703,247.3802661895752,93.24560258182986,97.26865669559638,-3134.5379151269412,353.03539276123047,263.33178520202637,92.5452944125919,96.53813393625285,-3368.876185533871,336.1977005004883,273.3438777923584,219.5578857313015,229.03064617194576,-120.63805754021786,365.5458068847656,235.8097743988037,154.69078048045796,161.36486873279696,-1157.208102751411,340.70045471191406,281.27108573913574,218.1453516418082,227.5571687143769,-1480.9570579429724,325.63968658447266,302.05538749694824,238.0543934020802,248.32518022911557,-615.4417598611858,313.7587356567383,315.5774688720703,252.0522582357772,262.9269788263778,-122.43167025744697,345.5174255371094,219.392352104187,140.9136540078321,146.99333218830802,-2446.797129321078,313.8995361328125,264.9356460571289,186.62611806251715,194.67804706741362,-2003.045249539629,307.75936126708984,282.3270606994629,208.22775525772553,217.21168054958912,-1683.868437401243,308.8650703430176,287.81670570373535,184.45731860687386,192.41567539677712,-2365.507950281334,331.0621643066406,205.78223705291748,110.7367603996313,115.51446537590571,-3651.7637918357323,298.81608963012695,246.12791061401367,106.60917462520472,111.20879612654895,-3483.16998709661,297.42870330810547,263.1961727142334,184.90367082434122,192.88128534946148,-1939.6147211399048,302.6200866699219,268.18556785583496,261.4816313855305,272.7631795089047,-686.6282805688911,322.92407989501953,195.9135389328003,56.489934186635516,58.92717579185229,-5526.017993007617,296.3805389404297,224.32133674621582,20.858386140043653,21.758315078714965,-5806.284397571469,295.52906036376953,238.7285327911377,106.41243662352898,111.00356992162222,-3383.893120352127,300.5224418640137,243.54961395263672,155.41063659564333,162.11578282846966,-2040.3443641781437,567.2334480849951,615.7884235135948,654.9548643633728,813.3717648497704,1050.4772285347449,762.4006380667679,878.8448088826023,881.8437422388341,1066.2028465163994,729.6162172902327,776.7183466602974,772.6710965547629,864.3587128886776,699.9140714319229,755.6689082002307,781.8558054161991,868.0699503243399,676.9819827056386,747.4953434359517,764.4270288052159,836.0390003665599
176,7.04,383.7233352661133,191.57712936401367,183.64906861523832,191.57255369683827,430.7651851013269,386.67633056640625,226.8648862838745,198.13479912208683,206.68326678831158,566.298668031672,370.8314514160156,253.6768341064453,189.78315168248204,197.97128997489912,2517.565831982569,349.8520278930664,272.3946189880371,240.1415833897773,250.50242141530055,3849.1071869761927,334.06612396240234,285.3804588317871,305.59665170823325,318.7815294157816,2243.7720810958963,360.6024169921875,243.48501205444336,228.23559196117995,238.08274948629295,1917.9470188373998,335.2991485595703,286.4180088043213,186.52232639533636,194.56977733926198,-824.6847843778731,321.8930435180664,303.9382266998291,104.82848411499094,109.35127824770754,-3474.347549535201,313.74345779418945,313.3517074584961,55.6453461847887,58.046148288933175,-5122.020763436116,342.95902252197266,226.51895999908447,189.29798941661312,197.46519552568316,1261.7965834343786,312.43919372558594,270.07189750671387,133.49550296664464,139.25512720102054,-1385.572996659827,303.3829689025879,287.7198028564453,173.62761535065215,181.11872777696647,-902.3238193155663,302.2520065307617,294.47848320007324,234.66983774507796,244.79459891318507,1309.4730879101987,329.55711364746094,211.577410697937,149.68553508653184,156.14367349764615,1015.7302030435109,297.2017478942871,246.62464141845703,42.22588610791183,44.047709551701494,-1679.0271643711862,291.7392349243164,264.66187477111816,146.88076160973984,153.21788889366357,-991.5849113949478,293.9632034301758,272.6730537414551,243.7713541931206,254.28879761297978,-461.8595473981237,321.644287109375,199.52507972717285,95.7897974851868,99.92262014019033,1024.886108708451,294.5762252807617,224.63101387023926,45.76739903856132,47.74202001671303,649.5926234499516,291.8261528015137,238.47039699554443,92.79735483695843,96.80106943353529,-355.06251220217314,296.11034393310547,244.47014808654785,112.67761324798498,117.53905574988622,-1114.418176964586,574.8963502328686,624.0557541851272,662.8737159623687,823.3918617063824,1063.2284897113761,771.9239480462196,886.6275999761726,886.2177933687424,1068.5246924479568,737.51482511126,782.2885517483383,779.9158456658416,874.1504968452049,706.1598183718287,757.4308165822987,787.9845209719457,878.2415022288591,680.9788875112463,749.4050242366202,768.2990715825572,840.7405625965554
177,7.08,381.5932846069336,195.40542125701904,109.5243541088079,114.24975017205261,-1933.0700881196415,384.17236328125,229.7891092300415,96.24490896932654,100.39736727553287,-2657.1474878194676,367.95684814453125,256.1513328552246,94.82381038714306,98.91495581275424,-2476.408354053622,346.0235595703125,274.2799472808838,106.68772325734778,111.29073371633638,-3480.292192474104,328.95633697509766,286.14126205444336,129.15287598238098,134.72513885203983,-4601.409764093544,358.5354995727539,246.86808586120605,99.11273884055552,103.38892882355492,-3367.345516568451,331.73423767089844,287.08788871765137,90.68258081921802,94.59505411243914,-2499.3680806705706,318.94664764404297,302.849178314209,78.53054753042012,81.9187249194969,-685.8138332052661,312.10229873657227,310.7893180847168,76.07250799096211,79.35463398665183,532.7121424429665,341.29783630371094,230.4823923110962,107.43700288902222,112.07234079746803,-2134.8213682053783,310.7466125488281,274.09008979797363,109.00315456861291,113.70606363090299,-638.7265892529389,299.656982421875,293.256196975708,166.83568843749714,174.03376517363625,-177.1240650832553,295.7517433166504,302.68890380859375,261.80196287168474,273.09733160286737,707.5683172420576,327.5233840942383,215.84552764892578,118.19707643108418,123.29665454956921,-821.1754737019235,295.57329177856445,251.2646484375,122.93680911753641,128.24088160952982,2104.829301445708,289.7947120666504,269.61565017700195,133.04383656319047,138.78397378335708,-360.84787775766216,291.1043167114258,278.8759231567383,170.74985771169204,178.11681013059282,-1904.299687059674,319.0075874328613,203.67193222045898,122.85298832649715,128.1534443951004,705.7706063727516,292.79232025146484,229.51586723327637,130.0098783072022,135.61911629024888,2196.9274068383966,290.6231880187988,242.70901679992676,110.15052801324372,114.90294016553096,452.5467682998919,294.8623275756836,248.37613105773926,102.51294979059296,106.93584087553674,-265.0803718587369,579.4663402397507,628.0716488761485,666.8303141948788,827.843491055036,1068.6174952654576,776.0595051991618,890.4114021406702,889.4945423655223,1071.6988778074228,741.9977187431588,786.8367942935744,786.8771962727872,885.0743901093197,711.0916845538115,762.5604518466799,793.53587992328,885.3661746340827,686.1050252870502,754.8297888882303,772.8951891891785,845.0179962315768
178,7.12,380.8776092529297,197.68589973449707,59.7535213322671,62.33156944554784,-1297.9545181626193,382.8790283203125,231.84322357177734,60.684126065368545,63.30232484630688,-927.3760607306498,366.17069244384766,257.2480773925781,52.39990915604766,54.66068783358617,-1106.356699479202,344.4526672363281,274.3392848968506,39.300315501592195,40.99591606154624,-1757.3704413697535,327.68009185791016,285.28879165649414,38.3691557318883,40.024581677293696,-2367.5139293686534,357.0291519165039,249.48492050170898,75.48553999453291,78.74234142855646,-616.1646848749616,328.77891540527344,284.6897506713867,95.14789731859852,99.25302537960172,116.4492816790645,316.2952995300293,300.0103282928467,97.11049204859577,101.30029568231826,484.5392690705342,309.99439239501953,307.84667015075684,90.49325253850787,94.39755731871098,376.0730833014787,340.5101013183594,232.90533542633057,63.694484390371684,66.4425641963448,-1140.7444150280805,308.3857536315918,272.8062915802002,67.18348332669153,70.08209496617788,-1090.5992166181277,295.8147621154785,293.24913024902344,96.05567012646732,100.19996377842541,-1845.845034880271,290.94892501831055,305.09490966796875,134.2942846005901,140.08837203376,-3325.223989227684,327.0469665527344,218.2806158065796,62.031383233602234,64.70770902903658,-1464.7236380133158,294.2346954345703,251.56268119812012,34.28432311710893,35.7635101600898,-2311.934286236001,287.49996185302734,270.6657600402832,63.09025909304257,65.81226977617499,-1824.2926001795524,288.7399482727051,281.86906814575195,95.35838662408065,99.47259618429537,-1966.1053486574365,318.99837493896484,206.1397647857666,61.69624401268569,64.35811032494806,-1594.8833517538085,291.3119888305664,230.18714904785156,40.63557854791902,42.38878863950509,-2330.7581912685946,288.15568923950195,243.69132041931152,66.39592714583468,69.2605599054008,-1141.0595065032542,292.2640609741211,250.93926429748535,91.24363449539388,95.1803142845514,-293.88816477463354,581.9596030175727,630.6037418700008,669.0167417082224,829.4833276974979,1070.2184785325494,779.2091988563039,894.3815231558543,893.546554192815,1075.4747801001713,744.6554213110126,789.6400780922215,790.885194823924,890.67792499067,713.679992914973,763.9909922530835,796.168370714327,889.3450784814545,688.6793497000482,756.5253404338105,775.6656115853945,848.825208802959
179,7.16,379.7175979614258,200.95985412597656,86.83462570421005,90.58108010510394,706.2377664889024,381.3089370727539,235.41635513305664,97.57194678758313,101.78165975037422,961.9833726016834,363.6764907836914,261.3064670562744,119.08916980545258,124.2272370303431,1739.1637299189235,341.4223861694336,278.6971950531006,132.69792828621695,138.42314139545357,2435.6806333476834,324.3612289428711,289.7794818878174,139.60020998041958,145.62322000442083,2639.9659581781784,355.79036712646484,254.46049690246582,128.1867492074563,133.71732882140483,1374.3746848212095,327.08763122558594,289.7306728363037,132.9269969974418,138.66209320888925,985.2266957321881,314.3889045715332,303.1870651245117,92.62153716683741,96.61766616171866,-117.06573801499012,309.3478012084961,307.95793533325195,16.402364603264115,17.11003980258251,-1932.1879379032118,340.3499984741211,237.77177810668945,121.72689021419983,126.97876111076552,1513.404922860518,307.91791915893555,277.3461055755615,114.09639621358593,119.01905168948552,1223.4239180826912,294.42626953125,296.5507221221924,89.54196136949147,93.40522297184023,-169.86852016462956,288.88187408447266,306.3826560974121,60.884062105900384,63.510887068536086,-1914.4371241305982,327.3275375366211,222.03967094421387,94.23778304365842,98.30364449179822,839.8983865690411,293.74298095703125,255.4833698272705,98.78506483197081,103.04711741618989,1682.0901814025021,285.87669372558594,273.3075141906738,77.51558071072398,80.85996765471535,376.19244696350904,286.2941360473633,282.6021480560303,63.83280698671463,66.58685468044693,-822.1435375962109,318.93869400024414,208.30414295196533,54.13002090317099,56.46544474347126,-197.31663953691995,292.1409225463867,232.8861379623413,70.58537501566016,73.63076027207802,781.0492908143234,287.7801513671875,244.99817848205566,33.99362706543164,35.46027211271325,-845.0071948171887,290.32724380493164,250.7021713256836,48.78187306869758,50.88655264277223,-1107.3440410444794,585.5828462217769,634.6750082600157,673.9858311894361,835.0202533533161,1076.0434073327262,784.5578920091601,899.9280068842099,897.4112608392838,1076.1591816922746,749.7345717554432,794.400840159801,794.6214037427977,893.2183604734114,717.612138694645,768.1128769497311,799.4027694205157,892.0085526686725,690.937967489787,759.4705708446936,777.084022469903,850.8606709086698
180,7.2,378.5878372192383,203.00053596496582,58.31349384238089,60.82941239290784,-743.7916928049024,378.79215240478516,238.60864162445068,101.62706980690312,106.0117398603558,105.75200274953964,360.1165771484375,264.90099906921387,126.4754064099846,131.93215064198694,192.6228402910958,336.70177459716797,283.23906898498535,163.76964086282618,170.83543387762347,810.3073120542476,318.010311126709,294.3592071533203,195.7486280525536,204.19414506940043,1464.27312662449,355.01354217529297,257.98619270324707,90.25653675915157,94.15062850663715,-989.1675078691921,325.94566345214844,290.59301376342773,35.77466168745452,37.31814894996662,-2533.5986064730655,311.85739517211914,304.1368103027344,67.59509848575806,70.5114691402877,-652.6549255357739,305.5955505371094,309.78097915649414,104.29187972459665,108.79152221862502,2292.0370604010627,340.31665802001953,240.50697326660156,68.3849588208471,71.33540776735404,-1391.0838335852868,306.3622856140137,276.3138771057129,46.67367660183474,48.687398659052796,-1758.2913257608184,290.53855895996094,294.89879608154297,105.6028915616435,110.15909727600817,418.8468576041984,283.7676811218262,305.05391120910645,132.0997081691072,137.79911124723844,1857.2056044675592,327.5273132324219,224.25829410552979,55.689984852306054,58.09271287863899,-1005.2732903289808,294.63756561279297,255.96688270568848,25.42226398651807,26.519100093319636,-1913.2004330717564,284.8771667480469,273.5551357269287,25.743574490122796,26.85427344415288,-1350.1423552640617,283.8719177246094,283.49618911743164,64.54867844578825,67.33361220319124,18.668938068607588,319.30782318115234,209.82044219970703,39.01457869261826,40.697851221941704,-394.18983803823886,292.8530693054199,232.69420623779297,18.438932881433153,19.23447522046212,-1359.9071262903976,287.2977066040039,245.2426242828369,13.520972113786337,14.104330481134058,-533.8985407894799,288.6428451538086,252.05340385437012,53.985114629438115,56.31428653115351,135.69334720953208,588.0160227174932,638.91547785443,679.2631172151156,841.853670708421,1084.2111731355023,788.3239171494257,901.4207328422085,900.2317196048954,1080.5108425810195,752.5879880661373,796.3483361061632,799.027767633838,898.7303249233009,719.9358472097905,769.1736409534639,800.4769403582818,894.7018971568001,692.5658815386647,760.239949853512,777.6481956891485,853.113242369916
181,7.24,375.98045349121094,205.30327320098877,86.96640401380719,90.71854395113229,747.2282889556112,376.7384719848633,240.45238494873047,68.99724955114498,71.97411560122721,-850.9406064782148,359.0726852416992,265.79721450805664,34.39578849377702,35.87978467766889,-2401.3091491079513,336.15684509277344,281.05493545532227,56.277145895104475,58.70520681203244,-2803.2556766397756,317.86949157714844,289.20679092407227,128.85850560051588,134.41806794657958,-1744.4019280705213,352.99388885498047,260.87645530700684,88.14979244495376,91.95298932828263,-54.940979458863026,320.2495574951172,293.82067680358887,163.6754253365275,170.73715345013738,3335.475112504269,304.80541229248047,305.7062244415283,180.61271285848636,188.40519526350067,2947.343153080324,298.8834571838379,308.32343101501465,171.71313972684493,179.12165266513188,1758.2532611626714,338.60057830810547,242.73462295532227,70.30003873265512,73.33311323901759,49.94263679158877,302.8660774230957,278.1405258178711,98.6157861091187,102.87053521259996,1354.5784138386791,285.90478897094727,295.1433849334717,116.00551715751382,121.01054109535141,271.2860954835811,278.8386535644531,303.8290786743164,126.97324373569589,132.4514670127763,-133.69110586155344,326.12422943115234,225.59979915618896,48.53014497666016,50.62396381619955,-186.71872656098606,293.2234573364258,257.88591384887695,59.59437235289844,62.16555403024631,891.1613484231669,281.6576385498047,274.7178554534912,85.57627804265532,89.26844140358382,1560.3541989857736,279.4458198547363,284.282169342041,112.38357105014207,117.23232718785134,1247.4678746165025,317.58018493652344,210.24890899658203,44.49942204911747,46.419336532782566,143.03713277102156,291.0798454284668,233.16095352172852,45.84059298848757,47.818371898093424,714.5974169407826,284.9082374572754,245.7553195953369,61.09633421197918,63.73231759223409,1240.699677777501,286.0547065734863,253.14640045166016,70.23666631753032,73.26700663967061,423.81800271292747,591.6447644755385,641.7944424784791,680.6983086022224,844.2018789809023,1089.5878958533656,792.0020367225569,908.250218980214,907.7679274154355,1087.6757086876248,755.521312595698,800.4631575146673,803.8681892776522,904.028383603812,721.9608057624386,771.6602631146737,804.0476780144252,899.3911902443142,694.422654999976,762.1526847294358,780.1974883928378,856.0439226355028
182,7.28,373.17455291748047,207.3200225830078,86.38705089427164,90.11419481155573,-15.108728489413892,373.60313415527344,242.1090316772461,88.65248758762594,92.47737310511772,512.5814375972627,356.1534881591797,266.42151832580566,74.63020025200316,77.85009830426313,1049.257840664856,333.66512298583984,280.71690559387207,62.863658248494545,65.57589230479846,171.76713731915038,315.02172470092773,287.97712326049805,77.54780277407889,80.89357992952199,-1338.1122004264398,349.22779083251953,263.0339527130127,108.50774560977834,113.1892803981654,530.9072767470692,313.5332679748535,295.0861644744873,170.86179350062358,178.23357535623418,187.41054765241998,298.4178924560547,306.04966163635254,159.91864878650327,166.8182918801701,-539.6725845832641,293.77803802490234,307.99570083618164,127.89818181502832,133.4163112736552,-1142.633534786917,335.5968475341797,244.7684383392334,90.68766308759409,94.60035565379036,531.6810603693192,298.2505798339844,280.2675533294678,127.05083635641101,132.53240734430375,741.5468032925947,280.4429244995117,296.1320114135742,138.76541766027714,144.75241081501377,593.5467429915591,272.7436065673828,304.28961753845215,152.81053207705298,159.40349756472773,673.8007637987856,323.98948669433594,227.3452377319336,68.93693845685998,71.91120240250778,532.1809646577059,289.70834732055664,259.49028968811035,96.59846096464031,100.76617316775753,965.0154784377804,277.1946144104004,274.33908462524414,111.97670463436926,116.80790664016874,688.4866309146229,274.40561294555664,282.77867317199707,131.4918876316127,137.16506647132314,498.3184820867951,316.1676025390625,211.11109256744385,41.37291943016986,43.15794187737865,-81.53486638509797,288.48365783691406,232.73839473724365,65.75877287897464,68.59591580498913,519.4385976723927,281.86431884765625,244.2568588256836,84.81901754683227,88.47850912626588,618.6547883507947,283.1182289123535,251.41139030456543,85.26855100524202,88.94743757359795,392.01077334818353,595.2493322680007,645.4935374026838,683.8123125343928,846.8249146730942,1092.8236390505463,796.5296079384835,915.3795619944633,914.4406590906422,1093.0123611385711,759.3053268218496,805.7644538084394,809.6582857102527,910.404523506401,724.8372538585389,775.6909100413841,808.719994280032,904.8777929031671,696.1489726750711,764.8965213616353,783.7366287578885,859.6018201384468
183,7.32,371.4396667480469,208.81470680236816,57.24896798467655,59.71895787999115,-759.8809232891145,370.4356002807617,243.1450080871582,83.31610726651842,86.91075622368967,-139.16542203570117,351.8804931640625,266.5195941925049,106.8530097374582,111.46315143304506,840.3263282195483,328.9076614379883,278.8981819152832,127.33125156051146,132.82492097995683,1681.2257168789592,310.2778434753418,284.741735458374,143.55343803049368,149.74700891666052,1721.3357246784633,346.2882995605469,263.7767028808594,75.79696048424243,79.06719806375217,-853.0520583603305,309.2242431640625,294.55467224121094,108.54198154989861,113.22499343785847,-1625.2145479593928,292.5246810913086,304.73822593688965,150.9341822273003,157.44619315226214,-234.3024681976992,285.548152923584,306.40995025634766,209.53164093154538,218.57182198752758,2128.8877678468098,333.73600006103516,244.9174976348877,46.67019921701469,48.683771243486866,-1147.9146102575874,294.4666290283203,279.56634521484375,96.20933075753453,100.36025405225134,-804.3038323013103,276.4955520629883,294.41250801086426,107.64072505491391,112.2848524963228,-811.6889579672744,268.4270477294922,301.309232711792,131.1377470352209,136.79564658299995,-565.1962745431945,322.6407241821289,227.06354141235352,34.44663563760603,35.93282560657183,-899.4594198983988,284.76282119750977,258.180570602417,127.90033404268463,133.41855635854108,816.3095797695888,272.7353858947754,272.34572410583496,122.11215417317796,127.38064717000508,264.31851324590843,270.38171768188477,280.08121490478516,121.1094912577841,126.33472465786019,-270.7585453365738,315.00091552734375,210.48717498779297,33.075970597159326,34.50302362586325,-216.37295628788493,284.39428329467773,232.72253036499023,102.2351328586386,106.64603761371774,951.2530452182151,278.258056640625,243.50049018859863,92.1182006345233,96.09261332267408,190.35260491020517,280.23303985595703,249.29140090942383,89.50792886199694,93.36972214181374,110.55711420539467,597.6380905832004,648.9699676516314,688.2708385917147,852.1379115122925,1098.8135194072127,799.6922958610336,919.9085617319777,920.7385068167328,1101.7552340180723,761.252677671589,809.7788639705295,814.1496798101056,915.876349369721,726.2745668828018,781.0276522957257,813.8152201668322,909.9311818894815,697.5290936201058,769.1623628661841,787.5803332907956,863.3366090241194
184,7.36,368.3502197265625,210.15161991119385,84.15766289793754,87.78862052545036,701.7415661364801,367.2003173828125,244.6450710296631,89.1531135927088,92.99959847203043,152.22105620851886,348.6037826538086,268.1177043914795,91.1413324735102,95.07359847200532,-409.7388240259935,325.92227935791016,281.1336421966553,93.23957325635561,97.26236723664687,-889.0638435827491,307.7033233642578,287.5531768798828,95.30332060371524,99.415154356668,-1258.2963639998131,342.09232330322266,265.0091743469238,109.33092731099588,114.04797803190698,874.5194992038702,304.34160232543945,294.9013137817383,122.37325564795792,127.65301379116342,360.7005088326236,288.69579315185547,305.8861541748047,99.93160815118858,104.2431280098879,-1330.076628559356,283.9902877807617,307.81253814697266,52.40584768270453,54.66688257623,-4097.62348528244,329.3083190917969,245.45737266540527,111.51183741516861,116.32298286144382,1690.980290448924,289.0775680541992,280.0370407104492,135.23944605859793,141.07431220504256,1017.8514538197807,272.9043197631836,294.4764518737793,89.79503831213673,93.66921884478373,-465.39084128847674,267.7104377746582,299.7290325164795,43.37743137733627,45.248937903277515,-2288.667716993061,318.32618713378906,227.13970184326172,107.88022974789338,112.53469054887825,1915.04662355766,278.5939025878906,258.0402088165283,154.2628808297771,160.91850747746895,687.4987779731966,268.22486877441406,271.8581199645996,113.41991252537656,118.31338131140134,-226.6816464650933,268.8408851623535,278.2057285308838,60.68161785054185,63.29970841528878,-1575.8754060642855,311.41088485717773,210.37296295166016,89.79617406218601,93.67040359643504,1479.1844992642946,279.2869186401367,232.11161613464355,128.59429884158683,134.14246206470034,687.4106112745651,274.1632270812988,242.75816917419434,104.03926424779972,108.52800772133821,310.88485996660324,278.46790313720703,247.5050926208496,62.782386750328264,65.49111437173362,-696.9651942520031,601.1496354042184,652.6899515905126,692.0737825305949,856.0284062017583,1102.7901255814795,804.2542149823099,925.0146822836243,924.9082319371281,1103.9419093211216,765.9055969860467,815.4218364587311,817.896448563897,917.6863068858521,730.7759545047568,787.4643925948244,818.5477554192881,912.4631702260931,701.2759097639631,774.5280613487722,791.9214535996491,865.9562535989887
185,7.4,368.1157684326172,210.92662811279297,20.24236154976945,21.11571228857435,-1666.8227059219,365.85777282714844,245.37348747253418,38.185537168771376,39.83304094524593,-1329.1639381696123,347.52025604248047,268.91881942749023,33.688047012058874,35.14150789776323,-1498.302264356052,326.4314270019531,282.40482330322266,34.23387146825843,35.71088178967994,-1538.7871361741732,308.5918617248535,289.32146072387695,49.474287331784744,51.60884091570451,-1195.1578360240871,339.93568420410156,265.7878875732422,57.323023803164105,59.79620881499858,-1356.29423042271,303.9558792114258,296.2259101867676,34.49037870280766,35.97845595346328,-2291.8639459425035,287.01799392700195,307.7251625061035,62.23424439921299,64.91932258000641,-983.0951357470373,283.4528160095215,308.48785400390625,21.577294366794302,22.50824038958507,-803.9660546661233,327.46131896972656,246.3497829437256,51.282340745739944,53.49490226272593,-1570.7020149679472,287.5151062011719,279.39379692077637,42.24223016661121,44.06475877000911,-2425.2388358758362,272.0213317871094,293.8429069519043,27.168995816983703,28.341194155157353,-1633.2006172406593,271.2753105163574,296.7781734466553,115.69325529842362,120.68480679014041,1885.8967221715723,316.7917251586914,228.19091320037842,46.500126816706995,48.50636111946082,-1600.7082357354357,277.13306427001953,256.1618900299072,59.48807682602343,62.054672414109945,-2471.595876583975,266.3323211669922,270.3697872161865,60.191729167911404,62.78868362944945,-1388.1174420487973,269.56851959228516,275.62150955200195,67.11761874889402,70.01338868053226,167.84200663108706,310.6519889831543,211.68066501617432,37.79887264476609,39.42969389401282,-1356.0177425605555,276.3703918457031,230.20676136016846,87.08688281857403,90.84422077851595,-1082.4560321546098,269.49745178222656,242.65952110290527,116.67045090607225,121.70416321503353,329.403887342383,274.5928382873535,248.95116806030273,103.40231430908533,107.86357676474998,1059.3115598254092,601.9942638957614,654.2832732283224,693.4794428465054,857.4568414733455,1104.8544792181078,806.6460633349099,926.4538205217629,927.5050048403285,1104.842238936705,768.0453930765558,817.1844268095315,819.0300963301032,922.5136991574577,732.7162089495353,789.9465794913889,821.0593027644661,915.2637057733143,702.8530975197236,778.1618301799128,796.7896201282504,870.2707966695787
186,7.44,368.199462890625,211.99996948242188,26.914987205761378,28.076226417069897,174.01285321238868,364.9363327026367,246.6416072845459,39.188484921249575,40.87926058368743,26.155490961037486,345.98873138427734,270.0403118133545,47.45598585950265,49.50346041968229,359.04881304797647,324.58988189697266,283.8936710357666,59.20280791682716,61.75709566168145,651.1553468000377,305.4563522338867,290.8017826080322,86.6846751473836,90.4246599755813,970.3954764969199,340.94188690185547,268.39982986450195,69.97627455894673,72.9953803552053,329.97928850516803,302.9439353942871,296.235408782959,25.299709884388903,26.391258430478988,-239.67993807460735,284.6619987487793,306.74320220947266,63.8110457913037,66.56415460465671,41.12080061625747,281.6634178161621,306.50304794311523,66.80849961527417,69.69093269275821,1179.5673075793286,329.0992736816406,248.00308227539062,58.18233365015936,60.69259333274756,179.94227675054083,285.72954177856445,277.7460193634033,60.74234100826858,63.363051455806,482.4573171449224,270.41858673095703,290.9534168243408,82.60578412067908,86.1697863945232,1445.714805984146,272.06920623779297,292.89722442626953,99.03293554213012,103.3056824352772,-434.4781088715802,318.45245361328125,228.71325016021729,43.52337661747191,45.401179907898076,-77.62953028906861,276.61123275756836,253.72163772583008,62.38559246202659,65.0772005105012,75.56320240978138,265.8772659301758,267.34302520751953,76.51945637248036,79.82086582470983,425.8045548815094,269.6925735473633,271.800012588501,95.58774903791839,99.71185437205685,742.4616422881147,311.89367294311523,211.46113872528076,31.523511551080375,32.88358419058791,-163.65274258562278,276.1565399169922,230.1538610458374,5.507443296900131,5.7450603190271075,-2127.479011487221,269.0631103515625,241.80642127990723,23.932610941853525,24.965176405927856,-2418.474670227642,273.7739562988281,246.7500400543213,58.712925588446616,61.24607750424426,-1165.437481512643,603.1173129524442,655.9184436516699,695.4595812632926,859.9271252998128,1108.4714656171311,809.5658785491181,927.5094708589819,930.1675710245148,1107.6298762444153,770.4730968098656,819.7189488677636,822.4768877858842,926.6459264548689,734.5322561458511,792.5496675118089,824.2521373974545,919.2521799481966,704.1684408873473,778.3916325926739,797.7882271844875,872.7206397697486
187,7.48,366.9784164428711,212.53028869628906,33.28093388271603,34.71682999212615,166.01508937640634,363.69274139404297,247.1718978881836,33.79836781484747,35.256588459159246,-140.56680311320466,344.7594451904297,271.2454032897949,43.0362493499218,44.893035677581004,-115.26061855253218,322.47093200683594,284.55044746398926,55.46003016576061,57.85283686473792,-97.60646992358826,302.5057029724121,291.0290336608887,73.98468636002073,77.17673390516049,-331.19815176052043,343.54969024658203,270.4537296295166,82.98773452103583,86.5682159326287,339.3208894355851,304.90217208862305,297.88928031921387,64.07994035518168,66.84465054545142,1011.3348028743108,284.88656997680664,307.7658748626709,26.175986037507275,27.305341260641512,-981.4703336003798,279.6351623535156,307.33426094055176,54.79926589872529,57.1635641176336,-313.1842143781153,331.7230224609375,249.61034774780273,76.9226882804659,80.24149505483504,488.72254305218695,287.3185348510742,278.9534282684326,49.891978616482476,52.04455336809981,-282.9624521926547,271.55567169189453,291.3541603088379,30.14089361603569,31.44131361115748,-1368.2118195841429,272.7670669555664,292.6757526397705,18.304018234159788,19.093739720390424,-2105.2985678721698,320.2254867553711,229.94420528411865,53.96119577997701,56.28933570996337,272.2038950516323,277.8765869140625,255.3761386871338,52.07263300136587,54.31929144541374,-268.9477266271865,267.23283767700195,268.57177734375,45.73979785895087,47.71322799232168,-802.6909458097037,270.93053817749023,272.5934600830078,36.76033317300507,38.34634694202225,-1534.1376857508649,312.1094512939453,212.5033950805664,26.608957688392547,27.756993346131832,-128.16477111140196,277.25427627563477,232.46070384979248,63.867777650613824,66.6233341433604,1521.9568456083323,271.30298614501953,243.91161918640137,76.84766504106548,80.16323495982382,1379.9514638473993,276.62525177001953,248.03409576416016,78.17722226616914,81.55015554058006,507.60195090839505,604.5059861521293,657.3287071900363,697.2553026903959,862.2412387744023,1111.5585349733376,813.0286071864232,930.1832568808001,931.2597846749404,1109.9164188091206,773.682756612059,821.8007310024877,823.7345403303304,927.4096760436845,736.7838295742497,794.7224391696254,826.1606665171473,920.7860338258776,705.2787206211925,781.0565659584083,800.9947565828803,875.9826459913717
188,7.52,366.7298889160156,214.11253452301025,40.04113344254195,41.76869637479418,176.29665956670078,364.2844772338867,248.5814666748047,38.21841398766479,39.86733622482633,115.26869414167713,345.8648681640625,272.9484558105469,50.758914482302956,52.94889292701456,201.39643123583895,323.30570220947266,284.935998916626,22.98764904574346,23.979444406582495,-846.8348114538855,303.0455207824707,290.48200607299805,19.21331650785939,20.04226940081977,-1428.361612608518,344.40589904785156,273.87694358825684,88.21666267876138,92.0227446586713,136.36321815106493,302.9920959472656,300.9675693511963,90.56853147688128,94.47608414475219,690.7858399825194,283.9193344116211,309.2816162109375,44.95147712676456,46.89089539387275,489.63885333078105,280.63114166259766,306.0530948638916,40.56908690820125,42.319428237536975,-371.1033970024156,332.6255798339844,253.5691738128662,101.51020153495425,105.88982934116723,641.2083571583047,286.2294387817383,282.46707916259766,91.96423508051163,95.93200497009288,1097.1862900498265,271.47478103637695,293.2986259460449,48.65368634819083,50.75283534388982,482.78804331830855,273.9883804321289,292.80412673950195,30.70104352374524,32.025631021978604,323.2972825397045,320.9374237060547,233.8883113861084,100.19614253272617,104.51907564955681,1205.7434984898362,277.20706939697266,260.9303855895996,139.86134285257603,145.89561937758623,2289.4081983043125,267.5575828552246,272.8799057006836,108.0087651842265,112.66877160882886,1623.8885904126796,272.2555351257324,275.24205207824707,74.03823535046176,77.23259325105333,972.156157725777,312.2281265258789,216.2186622619629,92.92905237275193,96.938449020798,1729.5363918666542,277.88570404052734,237.80980110168457,134.6559097117463,140.465599354037,1846.0566302669154,272.7563667297363,248.3507537841797,116.77497351001686,121.81319541600082,1041.249011404425,278.4380340576172,250.86853981018066,84.11395793895066,87.74302992885511,154.8218597068761,606.176734007121,658.9234006390294,699.3732584074766,863.2004165506655,1112.3602257493703,816.7095169727701,933.9623002465902,933.1354204906954,1111.6091959386222,777.9183497857057,825.6380112012915,825.7646537440861,928.6907012845636,740.964592600232,800.5582639447289,830.6674173815004,923.8753375559197,709.1562585820244,786.6751899325698,805.8672843995205,879.4923671885258
189,7.56,368.0766296386719,214.78676319122314,37.65214860320728,39.27663948681061,-62.30142219958932,364.9441146850586,249.6987247467041,32.436352737061505,33.83580964120773,-150.788164590465,345.4574203491211,273.9597988128662,27.258351819222476,28.434405395846447,-612.8621882792029,322.28397369384766,285.58722496032715,30.290515425995423,31.597390810126463,190.44866008859918,302.1922302246094,291.31845474243164,29.872135351491508,31.160959850291263,277.96726123678735,344.43336486816406,275.37872314453125,37.550767360078794,39.17088417974845,-1321.2965119730713,301.42770767211914,299.96546745300293,46.44565971230874,48.44954404785396,-1150.6635024224558,282.39368438720703,308.0807590484619,48.539068811007446,50.63327266675659,93.55943182209589,277.7605628967285,306.7313575744629,73.74051954154137,76.9220325810709,865.0651085883479,332.95291900634766,254.67470169067383,28.82428254065151,30.06789773794483,-1895.5482900805598,285.3934669494629,283.6472511291504,36.15638580350315,37.71634244079403,-1455.391563232471,271.18953704833984,293.150053024292,8.040446419101864,8.387349116357749,-1059.1371556883018,273.48649978637695,291.2607192993164,40.57393489822391,42.32448539266409,257.4713592671371,321.41456604003906,234.97349739074707,29.63626865370897,30.914916753166125,-1840.1039724097673,275.9709930419922,261.45100593566895,33.5310518408232,34.97773921601347,-2772.947004039319,266.82010650634766,273.10229301452637,19.256938400727893,20.087773347433394,-2314.5249565348868,271.79882049560547,275.57098388671875,14.070900557454765,14.677985425852611,-1563.865195630018,312.92964935302734,217.12218761444092,28.59733750260765,29.83116122294526,-1677.6821949463188,276.64682388305664,238.14522743225098,32.08713593299383,33.471525980781145,-2674.8518343313967,271.1857604980469,249.42947387695312,47.63429025905916,49.689457710144936,-1803.0934426463973,276.5960502624512,253.06031227111816,71.57500795572005,74.66309063443333,-326.9984823605444,607.7477995865935,660.2768330246778,700.5106346233104,864.4643121830705,1113.606664143382,818.27635233996,935.9002820085043,935.1607513973656,1114.686077241865,779.1210656952235,827.1466648989233,826.1001477087405,930.38368070027,742.2011892703586,801.9573735133694,831.4709283153977,924.4624569729538,710.3495050309423,788.014050971801,807.8548627079263,882.4788908139031
190,7.6,370.07091522216797,215.80781936645508,56.01188881344533,58.42850529155767,478.7966451186765,365.1639938354492,250.99960327148438,32.98325121378845,34.40630389195177,14.262356268601017,344.9882125854492,273.7070846557617,13.323390397412835,13.898224159686938,-363.40453090398773,321.3542175292969,283.3534526824951,60.48855839501323,63.09831946630137,787.5232164043726,301.5108108520508,286.75249099731445,115.41327177534306,120.39274346025795,2230.794590249167,341.8052291870117,278.5964870452881,103.86620504150983,108.34748192646386,1729.414943667885,299.29603576660156,299.3019676208496,55.8136247929237,58.221687228150515,244.30357950741382,279.3763732910156,305.0148296356201,107.54094980438913,112.18077247194313,1538.6874951296636,273.31127166748047,303.00868034362793,145.0312858654139,151.2886180620037,1859.1646370233202,331.26026153564453,258.31071853637695,100.26747919740728,104.59349011366612,1863.1398093930322,284.7649383544922,284.0986919403076,19.346301336982684,20.180991821304584,-438.38376548723613,269.2938995361328,291.75121307373047,58.897128458086925,61.438227752548606,1326.2719659047714,269.3886184692383,289.9607563018799,107.47829747226392,112.1154170233651,1744.7732907675252,321.0173797607422,238.14941883087158,80.01653709665368,83.46882706875765,1313.847757889788,276.1094665527344,262.3103713989258,21.76126019753772,22.700143372018992,-306.9398960998619,265.234317779541,271.6557312011719,53.661362764111196,55.976566486764206,897.2198284832704,268.35205078125,273.4633255004883,101.00261548855339,105.36034364399977,2267.058955453679,313.5435104370117,218.8646936416626,46.18679928652743,48.179515165094564,458.70884855373265,277.25772857666016,238.23640823364258,15.441795621162797,16.108027354108522,-434.08746566681555,271.29032135009766,247.58359909057617,46.220846884575174,48.215031736751754,-36.86064933482953,276.1169242858887,250.8142375946045,57.415226387980944,59.892389453234316,-369.2675295299754,610.0849397982558,661.6530851803559,701.0665635896978,866.9882449617227,1118.4223738817923,822.6102516170185,938.2291494976303,939.6479822962434,1120.7376219643452,783.3048052997701,827.9539045717755,828.5576768188423,934.8682973812046,745.5399423531089,802.8653792482501,833.7099909748682,928.6768707187138,712.276685637546,788.6583720659654,809.7834639773963,884.8745863920325
191,7.64,369.5244598388672,216.53182983398438,22.67714492377726,23.655543675547023,-869.3240404002662,364.71683502197266,251.26999855041504,13.063896129642922,13.627534088012661,-519.4692450984778,344.86297607421875,273.8499069213867,4.74884086537424,4.953728208584881,-223.61239877755145,321.32652282714844,283.57852935791016,5.669353266851603,5.913955847038558,-1429.6090904815703,301.28055572509766,286.57410621643066,7.281764618687782,7.595934212679981,-2819.920231189449,340.98522186279297,278.53431701660156,20.559017550689244,21.44603031957252,-2172.5362901722833,298.8984489440918,299.489107131958,10.985686086087837,11.459660283020053,-1169.0506736282614,280.1306343078613,305.7444190979004,26.23464390128457,27.366529900708947,-2120.3560642808548,275.17284393310547,304.0239143371582,53.01032541969786,55.29744032749915,-2399.779443362614,330.59974670410156,258.79992485046387,20.548763047181527,21.435333388525287,-2078.953918128521,284.9267768859863,285.6715679168701,39.5295028105877,41.234991589618545,526.349994207849,270.7086753845215,293.1146049499512,49.11993045933911,51.239195420160726,-254.975808309697,271.5008544921875,290.8407783508301,57.205658719673615,59.67378004948046,-1311.0409243471158,320.3035354614258,239.0207862854004,28.16086518200553,29.375857432372182,-1352.3242409096365,275.84630966186523,264.25981521606445,49.178137580332056,51.29991387027888,714.9942624564972,266.4181709289551,272.7187156677246,39.77628262788954,41.49241864959673,-362.1036959291869,270.3815460205078,273.34716796875,50.820416039900095,53.01304795123579,-1308.6823923190996,312.7427101135254,219.90137100219727,32.74886551413779,34.16180569018757,-350.44273687267486,276.8424606323242,239.05770778656006,23.007884806293156,24.000553233072786,197.3131469741066,272.4823570251465,247.24671363830566,30.968137441374928,32.30424862817193,-397.76957771449554,278.51890563964844,249.07628059387207,74.11987317938267,77.31775332010551,435.63409667177984,611.0311615452777,662.1981865438763,701.2647127180411,867.2248031956042,1118.7262112502995,823.4680928298014,938.6875359089511,940.7426434922718,1122.9495195774452,784.1622186353111,829.6033042353603,830.6072446356487,937.2552485831839,746.7149766504039,804.9173758030613,835.3696877208521,930.7973926367632,713.6431578651535,789.6183941952883,811.0756339225231,887.9672965248367
192,7.68,370.47245025634766,215.29498100280762,38.958959678889215,40.63983254221458,424.6072216666889,366.37786865234375,249.9928092956543,52.382279408809104,54.642297456085274,1025.3690842018154,347.0514678955078,273.7514877319336,54.767592999314665,57.13052470028818,1304.4199122925825,324.06829833984375,284.8358917236328,75.40844233552086,78.66191741370925,1818.699039166767,304.02355194091797,289.312219619751,96.89328295038987,101.07371516141907,2336.9445237184773,342.7598190307617,276.97837829589844,59.00286227774243,61.5485234267726,1002.5623276800019,300.3090286254883,299.18787002563477,36.05966264223266,37.61544618716238,653.894647603558,282.28973388671875,307.0381736755371,62.92610695578913,65.64103534321241,956.8626360625865,277.6618766784668,306.3369369506836,84.94615065646288,88.6111273565406,832.8421757260363,331.57772064208984,257.07879066467285,49.489493259193466,51.624702898381486,754.734237746405,285.98365783691406,284.54566955566406,38.6057351973155,40.27136829421401,-24.090582385113457,272.89350509643555,293.26332092285156,54.74713069341052,57.109179554210705,146.74960335124948,274.64473724365234,291.68701171875,81.39452403240671,84.9062668457933,630.8121699078208,320.81981658935547,237.53190994262695,39.39621624539878,41.09595441475425,293.00242455955174,276.229190826416,263.22747230529785,27.526463080754464,28.71408423894569,-564.6457407833296,268.2327651977539,272.62925148010254,45.41995845182235,47.379589207989675,147.17926395982363,273.6141014099121,273.7039089202881,81.30451421996453,84.81237358645176,794.9831408803991,313.1931495666504,219.07748222351074,23.474566297606014,24.487369560146906,-241.86090325101662,277.34750747680664,238.189115524292,25.118778249469177,26.202520553355665,55.049183007071974,272.9934501647949,247.79119491577148,18.669427865271288,19.47491484262375,-320.7333446387046,279.31982040405273,250.66789627075195,44.54425413795391,46.46610288891342,-771.2912607798023,612.6567548469662,664.3838784421198,703.5499337060527,870.3712798921525,1122.7691598567562,825.9300337668724,940.1921537564376,943.3682849060002,1126.4939646717069,786.2272067512464,831.2141589671289,832.8916118178172,940.6514992570155,748.358814826994,806.0659391726191,837.2648712891718,934.1898875802212,714.6226526475593,790.6664950174226,811.8546305162281,889.8259406403932
193,7.72,373.0775451660156,214.39860820770264,68.87490324939792,71.84649070425507,780.1664540510125,369.0388488769531,249.8217487335205,66.66182130575045,69.5379259906863,372.39071336502576,350.05340576171875,273.55101585388184,75.21560645271978,78.46076168342901,533.2559245785209,327.4948501586914,284.7994136810303,85.66864951238104,89.36479821321818,267.5720199877233,307.76941299438477,288.8422393798828,94.38073312965523,98.45276211723505,-65.5238261046005,344.26013946533203,276.66295051574707,38.32799312252461,39.981643119248794,-539.172007688095,303.507022857666,299.080753326416,79.99469160627775,83.44603906112097,1145.7648218489649,284.82662200927734,307.87513732910156,66.78467967920686,69.66608505255117,100.62624273346898,278.0912780761719,308.739709854126,61.02101679886618,63.653750631471944,-623.9344181267165,332.70519256591797,256.98137283325195,28.291818306043048,29.51246049045251,-552.8060601982244,288.4859848022461,284.3861961364746,62.68508600963125,65.38961561918087,627.9561831241716,275.03013610839844,294.47771072387695,61.44069635691422,64.0915371406868,174.5589396619023,275.8110046386719,294.4156837463379,74.18654978678015,77.3873066701295,-187.9740043915948,322.09556579589844,237.44492053985596,31.96778841847553,33.347029252831256,-193.72312904807495,278.6016654968262,262.70928382873535,60.71014824032688,63.329469740354554,865.3846375352216,269.62764739990234,273.1326484680176,37.073448090516955,38.67297111060978,-217.66545243449738,274.0377616882324,275.1976490020752,38.81645481754327,40.49117935051529,-1108.0298558984116,314.72543716430664,218.702974319458,39.434767751068456,41.1361692138038,416.21999134142226,279.1367530822754,237.09056854248047,52.48931622206824,54.75395234118891,713.7857946958312,273.96472930908203,246.989164352417,31.490437047239272,32.84908269700087,334.35419635942793,279.98754501342773,250.42622566223145,17.75283141127896,18.518772104058257,-698.683269621379,615.5306144751364,667.1653954817473,706.6883641733898,873.9458718206812,1126.7072703414458,827.5292994916423,943.5299953188825,946.1549283081023,1129.0401146969657,787.4077051708645,833.8297435918961,835.4552733034448,943.7469915238207,749.6926959971074,808.5991179622333,838.8117901335961,935.8095347542419,716.2680994161115,792.8566531110702,813.1685938241081,890.5666915245555
194,7.76,375.1582336425781,212.8073501586914,65.4855266215511,68.31088041811003,-88.3902571536261,371.9364929199219,248.68426322937012,77.82277250227175,81.18041314581015,291.0621788780961,351.7801284790039,272.34317779541016,52.68090331112209,54.95380539888279,-587.6739071136556,328.7149429321289,283.4128189086914,46.174069011133604,48.16623564571094,-1029.964064187681,308.95036697387695,287.23257064819336,49.9104556146378,52.06382755090921,-1159.723364158146,343.68114471435547,275.41131019592285,34.47678940124142,35.964280345475544,-100.43406934433125,304.4952964782715,298.9864253997803,24.81912703601851,25.889940976383407,-1438.902452118439,284.5013618469238,309.33531761169434,37.39920312392153,39.01278074917462,-766.3326075844137,272.7887153625488,313.2521152496338,174.06710951762508,181.57718379058377,2948.0858289777957,331.78218841552734,256.023645401001,33.25261734176319,34.687291742337585,129.37078129712685,288.07491302490234,284.32923316955566,10.374993546044934,10.822619592850605,-1364.1749006582565,273.51985931396484,295.7557010650635,49.46081345349732,51.59478571089904,-312.41878574469393,270.5880546569824,298.2637596130371,162.1860320494316,169.18350072747816,2294.9048514337164,321.3542175292969,236.6538906097412,27.103108709270806,28.27246436754976,-126.86412213203741,278.2862854003906,261.8290042877197,23.37676030214589,24.385343753762815,-973.6031496647936,270.2567672729492,272.4441719055176,23.31565718265213,24.321604358139815,-358.7841688117491,273.84206771850586,275.4822063446045,8.633836450800578,9.006340786546584,-787.1209640992176,314.8649024963379,217.87336349487305,21.03129660629495,21.938685716205494,-479.93708743995757,278.25395584106445,234.68666553497314,64.02187437993557,66.78407933077186,300.75317473957364,273.4187889099121,243.84796142578125,79.70730340498434,83.14625158036077,1257.4292220839975,279.0918731689453,247.29866981506348,81.33201103406755,84.84105674251653,1658.0571159614567,618.2630496918608,670.4126120075796,708.8865163893452,875.8725212465097,1128.789823443482,828.9678707054613,944.5655929579377,947.7154395380692,1136.303202048589,788.7951968405581,834.2626483756102,837.5190647318807,950.5143315529199,750.8235945718094,809.5745317123838,839.7846543079218,936.1697883857037,717.1456468447598,795.5280162843011,816.4944438873225,893.9603337942561
195,7.8,380.5379867553711,207.4827003479004,189.23140457215743,197.39573789768608,3227.121436989401,374.88704681396484,243.83368492126465,141.93721808583945,148.06105763758345,1672.0161122943323,352.90977478027344,266.70098304748535,143.8542281692699,150.06077655755672,2377.6742789668483,329.14039611816406,275.2566146850586,204.1823292903814,212.99171586804042,4120.6370055582365,309.8102569580078,277.1539306640625,252.88138859271783,263.79188176884503,5293.201355448396,343.3161926269531,267.275447845459,203.60109008149178,212.38539926433901,4410.527972971587,305.443058013916,293.44499588012695,140.5473520066558,146.6112261949658,3018.0321304645604,284.5486831665039,305.6517791748047,92.09605964470681,96.0695170663603,1426.4184079296422,270.48864364624023,311.61237716674805,70.61812303079752,73.66492119070217,-2697.80656499704,331.63516998291016,248.23339462280273,194.79094820914344,203.19514641065714,4212.696366707989,290.7497787475586,278.2654094696045,165.68959023262985,172.83821889861653,4050.3899826441484,272.5579643249512,292.2217082977295,91.56400374007013,95.51450576611639,1097.9930013804337,263.83750915527344,298.2285976409912,168.76592690565823,176.0472832131109,171.59456214081814,322.0444107055664,229.27000522613525,185.40181023050772,193.4009168338785,4128.211311658219,280.4041290283203,255.80509185791016,159.6339222141879,166.5212808635878,3553.3984277456248,271.42133712768555,266.71969413757324,146.04337682314105,152.34437538659697,3200.569275711429,273.3910369873047,270.8943843841553,115.24847900641677,120.22084075575731,2780.362499230268,316.5385437011719,211.0374641418457,175.94493962465538,183.5360323255921,4039.9336652346647,280.23996353149414,226.23799324035645,216.97391849060693,226.33519442421084,3988.777877335974,275.5385398864746,235.62553882598877,212.28161957087778,221.44044764689536,3457.354901663365,281.8090629577637,240.1599884033203,190.95793490783862,199.19675887718515,2858.8925533667157,626.1588792077682,676.335054313083,714.8889474516474,884.3921898812313,1139.3414987142357,837.463286676035,950.4300420057365,951.5582202207236,1139.249798896217,796.9230026969843,841.1761771315548,841.3396449625253,957.5562228814445,758.5596312451645,816.2353829469273,845.8784293233856,940.9786220159341,724.4870881377834,804.5814240612694,825.3520617931983,901.9282041493435
196,7.84,385.3996276855469,196.82915210723877,292.76018625538967,305.39123843426535,2699.887513414482,381.16199493408203,233.57122421264648,300.7210851708085,313.6956079932768,4140.863758892333,357.6450729370117,257.0478916168213,268.7996730861676,280.39695596757105,3258.404485250358,333.2099151611328,273.2332134246826,113.61980984179316,118.52190313877473,-2361.745318231642,314.588623046875,285.3599166870117,237.3960155100463,247.6383968164606,-403.83712380961043,345.6119918823242,254.84859466552734,315.928566072043,329.5592111877426,2929.3452980850902,306.8197822570801,281.5165328979492,300.19118778590524,313.14284834146565,4163.290553662496,284.73337173461914,296.68413162231445,224.23872950061022,233.91344356974315,3446.098162584571,268.6846923828125,306.2443542480469,141.57575316885033,147.68399742300377,1850.47690580754,333.4912109375,236.336989402771,301.00804098926614,313.9949444361708,2769.994950637841,291.8336296081543,266.6990375518799,290.42607926452484,302.9564270833925,3252.955204619399,271.52442932128906,284.113826751709,204.3372484523055,213.1533189716671,2940.9703301387676,258.69800567626953,295.95680236816406,140.48031395077442,146.54129580186927,-737.6496852810405,323.65650177001953,218.0875825881958,282.45067451414235,294.6369258394319,2530.900225138835,281.7831039428711,243.05843353271484,320.5258085106324,334.35480029998155,4195.837985909843,276.14009857177734,254.42925453186035,329.1291684771377,343.32934970327653,4774.6243579169895,279.9645233154297,260.1815700531006,314.2203778776301,327.7773237158052,5188.912074001198,318.7640190124512,201.2252426147461,251.5358220736048,262.38826117779536,1971.3057213050818,283.4380531311035,215.43827533721924,281.5822303014609,293.7310128564743,1684.8954608065867,281.0746955871582,224.78299140930176,304.35367422757287,317.48492403709247,2401.1119097549276,288.59642028808594,228.99913787841797,326.5662298530463,340.6558338456268,3536.4768742110405,638.3745287451388,688.8828786328139,726.1048256903503,889.1330660067823,1149.2470345868942,850.6456551235445,962.9557559393952,960.9147579635132,1145.1571587931371,809.4828004744311,853.2944342148905,849.8657777213921,963.4178747135192,770.3451082787418,829.6095749589265,859.6116033115167,954.0897149645663,734.9826185848952,816.3306645755285,838.0514587546821,915.5544375031686
197,7.88,393.42498779296875,182.57968425750732,408.85032320392673,426.49005021664965,3027.4702945596077,387.22938537597656,220.0336790084839,370.87595376447877,386.8772877703359,1829.541994426478,361.78173065185547,241.34934425354004,405.86044889758676,423.37117866223883,3574.3555673666947,335.9788131713867,250.06670951843262,583.2847179066393,608.4503656036677,12248.211561622324,316.54287338256836,252.78794288635254,815.7636650883429,850.9595486241359,15083.028795191882,348.87786865234375,238.9438247680664,405.9153672319921,423.42846643203876,2346.7313811074036,310.59871673583984,268.4395122528076,340.30208523844937,354.98431867396636,1046.0367583125176,288.0992126464844,283.9258861541748,329.86901990533653,344.10112180386506,2754.6919558530476,270.9858703613281,293.7227439880371,318.2826412879627,332.01485228687073,4608.271371596674,336.0948944091797,218.92739295959473,440.0804016987648,459.06754126803855,3626.8149207966944,293.4588813781738,246.32818222045898,510.8896592279191,532.931843398845,5749.385407886312,271.95104598999023,260.9585666656494,578.9797445912277,603.9596554800133,9770.158412708657,259.61048126220703,270.48511505126953,637.2006485718302,664.6924832487733,12953.7796861726,328.104248046875,200.89402198791504,443.9882973252284,463.14404190257665,4212.677901578619,285.87467193603516,222.7529525756836,517.8401572511561,540.1822186161896,5145.685457905202,276.50840759277344,236.43975734710693,449.83167719659195,469.2395326808236,3147.754574438676,279.0342903137207,244.19265747070312,400.39875359213494,417.67384011830336,2247.4129100624536,325.87059020996094,186.51394844055176,408.4463937172169,426.0686933109712,4092.0108033293955,291.684513092041,196.5276288986206,515.7619670285342,538.0143654872985,6107.083815770605,285.9577178955078,205.44779777526855,498.55642843200184,520.0664989856019,5064.539373712736,290.29518127441406,210.6100845336914,461.68378775674864,481.6029990671599,3523.6791305383276,655.4341307538049,704.3579701436273,743.0396728368397,913.471080630929,1183.2854165318595,867.5827937808261,977.1551286863538,974.6788028356679,1158.4377528846119,827.8455021251527,874.6117079508443,874.0241639405925,990.0055740434701,788.8708699548448,851.2168637035741,878.3811846187496,970.7966685692984,752.0253663173341,837.8512391950204,858.8541187141061,934.818557465855
198,7.92,399.8095703125,165.10867595672607,465.02622573535524,485.0896455498409,1464.9898833297812,391.63047790527344,201.02055072784424,487.8964173287015,508.9465648367692,3051.7319266608324,365.1539993286133,221.1882448196411,511.0296752707967,533.0779003927347,2742.6680432623966,337.43114471435547,230.00208377838135,502.9279726008424,524.6266521425879,-2095.5928365269956,317.149715423584,233.65107536315918,478.66216939964346,499.3139079952272,-8791.141015722716,351.9904327392578,216.48253440856934,566.8981499180337,591.3568039560398,4198.208438100026,315.3948211669922,245.97936630249023,574.1628546327674,598.9349422202243,6098.76558865645,293.2309913635254,261.39455795288086,577.7087843991442,602.6338600840423,6463.318457004432,276.2164306640625,271.9208335876465,560.514305229582,584.6975301650415,6317.066946954269,339.7041320800781,195.27894973754883,598.0569911133892,623.8599841956002,4119.811073189041,295.13458251953125,220.66137313842773,643.0362853139532,670.7798968227446,3446.2013355974905,272.6020622253418,235.8859634399414,627.0263424751761,654.0792097063252,1252.9888556577957,259.2374801635742,247.15410232543945,583.3498546286495,608.5183126304021,-1404.3542654592811,331.1954879760742,177.19307899475098,597.5420817111378,623.3228591785467,4004.47043189925,289.0658187866211,196.77002906799316,654.4538430193609,682.690061699151,3562.696077074034,277.3752212524414,214.28509712219238,554.2902757141322,578.2049667257066,2724.135851122077,276.71709060668945,226.5082025527954,445.89051362538544,465.12832876584577,1186.36221618856,327.71060943603516,163.83165836334229,568.9200042069832,593.4658905539602,4184.929931074726,293.1321144104004,174.8115348815918,544.1072326144396,567.5825792247921,739.2053434373395,286.3913345336914,187.2430658340454,455.2473836008697,474.8888981459622,-1129.4400209909938,288.49903106689453,196.48358345031738,356.0057833330625,371.36554820675576,-2755.9362715101033,674.8377165757986,724.7158327370981,764.3627888525491,934.4561467166327,1203.2579728516687,891.2370659390679,1001.1125263751628,998.7841572390296,1181.8256540912137,852.7999014929767,901.442903823754,900.1873323288455,1014.3463065486862,813.8037843219868,878.5244661715401,901.5093832877777,989.4018017199321,775.7640019394926,860.5545423640121,877.8496746399446,949.6731793941252
199,7.96,407.76233673095703,146.71626091003418,500.9537309948871,522.5672324628737,936.9396728258196,398.0806350708008,181.8400239944458,505.9008877923965,527.7278328861905,469.5317012355332,369.6775436401367,199.99078273773193,541.8687870764319,565.2475566120402,804.2414054826367,342.33028411865234,206.95542812347412,589.0404823623127,614.4544608248691,2245.6952170570303,322.1507263183594,209.87484455108643,607.4121652544815,633.6187845750483,3357.621914495526,354.6469497680664,193.06982517242432,589.0734443283687,614.4888449252614,578.3010242305409,315.776424407959,220.65619468688965,633.1511676263989,660.4682886382997,1538.3336604518831,295.61912536621094,234.90062713623047,665.033624212077,693.7263044414909,2277.3111089362146,280.98798751831055,244.9343204498291,685.127563920997,714.6871912725211,3249.74152768699,343.44173431396484,171.12979888916016,610.9169118817357,637.274742465312,335.3689567427949,298.30455780029297,197.60870933532715,581.7398751264521,606.8388710358373,-1598.5256446726821,279.25167083740234,214.34656620025635,563.5617358276633,587.876441260482,-1655.069211146079,268.4903335571289,226.44109725952148,567.1440925722492,591.6133577337762,-422.6238724156474,336.02954864501953,153.19727897644043,611.9469753733756,638.3492477435107,375.6597141241002,292.99938201904297,174.67145919799805,561.1482146024999,585.3587893715159,-2433.281808190878,283.91475677490234,191.82183265686035,584.8951697147197,610.1302998816141,798.1333288976856,283.6592483520508,203.19780349731445,608.0544066360591,634.2887352722465,4229.010162660019,333.89942169189453,140.5876636505127,601.3446845135518,627.2895241610923,845.5908401783034,297.8170394897461,155.19925117492676,504.10204521864995,525.851379778371,-1043.2799861605276,291.959228515625,168.0357027053833,499.95264885183195,521.5229589250254,1165.8515194765798,294.8611640930176,176.25832557678223,530.0576576497842,552.9268394781716,4539.032281785396,695.7404058743134,745.8249460525457,786.9726911170308,959.0343251496274,1228.6027242346704,915.8166197360783,1027.5312579206948,1026.5332094166893,1210.4131417421145,878.2908911915891,925.7164586651875,923.7023899792648,1038.0108408580372,839.3377542317271,901.9388177464008,925.9145952830423,1014.773351130822,800.8555829059363,881.588597555147,898.7105929969456,971.7902529732521
200,8.0,416.0860061645508,133.1186056137085,398.57535548299774,415.7717720337369,-2669.886510728419,405.30017852783203,169.25359725952148,362.74986705853894,378.40060344213856,-3733.1807361012993,376.16748809814453,188.0150556564331,340.5303016929812,355.22238146034454,-5250.6293787923905,348.12896728515625,198.17416191101074,263.0771782667193,274.42756579126996,-8500.672375839978,327.32494354248047,205.53852081298828,168.77541927807658,176.05718513114692,-11439.039986097534,359.19029235839844,178.5237693786621,380.97711631439233,397.41426200921984,-5426.86457290104,319.8344039916992,206.00275039672852,380.1238514179527,396.52418324964134,-6598.602634716458,301.64073944091797,219.52314376831055,412.8610774184245,430.6738472427672,-6576.311429968094,290.2351188659668,228.49174976348877,471.61131303761766,491.9588445080673,-5568.208669111345,347.96966552734375,156.5229606628418,382.3135853286264,398.8083925862168,-5961.658746977379,301.66969299316406,183.56228828430176,361.09735460900015,376.6767938287219,-5754.051930177886,284.6607971191406,200.06418228149414,381.80912896261816,398.2821715985826,-4739.856741547485,278.9331817626953,210.1854658126831,483.02344170595273,503.86334611319245,-2193.7502905145934,341.3953399658203,138.50754261016846,390.97639875137787,407.84496054765134,-5762.607179896483,295.25501251220703,157.78831958770752,425.82880364520645,444.20106220572916,-3528.9431791446673,285.6996536254883,174.48260307312012,435.7713988756634,454.5726277847696,-3888.941802421111,287.6849365234375,184.91609573364258,467.99239043596066,488.18378455454723,-3652.6237679424826,340.45528411865234,126.01511478424072,399.4828787151423,416.71845008896514,-5264.27685180318,303.00634384155273,136.59778118133545,482.7936707190228,503.6236617245728,-555.6929513449546,294.4001770019531,148.48839282989502,492.4781422061219,513.7259668872239,-194.9248009450372,296.2581443786621,156.23115062713623,501.8959618176657,523.5501155575314,-734.4180980160047,712.371276755663,760.9609701902314,801.1815863754446,970.0114277812781,1235.6450116399164,931.7131902164471,1043.3922252506804,1043.7601633063998,1230.091495522437,894.2432268950378,940.7835304183365,939.633676843208,1058.165374702565,855.6515526536333,919.7068602346299,944.097500394433,1034.300702513004,817.5243209094948,901.73354402413,919.2596316724346,992.7322575955534
201,8.04,420.3290557861328,128.10054302215576,164.28713861701934,171.3752589203024,-6109.912827835863,406.35231018066406,164.3164873123169,126.19933549170726,131.6441687250918,-6168.910867926169,377.77915954589844,184.01434421539307,107.82850066765117,112.4807296326748,-6068.5412956917435,349.2729949951172,197.21320152282715,37.35174250299802,38.963272453712456,-5886.6073334389375,327.98728942871094,208.66105556488037,79.80024024783783,83.24319815598031,-2320.349674379165,362.9759216308594,171.806960105896,192.7539166191409,201.0702276914912,-4908.600857943216,324.40235137939453,198.6144733428955,217.1589008666059,226.52815781044654,-4249.90063597987,307.1466636657715,211.412615776062,245.07124714416705,255.64477406329445,-4375.726829486818,296.71953201293945,221.05679512023926,246.6350598655447,257.2760570248518,-5867.069687080387,351.1589813232422,150.08827686309814,179.5426322086392,187.288946298567,-5287.986157191246,304.8522186279297,177.84253120422363,163.6384934677737,170.69862816676238,-5149.4541415489875,290.6313133239746,193.50820541381836,221.6809312413975,231.24528985650377,-4175.92204355197,287.1516799926758,203.16089630126953,270.2872198894091,281.94868254037266,-5547.866589320494,344.59957122802734,132.3805046081543,172.85776786825082,180.31566545123428,-5688.232377410426,299.0063285827637,151.73388004302979,178.06005037166193,185.74239890403956,-6461.466582542241,289.1105270385742,167.69594192504883,189.88948591686957,198.08221196857227,-6412.260395404934,290.7994270324707,178.18224906921387,185.48035952442441,193.48285511399163,-7367.523236013889,344.3121337890625,120.31085014343262,172.1444242353578,179.57154481698808,-5928.672631799426,307.13157653808594,130.52618980407715,183.51050149266655,191.42800813649504,-7804.891339701945,298.2281684875488,142.46892929077148,178.33861772031955,186.0329849590699,-8192.32454820385,299.6091842651367,150.25553226470947,171.27733930331314,178.66704976043073,-8622.076644927518,719.2262871124751,766.226736939235,805.6808155607516,971.5699586794267,1238.9747395661557,939.7559993241068,1052.4533515630983,1053.9859542689317,1240.3825378034312,901.7347847469805,947.611475545007,948.8834884374681,1069.44332200418,862.8641792716827,927.1365561907915,952.0207888731759,1042.0400167175635,824.7071827021744,909.3906643495898,926.7009510707975,999.8789395859707
202,8.08,421.0959243774414,130.79596996307373,70.05985757801157,73.08256953905841,-2457.3172345310995,406.68163299560547,166.87238216400146,64.42559666637081,67.20522009658083,-1610.9737157127738,375.86143493652344,187.84179210662842,107.02518698162957,111.64275721380456,-20.949310471755922,346.4183044433594,203.04656982421875,162.36040905570172,169.36540117842557,3260.0532181178282,325.4170608520508,218.2976245880127,249.3360401569962,260.09357031702245,4421.2593040260535,358.59073638916016,171.65338039398193,109.69684456471458,114.42968267797569,-2166.013625337888,318.4920120239258,195.54721355438232,166.47108214910912,173.65342805411208,-1321.8682439083616,306.43077850341797,207.58827209472656,97.2692659536155,101.46591984079834,-3854.471355562403,303.2139015197754,213.45844745635986,249.88962877701363,260.6710433553227,84.87465826177214,349.38419342041016,149.08570289611816,50.959706259608275,53.1583478065288,-3353.2649623009547,303.83716583251953,174.80395317077637,80.09091959617763,83.54641877935877,-2178.80523468509,295.91381072998047,189.49871063232422,165.79510556573922,172.94828665975658,-1457.42507991868,298.03266525268555,196.0100269317627,325.50995853458625,339.5539900116236,1440.132686781274,345.0221633911133,131.17469787597656,31.942859253544427,33.32102452640715,-3674.8660231206786,299.0499496459961,150.35202026367188,34.56370248328276,36.05494326689338,-3742.1863909286544,292.80834197998047,165.32153606414795,109.86252356117552,114.60250984603744,-2086.992553063371,296.99621200561523,173.22392463684082,198.4079213074313,206.96817275005822,337.1329409016646,345.99842071533203,119.29603815078735,49.20243247368591,51.32525695966498,-3206.1571964330774,308.92988204956055,128.95846366882324,59.643042069874475,62.216323587854774,-3230.292113716007,300.7839584350586,140.53436279296875,80.13508045096694,83.59248494124684,-2561.0125004455763,302.3863410949707,147.82241821289062,92.30602650508483,96.2885428852094,-2059.4626718805334,722.1495898940375,768.9149457430982,810.1465258493039,978.3445747265636,1249.3784823788365,944.3331866312259,1059.399488685263,1058.0445910625635,1250.8093795376442,903.8611186592416,950.9533322961813,955.8014199038585,1083.025481604645,864.1970202527389,928.5787539214672,956.6048892670174,1050.318743627566,826.760192980561,911.879317293104,930.0446504684473,1003.7304813013791
203,8.12,421.20391845703125,135.64335823059082,121.21477771214816,126.44455366534875,1334.0496031572584,406.1888122558594,170.49702644348145,91.44984429419097,95.39542094450204,704.7550211980301,376.0127639770508,190.9061336517334,76.70189691087872,80.01117770650882,-790.7894876823935,347.67662048339844,204.86899852752686,55.36586061859809,57.754604400144295,-2790.269919457032,326.7881774902344,216.61298274993896,54.302272961706656,56.64512856643881,-5086.211043764591,360.06900787353516,176.27573490142822,121.32458472529714,126.55909826980218,303.2353897956622,320.59558868408203,198.992600440979,100.91991120279017,105.2740711061383,-1709.4839236993448,307.390193939209,209.88090991973877,62.13224894886898,64.81292656593895,-916.3248318714845,302.5786018371582,214.89031791687012,39.161992914171144,40.851625586750956,-5495.485444214293,350.7842254638672,153.79018306732178,122.7095743105302,128.0038428235712,1871.1373754260599,303.8981628417969,176.7812204360962,49.455197361135085,51.58892731388269,-798.9372866369021,296.9434356689453,190.5263614654541,36.36785797385946,37.936938515777925,-3375.2837035994658,300.2197265625,196.00421905517578,54.67672553471541,57.03573678563936,-7062.956330649607,346.3070297241211,135.60503482818604,115.32228482553163,120.29783090524258,2174.4201594708857,299.37835693359375,151.952862739563,40.854528353387884,42.617184969970424,164.05604257692605,296.34254455566406,166.51000499725342,93.21697220371607,97.2387910682348,-434.0929694450658,303.33972930908203,173.08349132537842,158.6267893798817,165.47069557919306,-1037.4369292716287,347.42591857910156,123.60541820526123,113.49148262359783,118.38803928047226,1676.5695580201818,310.4411315917969,132.24520683288574,90.43836231593416,94.34029887361933,803.099382144114,304.47256088256836,143.80438327789307,123.23458825447429,128.55150833979846,1123.9755849637907,308.18355560302734,149.82293128967285,153.31696869312748,159.93178423973526,1591.0810338631468,727.2073720406514,772.7307625808784,813.3469729575643,980.6547589025693,1251.6442875214939,949.3955505620179,1063.6104515295085,1060.637108125201,1252.4434445611141,908.9812723721844,953.0168893887366,957.3188974444896,1085.3069110760705,869.0089334889485,930.283441320266,960.4944409097468,1056.9375714507335,831.4957145517798,915.6529292480487,935.1867108020393,1010.1277526709684
204,8.16,422.9194641113281,140.67495346069336,132.9004501769264,138.63440103360617,304.74618420643543,406.48571014404297,175.07982730865479,114.81020241533793,119.76365484998816,609.205847637153,375.9485626220703,194.05879497528076,78.83287399212313,82.23409516752095,55.57293652530326,348.5251235961914,207.23957061767578,62.946254689081805,65.66205234453555,197.68619860978146,328.04229736328125,217.93235778808594,45.508015415257034,47.47144536322732,-229.34208008028722,360.8448028564453,181.7262840270996,137.63707627958047,143.57538747712388,425.40723018304266,320.13729095458984,200.19348621368408,32.134127574348106,33.52054506268842,-1793.838151086247,306.03919982910156,208.5428810119629,47.53621279869733,49.58714872658575,-380.64444598383,301.2491989135742,212.36884117126465,71.26165304646142,74.33621611972569,837.1147633243684,352.7330017089844,159.3449592590332,147.16756477213553,153.5170660941948,637.83058176559,305.8352279663086,177.83260345458984,55.100065495517015,57.4773416246086,147.21035776814767,298.72541427612305,189.92291450500488,47.03453512124428,49.063826313207585,278.1721949357415,302.20821380615234,194.9153995513916,56.676766789779705,59.12206923273953,52.158311177504224,349.1160583496094,141.0786008834839,153.80703653547815,160.4429959150883,1003.6291252461428,303.57656478881836,155.71802616119385,140.9818356811805,147.064455539911,2611.1817642485144,300.31002044677734,168.81769180297852,114.745052561872,119.6956941252453,561.4225764252624,306.8528747558594,174.7439432144165,97.14451672000887,101.33578833817789,-1603.3726810253793,351.0865783691406,128.62031936645508,155.22093881575753,161.91790059363254,1088.246532829007,315.26031494140625,134.84793663024902,136.9277422475878,142.83544943683023,1212.3787640802725,309.5488739013672,145.4276990890503,133.23876145753232,138.98730865496697,260.8950078792127,313.02490234375,151.93087577819824,132.00868397242485,137.7041598383469,-555.6906100347092,732.7527480819957,777.5213087748779,816.6363367642651,983.2812409963507,1253.543145336023,955.1385660611029,1064.951273332016,1062.6205940742645,1255.416893205903,915.1219550159523,955.315983053721,959.2814504970178,1087.67179384538,875.426653325552,936.1660195418625,965.2822686747567,1060.9910029842606,837.9724305755251,921.3663472255218,940.746203148238,1015.6359190645023
205,8.2,424.14451599121094,147.34448432922363,169.52764176286007,176.8418620339199,955.1865250078436,407.7626419067383,180.92369556427002,149.54378730736275,155.99581005221168,905.8038800555881,375.6713104248047,197.9417896270752,97.32200498458965,101.5209342817612,482.1709778560063,348.5912322998047,209.15993213653564,48.037477060957244,50.1100398880938,-388.80031141104377,331.6453170776367,222.299165725708,141.5334824037083,147.63990289812523,2504.211438372448,358.6199951171875,185.1917552947998,102.95405705919588,107.39597958757967,-904.4851972386052,317.8331756591797,198.52867126464844,71.06579745680929,74.13191039822993,1015.2841333885378,306.1518096923828,205.55208206176758,74.82295495784368,78.0511693552267,711.6005157160238,304.7044372558594,208.03155899047852,138.6332588111579,144.61455001119748,1756.9583472867948,352.98717498779297,162.88227081298828,88.66078997154125,92.48603369294655,-1525.7758100312064,306.8202209472656,176.51713371276855,41.08430215865595,42.856872298524564,-365.5117331521009,301.58227920532227,188.42745780944824,80.61508835189308,84.09320264195969,875.7344082188026,306.4101791381836,193.46869468688965,111.10093276095307,115.89434984670793,1419.30701534921,351.09352111816406,145.12451648712158,112.58272534224263,117.440073933343,-1075.0730495436321,307.20266342163086,155.25122165679932,91.40055299411387,95.34400298577232,-1293.0113138534668,304.9654769897461,168.24737548828125,117.25649321647505,122.31549014865101,65.4949005851428,311.31656646728516,174.19568538665771,112.43089638848724,117.28169436400808,398.6476506457546,353.67984771728516,133.18199157714844,131.18188534873536,136.84168923107651,-626.9052840639006,319.4432067871094,136.4600658416748,112.07013648599147,116.90536958156483,-648.2519963816351,314.80358123779297,146.79861545562744,135.7648722876154,141.62240779426145,65.87747848236205,319.02917861938477,153.27332496643066,153.81300216727533,160.44921893231574,568.6264773492212,739.8264225633525,783.7611411769664,820.6971741355356,985.2856425918745,1259.448741451948,959.4344052446061,1067.9165497479453,1065.7426408484735,1261.201475206351,918.82139636367,957.030257945662,962.6451786026962,1092.3075678392483,880.1242562828858,939.9797796612934,970.1748882807027,1065.682270758821,843.4460981447681,926.0425620087844,946.4110994600084,1022.0538878217951
206,8.24,424.37965393066406,152.70983219146729,134.2624471265439,140.0551609412547,-919.66752731663,407.78247833251953,186.7988920211792,146.88074859189757,153.21787531417033,-69.44836845103382,376.52870178222656,204.12646293640137,156.09553141200357,162.83022723035631,1532.7323237148778,348.9201354980469,214.35087203979492,130.03373214541145,135.6439992952958,2138.3489851800496,329.5994567871094,226.517972946167,117.21742269110823,122.27473393695205,-634.1292240293295,360.80921173095703,189.7562599182129,126.55871127456015,132.01904967045706,615.5767520719347,318.2984733581543,202.04814434051514,88.75243898205584,92.58163687307949,461.2431618712389,306.7446517944336,209.21655178070068,92.80288276416061,96.80683586153168,468.8916626576244,306.61033630371094,211.76247596740723,104.73834263695043,109.25724764209413,-883.9325592275837,356.11148834228516,167.2377634048462,134.0047798932639,139.7863767309364,1182.5085759497465,309.77317810058594,179.40547943115234,103.26693849634177,107.72236020235944,1621.6371975958718,304.27501678466797,191.39162063598633,100.11586079841075,104.43533018341324,508.5531885363388,309.6650505065918,196.4806365966797,110.86585839662597,115.64913326803224,-6.13041446689202,354.6908950805664,149.63570594787598,144.24789811335177,150.47143127565639,825.7839335578346,310.94615936279297,158.36082458496094,121.66396403703655,126.91312000218574,789.2279254103354,306.9736862182617,171.3352918624878,92.08736286669647,96.06044506841914,-656.3761270057967,312.6316833496094,177.4160099029541,86.96271616486621,90.71469699103281,-664.1749343243816,356.66004180908203,137.8237009048462,137.90173654548676,143.85146643240557,175.24443003322645,322.46883392333984,140.66237926483154,129.4552472718311,135.04055586189097,453.37965700815346,316.21450424194336,150.82606315612793,106.68598403699592,111.28891945783369,-758.3372084106941,318.88689041137695,157.815842628479,113.61864020749188,118.52068304094533,-1048.2133972842603,745.4286290010027,789.8898561895331,827.2103832247499,990.7114025636863,1264.339730809426,964.7151672314243,1071.6198152228685,1069.6149142829347,1265.5717651120349,924.4128514329075,961.3391523537564,966.8225918100328,1096.9335331699697,886.143113533912,945.0563044613809,974.0173060834395,1069.3108586384622,849.2001568020645,931.4441842432601,950.8626562383218,1026.7947151434328
207,8.28,424.49737548828125,158.05872917175293,133.75480662119378,139.52561843552266,-13.238562643301321,407.7640914916992,191.41320705413818,115.35879165484806,120.33591281097866,-822.0490625797918,376.1125946044922,208.12597274780273,100.52743380185414,104.86466038310796,-1449.139171181209,348.29639434814453,217.16500282287598,72.06067359509402,75.16971017505625,-1511.8572280059886,327.45216369628906,225.907244682312,55.81138229651261,58.21934797989095,-1601.3846489265277,365.66593170166016,195.99642276763916,197.6856109792553,206.21469855509682,1854.8912221159937,320.7406234741211,206.85423374176025,134.77433110963045,140.5891300083228,1200.1873283810828,308.9915466308594,212.700834274292,103.64832638875465,108.12020296328117,282.83417754373727,310.17709732055664,213.10007572174072,95.23312597936714,99.34193120588617,-247.88291090519897,362.0399856567383,173.46837043762207,215.010965424374,224.28755032494706,2112.5293398502663,312.5337600708008,183.20149898529053,117.34185439793723,122.40453421319538,367.0543502708984,308.366641998291,194.8858880996704,134.51603528138622,140.31969008249527,897.1089974770507,316.0586357116699,199.14062976837158,173.1211560007207,180.59041738725642,1623.5321029806046,360.71849822998047,154.5981216430664,195.1883213378471,203.60966408619055,1328.455820263354,313.8697052001953,161.03572368621826,99.06502115182928,103.33915236917524,-589.3491908252624,312.61314392089844,174.65867042541504,163.64658614746784,170.70707000274305,1866.1656233580977,321.1386489868164,180.09326934814453,222.95765081271966,232.57709311843777,3546.5599031851243,362.84034729003906,140.8568286895752,172.11195483689278,179.53767453587068,892.1552025866276,327.2683334350586,143.48331928253174,139.17816402558202,145.1829650009226,253.5602284757907,324.20948028564453,153.890962600708,214.05789308143795,223.29335795593147,2800.1109624524447,330.8174133300781,159.1981029510498,300.25824375965044,313.2127974254869,4867.302859613539,751.0096537384237,794.7032927019723,831.4049696400741,993.7181909706886,1266.6685047286219,972.9637551736282,1077.2433804232014,1073.939722401466,1269.5454423602703,933.3843534459054,966.2353337222842,972.4353794133326,1104.1571498654598,894.2875000973596,949.189870556148,980.8455888835492,1078.6139423631998,856.3816637834992,937.2515028432971,959.794390556559,1039.3232270404524
208,8.32,426.1357116699219,163.59100341796875,144.24415884927458,150.46753068212976,273.5478061651776,410.2223587036133,196.07614517211914,131.7812334355966,137.46689601496647,428.27458009969524,378.4626770019531,211.21524810791016,97.03900480419777,101.22572414177445,-90.97340603333777,349.6719741821289,218.80270957946777,53.46905238225954,55.77595893001737,-484.8437811259721,328.5737609863281,226.717529296875,34.59174068347511,36.08419116699118,-553.3789203224942,368.7672805786133,201.4530372619629,156.90962087345503,163.6794403423198,-1063.3814553194256,323.74828338623047,211.84893608093262,145.75893969977375,152.04766630715253,286.46340747074316,317.26783752441406,219.37969207763672,265.87606665516523,277.34721139649974,4230.6752108304645,322.5551986694336,220.1865291595459,356.57679338507353,371.9611943196119,6815.481577843143,365.72608947753906,179.42401885986328,175.10195156512808,182.65667379403354,-1040.7719132728382,314.9030876159668,191.19651317596436,208.46757080742546,217.46184287068684,2376.4327164372867,314.44801330566406,201.9496250152588,233.0228746695083,243.0765780998462,2568.922200433773,324.0273666381836,204.1707944869995,235.5886638769264,245.75306752840237,1629.0662535286488,364.6676254272461,160.22862911224365,171.93425338745732,179.35230620963483,-606.4339469138929,317.06079483032227,166.86813354492188,166.2078100365001,173.3787971435936,1750.9911193604592,316.83155059814453,179.870867729187,167.6341918212135,174.86671975112228,103.99124370948059,325.1866149902344,184.80659008026123,155.32510479762428,162.02656078616724,-1763.7633083067633,366.82552337646484,145.24100303649902,148.11864573721988,154.50918116794665,-625.7123341981007,329.05174255371094,148.39399337768555,130.61218394857684,136.24740823147235,-223.3889192362561,326.9581985473633,158.02871704101562,124.18852576474092,129.54660320353477,-2343.6688688099175,334.49901580810547,162.3005247116089,120.36199978244689,125.55498288254533,-4691.445363573538,757.0283549657089,800.2019685425709,835.4539986057451,995.9492293278894,1268.1118723753016,979.5109327873209,1083.3252870754875,1085.033610857326,1284.4238901330546,940.6906203976667,974.9338074371116,982.1584425373263,1113.987272566596,901.461592345745,956.1250224418916,987.8402576735941,1085.0950047946465,862.562031030217,942.701399172556,964.9762546847005,1044.3454263557542
209,8.36,430.69549560546875,167.11627006530762,144.09010738447478,150.3068327121647,-4.01744924912677,413.62060546875,199.08705711364746,113.50570414190648,118.40287438200791,-476.6005408239639,383.15452575683594,211.55364990234375,117.60091547573958,122.6747724050483,536.2262065818463,357.2800064086914,213.275785446167,235.09179687900127,245.23476334990622,4736.470110497221,339.42626953125,210.7075595855713,483.5390831375891,504.4012347428235,11707.926089395807,371.2594985961914,205.55827617645264,120.06284081727262,125.24291679175666,-960.9130887640785,329.4917297363281,215.48449516296387,169.93466725367944,177.2664485198952,630.4695553185667,315.82523345947266,221.00219249725342,54.27714816017093,56.61891976272628,-5518.207290844337,313.03192138671875,222.53427028656006,245.20998476171692,255.78949747457148,-2904.29242112601,366.9113540649414,183.8005828857422,113.35553806157705,118.24622943028413,-1610.261109093735,320.63148498535156,196.29830360412598,191.77265510633913,200.04662993916224,-435.3803232881148,315.366153717041,206.53603076934814,116.93507695551459,121.98020647759199,-3027.409290556355,321.7478561401367,210.01562118530273,156.8402197379232,163.60704491519598,-2053.6505653301597,365.3697967529297,164.528489112854,108.92038547564545,113.61972348974949,-1643.3145679971335,321.38633728027344,172.2833776473999,173.26855271469603,180.74417348912883,184.13440863838062,317.6639747619629,185.41391372680664,140.13004879449412,146.17591855838202,-717.2700298185064,323.9724349975586,191.86368942260742,179.01969895509615,186.74345124351652,617.922261433732,367.77088165283203,149.52163696289062,109.5945056859339,114.3229284183526,-1004.6563187398511,332.81009674072266,153.86878967285156,166.01698081181345,173.17973464810228,923.3081604157484,329.7206497192383,163.5602331161499,154.57362033684484,161.24265374922697,792.401263642305,335.97721099853516,168.6151885986328,162.13428274715216,169.12951871676364,1089.3633958554578,763.0406282741955,804.9380835178512,840.3609895019471,1005.7586198618856,1288.2879217650145,984.5206494589912,1090.4159450162833,1087.298367647835,1294.6554700320376,945.4204695748782,982.9356726346781,987.03765079643,1120.5315543632037,906.0063812853349,963.3547893814568,993.6872944159295,1092.5647428443872,867.1349481669511,949.6285885584801,971.4259608346697,1051.1106071044246
210,8.4,431.47029876708984,169.7953748703003,69.72231751469936,72.73046640893477,-1939.409157580748,413.98338317871094,201.88067436218262,70.42684590302568,73.4653914674787,-1123.4370728632302,384.2615509033203,213.6699342727661,59.70848040397366,62.28458523964301,-1509.7546791351324,359.18060302734375,215.24881839752197,68.48871501005324,71.44364048684425,-4344.778071576549,342.2984313964844,212.020583152771,78.9515067467384,82.35784629746189,-10551.084711134039,373.1642532348633,209.19974327087402,102.7386637094811,107.17129315510651,-451.7905909162536,333.05213928222656,218.9168930053711,123.63724935038414,128.97154213032877,-1207.3726597391606,321.32843017578125,222.85746574401855,145.1878372113005,151.45192376969018,2370.8251001740978,318.8547897338867,223.23617935180664,146.62552669199087,152.95164194041487,-2570.946388353915,367.97584533691406,187.80120849609375,103.49561265552147,107.96090044091798,-257.1332247341537,322.94212341308594,202.40542888641357,163.24067576219926,170.2836467332198,-744.0745801485612,317.8648567199707,210.75628280639648,122.61230554337853,127.90237742405301,148.05427366152557,322.7259826660156,212.65455722808838,70.3594118550474,73.39504799732269,-2255.2999229468323,365.4848098754883,168.84894847869873,108.04974881471294,112.71152346600546,-22.705000593600744,322.2340774536133,177.44268894195557,130.71236656210056,136.35191319440779,-1109.806507368026,317.8808784484863,189.53845024108887,103.2558977337216,107.71084308928145,-961.6268867275143,322.90977478027344,195.8689785003662,103.59653509473176,108.06617714910176,-1966.9318523603688,366.94568634033203,153.94751071929932,112.55361447838746,117.40970708982397,77.16946678678411,333.11065673828125,158.16325664520264,107.62429700335628,112.26771566130974,-1522.8004746698136,329.82250213623047,167.2757863998413,92.92372584140293,96.93289267781968,-1607.7440267851823,335.3493118286133,173.04039001464844,111.73815636314457,116.55906627390354,-1314.2613110715026,765.9498469305529,807.8766991765503,842.8523729115327,1008.6163654813593,1291.5822356169128,988.8075011851956,1095.5748067014965,1093.3564445986226,1300.7735357096542,949.7389055925149,989.7470185040069,992.153745893392,1123.4673562830967,910.5148422239752,968.8088659092332,997.9957281395007,1096.8873899303512,871.8313364505441,954.1192971849325,975.3032765417825,1055.772969755381
211,8.44,429.89410400390625,172.54411697387695,79.21479140390396,82.6324902937681,247.55059712083317,412.58392333984375,204.99958992004395,85.46242631147771,89.14967757293137,392.10715263631675,383.73924255371094,216.41690254211426,69.90458088028463,72.92059347385175,265.90020585521864,358.2631301879883,217.82528400421143,68.3736582748093,71.32361966257923,-3.000520606625301,340.8647918701172,215.00547409057617,82.78321162135546,86.3548689525613,99.92556637748535,373.3734893798828,213.04850578308105,96.3611456959988,100.51861900160952,-166.31685383742473,332.3283386230469,221.67720794677734,71.34084546202976,74.41882526878504,-1363.8179215385933,319.5405578613281,223.88061046600342,51.498255643476995,53.72013274525747,-2443.294775610818,316.6947937011719,223.47490310668945,54.32869805918193,56.67269376697697,-2406.9737043359473,368.5973358154297,191.49497509002686,93.64214484322002,97.68230765629029,-256.96481961569225,323.30921173095703,205.2535629272461,71.79232787903945,74.88978676196297,-2384.8464992814206,315.62185287475586,211.85199737548828,62.40821593833117,65.10080007004075,-1570.0394338503068,318.8552665710449,212.74246215820312,96.7928534442359,100.96895265374344,689.3476164105188,366.1444091796875,171.97254180908203,79.81191380252675,83.25537536275482,-736.403702581266,322.7074432373047,181.11069202423096,92.46053812556855,96.44972086414006,-997.5548082566931,316.04454040527344,190.92029571533203,57.45451637837786,59.93337459871758,-1194.436712264097,320.08190155029297,195.89838981628418,70.70065430365636,73.75101325106839,-857.8790974508344,367.3200225830078,156.05647087097168,53.54811238457978,55.85842995289796,-1538.7819284231502,332.8526306152344,160.27968406677246,53.30245368969481,55.602172385833754,-1416.6385818868996,327.3207092285156,168.60321521759033,70.80357962032562,73.85837925027035,-576.8628356887334,331.17969512939453,174.64642524719238,111.70567517637686,116.5251836958806,-0.8470644505734981,769.2551465423036,811.4426862794676,845.7691966504868,1011.4693102678625,1295.0364303750152,992.8282459452599,1098.551559712248,1095.505249908433,1303.040443460333,953.6461978987666,992.7426099744854,994.7577778961937,1127.5061143892462,913.8450572384853,972.6668547437988,1000.3930631234493,1099.837430460394,874.06567364866,956.3433840803658,978.2576117117932,1060.4339771032162
212,8.48,427.4314498901367,175.485577583313,95.9063860000007,100.04423883220458,435.2937134609121,410.0370788574219,206.86477661132812,78.91980981899592,82.3247818150893,-170.62239394605177,381.31629943847656,217.93965339660645,71.5429220141585,74.62962035435481,42.72567201257651,356.5890884399414,219.04187679290771,51.735588498825265,53.967705256885544,-433.8978601423422,339.08275604248047,216.19603157043457,53.57867348481382,55.89030960281813,-761.6139837435794,371.36383056640625,216.12157344818115,91.79621935593192,95.75674025646455,-119.04696862862423,329.36004638671875,222.3888874053955,76.31041234681241,79.6028026560031,129.59943468045162,316.0472869873047,223.35172176361084,88.32703669750197,92.13788073200591,960.4436996687109,314.94171142578125,222.41626739501953,51.19818743319712,53.407118180250386,-81.6393896681646,367.42557525634766,194.96440887451172,91.54914524705158,95.49900620778422,-54.58253621265179,321.49723052978516,205.5005407333374,45.71839010522699,47.6908966073562,-679.9722538651691,313.3982849121094,210.35551071166992,67.00618823798123,69.89715053298123,119.90876157351202,317.6112174987793,210.64631938934326,60.93784026391389,63.56698546936895,-935.0491796093623,365.9375762939453,174.77172374725342,70.17032566196234,73.19780373601904,-251.43929066839448,321.6687774658203,181.56143188476562,28.30628250415493,29.527548742140166,-1673.0543030499973,314.44847106933594,189.85469341278076,47.97750509563401,50.0474804499555,-247.14735371905192,318.55072021484375,194.58609580993652,50.41472900554482,52.58985766903531,-529.0288895508269,368.04859161376953,157.2956943511963,35.938207962809784,37.48875138129752,-459.24196429001097,332.4459457397461,160.1846694946289,10.440915814433545,10.891386058130935,-1117.7696581925704,327.9054260253906,167.29253768920898,35.87974111486521,37.42776199838475,-910.7654312971398,333.3590316772461,172.80713081359863,71.29389789039855,74.36985215797608,-1053.8832884476128,773.2569160955917,814.7356775520711,848.754381464661,1013.6280184781378,1297.272042759128,996.6585155555185,1101.735671818488,1099.1907651377132,1305.1767281875432,957.466158147078,994.6502458387797,997.5536639175131,1130.0487938080212,916.7729693879261,973.8479566934843,1002.3949623414477,1101.9410247671553,875.5652237039119,956.779039522691,979.7547221917285,1063.4087711895352
213,8.52,425.69515228271484,176.7184066772461,53.236482770199814,55.53335517040936,-1112.7720915448806,408.53004455566406,207.33930587768555,39.499449452685184,41.20364158842354,-1028.028505666644,380.71292877197266,218.75361442565918,25.33017861679466,26.423041727388085,-1205.1644656741682,356.8196487426758,220.2152967453003,29.896409043039423,31.186280823125745,-569.535610843995,339.64759826660156,216.99688911437988,24.500249282458615,25.557305335880564,-758.3251066734391,369.8963165283203,219.1966724395752,85.1830061501851,88.85820191091558,-172.46345863872426,328.38016510009766,224.0319299697876,47.8262232219048,49.88967156425368,-742.8282772937356,313.6298179626465,224.7063446044922,69.2782412008784,72.26723055309064,-496.76625447288177,311.28063201904297,223.91183853149414,98.869343854336,103.13503263220113,1243.1978612987687,366.0201644897461,198.1393575668335,86.80250076234611,90.54756914206644,-123.78592664294459,319.8480987548828,207.6783800125122,68.29448887405368,71.24103452129992,588.753447848593,309.821834564209,211.12983226776123,91.4828227156077,95.42982221021674,638.3167919308878,312.7484893798828,210.53492546081543,121.60009602591654,126.84649642450002,1581.9877738782766,364.5675277709961,177.3730230331421,73.50081177272912,76.67198269103554,86.85447387541245,320.3865051269531,185.02737522125244,92.38839741399245,96.37446766276884,1671.1729730157167,311.98856353759766,191.93387031555176,80.52220834077049,83.99631535005939,848.7208725025972,315.25875091552734,195.51518440246582,85.51413435950889,89.20361654949522,915.3439720114978,366.6250228881836,159.00126457214355,55.540062652154944,57.93632232923212,511.189273698365,330.7255172729492,163.78262042999268,99.70307493581275,104.00473479611222,2327.833718449532,325.7355499267578,170.28762817382812,92.46259140347676,96.45186273012007,1475.602518293383,330.7143020629883,174.73709106445312,81.8510129076399,85.38245079936311,275.31496603467576,775.4782503024081,816.3838232156081,849.8113031337565,1014.8754697110629,1298.2943349725633,1000.2128436319551,1103.7312586810583,1102.0814543598367,1309.3021294928312,961.0880609127605,997.4998872196317,1001.3708568059217,1135.122653665001,919.8398486955675,977.702935399995,1005.7548149554501,1105.509169429135,877.8826765970812,960.9392289145355,983.6127967009332,1066.8240692215097
214,8.56,421.56158447265625,179.0055513381958,118.10327456421177,123.19880562872372,1691.6362614578588,404.5344543457031,208.50563049316406,104.05843981450637,108.54801061223375,1683.6092255952553,376.7086410522461,220.04030227661133,105.14836472854918,109.68496001630857,2081.547957223012,352.5966262817383,220.19542694091797,105.57673013828854,110.13180712573272,1973.6381575651744,334.5952606201172,215.74012756347656,130.15751344503752,135.77312110270861,2755.3953941707014,367.2949981689453,221.21100425720215,82.25110135404627,85.79980094418333,-76.46002416830626,320.98358154296875,223.72641563415527,185.07226177710046,193.05715010932008,3579.1869636266597,308.36883544921875,223.78668308258057,133.5189928471723,139.2796305455387,1675.3099998112016,310.3677749633789,222.82151699066162,35.55022034459721,37.084024151346455,-1651.275212021367,364.14695739746094,200.3772497177124,72.96003225033907,76.10787139511457,-360.99244367379663,314.5391654968262,206.57631397247314,135.55285384100938,141.40124187409964,1754.005183819993,306.9192695617676,208.8595676422119,92.12418610026583,96.09885702957662,16.725870483996985,312.88185119628906,208.61510753631592,48.111109926039866,50.18684962149597,-1916.4911700751013,363.22093963623047,179.69617366790771,67.13013703110312,70.02644706034751,-166.13839076720075,316.5208435058594,186.1672067642212,100.7551354619942,105.10218616444165,218.1929625418203,311.3150978088379,191.96996212005615,16.86080340179379,17.58825780831626,-1660.2014385435784,317.21826553344727,195.4099416732788,49.058470024862864,51.175083293305356,-950.7133314047467,365.50952911376953,161.11610412597656,59.774956603984286,62.353929535762354,110.44018016325587,328.32408905029297,165.7664966583252,77.87258181603787,81.23237146777721,-569.3090832083751,325.8696746826172,171.6696310043335,34.71240118512397,36.21005753051542,-1506.0451299901163,333.1673049926758,175.51780700683594,64.35614168314737,67.13276849852257,-456.2420575210137,780.4062025275571,820.7257436400974,854.1987015344088,1019.2807419960923,1303.7252598166717,1003.6448356697225,1111.453544685431,1107.6526395816584,1310.785490458885,964.1323757685651,1003.1559368945957,1005.2148110871047,1137.130127649861,922.6409065779814,981.9070228465727,1006.4583452677828,1107.5561727608674,880.3768337785117,964.1885237732465,985.0611990021539,1069.5093799614506
215,8.6,420.1024627685547,178.53477001190186,38.32974697091782,39.98347263691539,-2080.3833247952084,404.1667938232422,209.5808458328247,28.408430597467504,29.63410398491219,-1972.8476656830392,376.1478042602539,222.43592262268066,61.50983025985284,64.16365380554572,-1138.032655269071,351.45103454589844,224.70128059387207,116.23009928334068,121.24481275098096,277.82514063120584,333.0897521972656,222.37220764160156,170.02029616699352,177.35577186750353,1039.566269119873,365.73265075683594,222.6743459701538,53.5157593902789,55.824681098168156,-749.3779961503794,320.9571075439453,226.74578189849854,75.48705812454905,78.74392505784589,-2857.8306262868546,307.86563873291016,228.87577056884766,127.84761040537684,133.3635579753998,-147.9018142534727,309.3960952758789,229.45361137390137,167.57244202750846,174.80230578071925,3442.95704073432,361.71226501464844,201.16666316986084,63.98681796549057,66.7475104176305,-234.00902443710194,313.4045219421387,208.9027976989746,64.71061797470928,67.5025385654853,-1847.4675827153585,304.3873596191406,214.15666580200195,146.77750353857076,153.11017578336669,1425.2829688447516,309.5075988769531,216.05574131011963,204.24955579880157,213.06184284440508,4071.8748305727277,359.87754821777344,180.2224588394165,84.61398472904078,88.26463022782035,455.954579186821,314.29454803466797,188.18032264709473,75.0376034187404,78.27507876087273,-670.6776850892229,307.6055717468262,195.7897710800171,133.1153731151619,138.85859675883506,3031.75847376297,312.7414131164551,200.072922706604,161.60445476664484,168.57683146378074,2935.043704261884,361.5475082397461,161.91860675811768,101.06192371756184,105.42221070911508,1076.7070293338181,325.14495849609375,168.55207443237305,105.67140878660253,110.23057065649735,724.9549797180034,321.89945220947266,174.5707368850708,122.93057445543818,128.23437795476806,2300.608010606316,328.3024597167969,177.68320083618164,133.12505867231044,138.8687001964997,1793.3982924494285,782.0055414330336,821.9111077994941,856.7652476866306,1024.1305345061314,1310.8194906913718,1005.8778229136493,1114.603301687745,1112.9871819006744,1317.7775826901138,966.8022761852703,1005.856038437215,1011.3392181184395,1145.6526013636371,926.1714917870942,985.0380259970075,1012.012689138136,1114.2992460194184,884.5937222068762,968.5977465995065,990.1905741203445,1075.0641279693107
216,8.64,417.8487777709961,175.42777061462402,95.95748186991952,100.09753921841138,1502.8516645374,406.5240478515625,208.6479949951172,63.37811747482309,66.11254772322121,911.9610934577256,378.38294982910156,225.63886642456055,97.64324321202437,101.85603223809032,942.309460813615,351.3568878173828,233.11273097991943,210.29943117407993,219.37273831438367,2453.198139085068,330.83778381347656,236.12966537475586,348.5138132853493,363.5503393136051,4654.864186152539,369.5792770385742,222.62988567352295,96.1720803733345,100.32139651117478,1112.4178853251656,324.5025634765625,240.26372909545898,349.37905113030644,364.4529075910455,7142.724563329991,312.442569732666,246.94581985473633,466.01701858071385,486.1231858612681,8818.990697146708,312.6758575439453,247.47608184814453,457.96170864085263,477.720331941917,7572.950654029944,362.37213134765625,201.14351749420166,16.50680351663552,17.218984702171415,-1238.213142886477,313.85181427001953,217.55591869354248,216.61684689390555,225.9627170784313,3961.5044628236506,307.5537872314453,227.36688137054443,339.6101249883163,354.2625040022436,5028.8082054719225,313.5225486755371,230.74376106262207,380.6718945948166,397.0958715882732,4600.850718596704,357.82203674316406,181.5395450592041,61.03197692913318,63.66518363333757,-614.9861648620695,312.3903274536133,194.48631763458252,164.68080641716688,171.7859114019683,2337.770816027389,308.4420967102051,206.0457944869995,257.2520531246148,268.35111733721004,3237.3130144593742,314.5642852783203,210.76244831085205,271.0959476854756,282.7923026594743,2855.3867798923384,356.9856643676758,165.72896003723145,148.59595305895473,155.00708177377282,1239.6217766164436,321.6804504394531,175.08885383605957,184.95320530979612,192.9329569857306,2067.5596582308317,319.92767333984375,184.3083143234253,248.3801600856355,259.0964490809647,3271.551778154916,327.32105255126953,188.3554172515869,267.9311516530345,279.490962432508,3515.556555900208,786.0094430017701,824.5556097084228,860.8394889761543,1032.905444038707,1325.361504263916,1009.8906787740963,1129.1814179913868,1132.432109335125,1336.8863959677908,967.4910355733572,1014.8945471203522,1025.5097182785291,1161.5364362271682,928.7180991324276,991.9094624530861,1022.7467338316244,1125.6109381257975,890.7940054778271,976.3150648789357,1000.554432083583,1086.243766466611
217,8.68,416.80824279785156,173.55463027954102,53.568692729824555,55.8798982310887,-1105.441024683067,412.06058502197266,208.13226699829102,139.0126325330805,145.0102917008352,1972.44359944035,388.32469940185547,228.71273517608643,260.1526639169775,271.3768741295721,4238.021047287045,362.7277374267578,239.44786548614502,325.41334296840233,339.45320599523694,3002.011692021332,343.5730743408203,246.163330078125,405.3255267339814,422.8131774391255,1481.5709531380107,376.3066101074219,219.2712163925171,187.97883783551214,196.08912953738133,2394.193325655164,336.7235565185547,247.39314079284668,353.71349819033446,368.97436309536397,113.03638760796133,324.4783020019531,260.35964012145996,450.547878564202,469.98663434591106,-403.41378788392603,320.9165954589844,265.8515739440918,503.4682656040639,525.1902559286137,1186.748099667419,363.7883758544922,199.3923854827881,56.30392872915441,58.733145183584625,1037.8540120353302,319.3368148803711,228.89891624450684,314.98891363103996,328.5790177183842,2565.4075159988224,314.22168731689453,245.5198860168457,483.4721225405408,504.3313851504987,3751.722028706378,318.9693069458008,252.15170860290527,552.2496002387662,576.0762469068142,4474.509382963523,355.2299499511719,183.24236869812012,77.53435642697183,80.87955344372156,430.3592452595998,312.89356231689453,209.0337324142456,363.90290780919645,379.60339179704584,5195.437009876939,311.9619369506836,225.3309202194214,490.092688831544,511.23759382800597,6072.1619122698985,318.6001968383789,231.55094146728516,529.4159693920277,552.257465769159,6736.629077742118,352.3709487915039,172.10755348205566,196.82170577599828,205.31352041579098,1257.6609660504537,319.39592361450195,191.13585948944092,405.22019727980495,422.7033035766103,5744.258664771993,317.38330841064453,205.27347564697266,527.9747758033197,550.7540923067063,7291.44108064354,322.67234802246094,211.5088176727295,590.386740227291,615.8588025896983,8409.196003929756,788.2446389310136,830.3560213764562,871.6945639413372,1046.4835722785165,1342.2740313614809,1017.7342439555915,1143.9403925152014,1151.2315747089615,1357.8940062049355,969.8403613807006,1028.0377078290876,1045.682973684549,1184.5794861034408,931.9532812701765,1007.093598124968,1043.1962375847447,1147.7012367565637,899.0065462944589,993.2231970220001,1022.5845957758513,1110.878118570199
218,8.72,409.7939682006836,178.81402015686035,219.17634168365004,228.63264051851357,4318.818557185622,411.6874694824219,212.2278642654419,102.81394658723354,107.24982409049011,-944.0116902586276,393.79261016845703,235.93550205230713,226.4762811804862,236.24753375911712,-878.2335092613749,368.5383605957031,250.8874797821045,320.76872202940507,334.608194251117,-121.12529360299789,350.91552734375,262.44787216186523,446.58280795484745,465.8504919306519,1075.9328622881596,378.4462356567383,220.7823944091797,65.48690942342903,68.3123228805685,-3194.4201664203206,342.7607727050781,256.1097049713135,265.0783732692927,276.5151017639764,-2311.481533284689,331.6045379638672,272.83241271972656,359.1250611494444,374.61940634761095,-2384.180699957503,328.1722640991211,280.7987880706787,415.37929772190057,433.3007154210037,-2297.238512690251,360.31177520751953,203.45542430877686,133.6858176846531,139.45365299159428,2018.0126952002415,323.1051254272461,242.7169704437256,358.0666717161731,373.5153530133557,1123.4083823742878,317.66536712646484,262.87633895874023,442.369606038775,461.45551265638494,-1071.896812352844,321.62391662597656,271.85691833496094,497.0803777675097,518.5267645490766,-1438.7370589434397,347.32383728027344,191.9652271270752,294.31581330321586,307.01398255379206,5653.360727751762,311.49906158447266,226.76652431488037,444.6884730375462,463.8744264901851,2106.7758673284816,310.72776794433594,245.3459930419922,501.3271843498524,522.956798353062,292.9801131264014,317.14637756347656,253.3835220336914,547.0232882797915,570.6244472546485,459.1745371372383,340.7405471801758,186.92700862884521,470.95812744373245,491.2774774137384,7149.098924948686,314.6096992492676,212.76875495910645,553.9010008994379,577.7988967635599,3877.3898296737398,312.83599853515625,228.99184226989746,603.7585104799697,629.8074939392851,1976.3350408144702,317.0033264160156,237.00106143951416,652.8745564039828,681.0426372269851,1629.5958659321714,797.3899445517542,834.6460143400758,881.1444652917017,1059.867900048561,1360.9080510387068,1020.4667368708142,1155.0009965857605,1166.2163509628658,1375.2260348217758,975.4185075003644,1042.9783219496219,1064.1411941908045,1205.3205566854037,944.2338405723282,1025.6485751845753,1064.1145095188672,1170.5262146467496,918.6576453910084,1016.3351528925425,1047.7768955334227,1138.1198240592782
219,8.76,406.08924865722656,186.4340114593506,211.82129016239622,220.96025746139907,-191.80957642786254,408.88477325439453,219.68300342559814,199.1139843844066,207.70469871094176,2511.371865511291,391.79203033447266,243.67864608764648,199.93530082278554,208.56145060562787,-692.1520788372312,366.98230743408203,259.2824363708496,213.44876078450605,222.6579448251034,-2798.7562356503404,349.4929885864258,272.43186950683594,252.1207789687211,262.99845586620285,-5071.300901611226,377.9086685180664,226.30897521972656,138.8165918669415,144.805792917782,1912.336750930337,345.345458984375,262.7841567993164,178.9359354048209,186.656073739487,-2246.4757006122354,333.9334487915039,280.42113304138184,198.45103577990474,207.013147383773,-4190.156474095948,329.14661407470703,290.8439826965332,252.3084582240312,263.1942324878148,-4252.662073329722,359.2427444458008,210.48419952392578,177.7401681433336,185.40871545099967,1148.8765614851345,324.73506927490234,251.28029823303223,217.92673621773645,227.32912119209576,-3654.655795531499,319.8178291320801,272.3200035095215,242.1465114776842,252.5938515362098,-5221.541528004379,322.5143051147461,282.42344856262207,265.0994538765236,276.53709188780965,-6049.741816531673,345.8658981323242,199.78443145751953,198.84909938248768,207.42838532347824,-2489.6399307578454,311.628360748291,235.50250053405762,218.42332575728162,227.84713594135167,-5900.682263720836,313.1025695800781,253.62882614135742,215.4138559857862,224.7078234812014,-7456.224371796516,320.4756164550781,260.97679138183594,207.27634179824958,216.2192186360729,-8860.130715464391,338.9788818359375,195.2419137954712,212.4869300614063,221.65461619818655,-6740.5715303887955,312.3303031921387,220.94082355499268,212.10014073711258,221.2511389621932,-8913.693945034169,312.0453453063965,237.24745273590088,207.3346279184531,216.28001949379933,-10338.186861137145,317.7400779724121,244.94842529296875,199.53601660328334,208.14493938584522,-11822.442446028497,806.2283548502102,842.9542022885134,889.4869233159268,1068.7742178415651,1371.427989273355,1026.2589685875255,1162.46723953534,1174.4968768582166,1385.7538041212883,982.8348561184043,1052.0714867973056,1074.244948252253,1216.382040360916,952.5309759852673,1034.7624606222294,1073.102822458115,1179.1749833921926,927.5238300389359,1025.1851984510304,1056.4280963131748,1146.445621634712
220,8.8,403.2915496826172,193.80390644073486,197.07624094047256,205.57903742511564,-384.5305009070856,406.6781234741211,227.12229251861572,193.99150345806243,202.3612098507882,-133.58722150383855,389.4768524169922,251.70968055725098,208.95209295668215,217.9672695856475,235.1454745004908,364.61944580078125,266.46080017089844,188.93124070673218,197.0826235505205,-639.3830318645726,347.25658416748047,278.07286262512207,151.70346915452697,158.24867073783145,-2618.744628209285,377.31983184814453,231.64132118225098,134.1189818964282,139.90550594595746,-122.5071742956132,345.7398223876953,270.6364345550537,196.55436342003017,205.03464365246012,459.464247824328,334.1969680786133,289.03512954711914,215.450658817067,224.74621415981954,443.32666940116354,327.5484848022461,300.6368350982666,248.05994151317554,258.7624147723245,-110.79544288725742,358.7626266479492,216.51666641235352,151.28856917285344,157.81587001840882,-689.8211358147712,326.16615295410156,259.11463737487793,199.0993318144332,207.689413960144,-490.9926807987937,320.2273941040039,281.6467094421387,233.39235610306469,243.462000701244,-228.29627087414508,320.7771682739258,293.1488800048828,271.6299459125992,283.34934008313786,170.30620488320523,344.7369384765625,207.00565338134766,182.72348641032983,190.60703751977468,-420.533695092589,311.96971893310547,243.29724311828613,195.0553404881632,203.4709458168369,-609.4047531128695,313.2828903198242,262.6581573486328,225.77828950634827,235.5194274393738,270.29009895431034,319.5857048034668,271.3259983062744,259.6849373670416,270.8889676551279,1366.7437254763747,336.7469024658203,203.13401699066162,205.0411921300262,213.88763409243822,-194.17455264370815,310.87818145751953,228.95208835601807,203.5451750292513,212.32707177360595,-223.10167971468147,311.1881637573242,246.39947891235352,229.80201171680397,239.71675196182292,585.9183117005898,317.00353622436523,255.20939826965332,257.1843455758765,268.2804885661841,1503.3887295084717,814.4515163472148,851.048650682545,898.2056140993527,1076.6575227835858,1377.7579361028684,1031.8551888253637,1170.6686252814384,1183.4867254246094,1396.1043007121814,989.1474909191406,1060.3790633557114,1083.9834282803029,1227.7160139642417,960.1552574860583,1042.9012984549029,1082.52359955569,1190.0105420983978,936.0793354026334,1033.6782813219745,1066.0167663916477,1157.1768411773594
221,8.84,400.0770950317383,200.3514862060547,182.35185680056605,190.2193740597385,-383.99158413442865,401.66629791259766,234.31726455688477,219.2116815013132,228.66950506222165,657.7073802858358,385.0122833251953,258.6046600341797,205.3550571003428,214.21504067463823,-93.80572277523171,360.6514358520508,271.87110900878906,167.73592466020318,174.97284182354574,-552.7445431743694,342.79354095458984,280.32033920288086,124.92474156392979,130.31458281696837,-698.3521980215769,375.3871536254883,241.2224006652832,244.35160268109405,254.8940807514023,2874.714370136121,343.4889221191406,278.10218811035156,194.94234430887198,203.35307445060545,-42.03923004636678,330.2941131591797,294.34584617614746,164.76496069398547,171.87369649032303,-1321.812941737413,320.73246002197266,304.45507049560547,195.31563454251597,203.74247018165102,-1375.4986147668376,357.80853271484375,224.60260391235352,203.55079293491914,212.33293206216243,1362.9265510938403,324.3537139892578,265.6700134277344,170.0328832087481,177.36890197347464,-758.0127996667343,316.0661315917969,286.2787628173828,155.66796428337906,162.38421284365103,-2026.9446964398242,313.6466598510742,296.19744300842285,193.87155341054768,202.23608459373287,-2027.8313872351248,343.9360046386719,212.8478193283081,147.4203131451499,153.78071922146725,-920.6579574576857,311.2339973449707,248.43372344970703,129.72258007552426,135.31942266081677,-1703.788078900503,310.9395980834961,267.55236625671387,135.65650403863708,141.5093640290359,-2350.2515852584474,315.4142761230469,275.7583808898926,152.16527322986576,158.73039921425303,-2803.9642110218715,335.4170608520508,206.19864463806152,83.51804196894005,87.12140333948841,-3169.1557688237453,309.0902900695801,231.25059127807617,72.79968791904997,75.94060905478538,-3409.6615679705137,309.3547248840332,248.06299209594727,61.89090307794052,64.56116789835312,-4378.889601586745,314.7343063354492,255.81015586853027,58.68514495465502,61.21709828317387,-5176.584757075256,822.0602913096044,860.1954308850338,906.7742157263382,1083.6564364565277,1382.970519415547,1042.0509520554197,1178.8027482594625,1190.3616732842224,1404.2539995194475,997.6408082016272,1067.4738194346503,1090.4787967940488,1235.805457347991,966.306486254917,1048.3140753613357,1088.1839741168515,1196.3597580669677,939.564191536213,1036.7159056841658,1068.5992131075818,1159.6255251086864
222,8.88,395.3253936767578,207.7858543395996,220.579485832193,230.09632290888996,996.9237212287865,395.1531219482422,241.82172775268555,248.41803099788552,259.13595392259157,761.6612215092481,376.6982650756836,266.35608673095703,284.17370929671523,296.4343004512113,2055.481494414327,352.5048828125,280.5344295501709,297.2997742482982,310.12668561671205,3378.846094829158,334.547119140625,288.17041397094727,284.6347951740836,296.9152797432222,4165.017423156345,370.2061080932617,251.0877799987793,278.57779680994935,290.5969539651273,892.5718303431246,336.54598236083984,286.7461681365967,277.1763914702133,289.1350854039527,2144.5502738336813,322.53448486328125,300.1892566680908,242.84418547169992,253.32162646961547,2036.198249482311,314.80499267578125,305.9256076812744,152.6788884280513,159.26617418918661,-1111.90739981161,354.97798919677734,232.95883655548096,220.56546731318855,230.08169956500382,443.7191875710347,319.82336044311523,272.07301139831543,196.09067778758592,204.55095243970487,679.551261655756,311.2076950073242,289.1113758087158,140.59716925495616,146.66319279380022,-393.0255012462702,309.3362617492676,295.4684257507324,109.29031852727384,114.00561719414824,-2205.761684989616,341.8345260620117,219.10028457641602,164.90439254109998,172.01914408349515,455.96062155069745,307.11448669433594,253.33720207214355,160.10635254687986,167.01409406411247,792.3667850823925,307.47314453125,269.7692012786865,102.86720123697125,107.30537639643651,-855.0996908149848,312.83557891845703,275.42158126831055,65.01496586391318,67.82001745490557,-2272.7595439836864,333.1595230102539,209.84576225280762,107.2320614454235,111.85855721552795,618.4288469009886,305.4441452026367,233.3309841156006,104.94762607236612,109.47556054981179,838.3737873756602,306.6717338562012,247.87782669067383,67.23432476578303,70.13512994421411,139.34905114652486,313.30543518066406,253.38360786437988,70.39978690230227,73.4371650141231,305.5016682737307,831.2641442259599,870.5608690419375,918.6315877443866,1096.0615038811964,1394.847130605276,1053.674830214025,1190.3681516756205,1200.494538343007,1410.6246464870148,1006.8440761842273,1075.6558575322385,1096.3453245058008,1240.365682035757,973.1872520182568,1054.9946391239,1092.476189172709,1199.072558765164,944.0385338248342,1041.0949281061582,1071.4046183053504,1162.5630117092512
223,8.92,391.4649963378906,210.32020568847656,115.4491348318798,120.43015381782698,-2741.6542272765746,391.3215637207031,244.6483612060547,119.03438350621596,124.1700869923304,-3374.146673256529,372.5682067871094,268.601131439209,117.52023019748212,122.59060598417791,-4346.0923616758355,348.9159393310547,281.4286708831787,92.46682808806487,96.45628220521934,-5341.760085287317,331.4447021484375,287.9849910736084,77.69882899805857,81.051122135541,-5396.60394019203,365.47718048095703,256.7940616607666,185.2775060017242,193.27124953568347,-2433.1426107360953,332.74906158447266,288.94749641418457,109.7225294997479,114.45647578198091,-4366.965240549294,319.04157638549805,301.8666172027588,96.86959016324275,101.049000155935,-3806.8156578420117,311.79473876953125,307.3891067504883,83.67891799044742,87.28922030965406,-1799.423846988314,351.4835739135742,238.63948345184326,166.7346082338529,173.9283238943184,-1403.8343917671355,316.15943908691406,274.7578811645508,113.55847988501262,118.45792711903688,-2152.3256330166996,308.16946029663086,290.6289768218994,84.90429535835419,88.56746622389842,-1452.393164247545,306.4058494567871,296.24731063842773,75.80393241861194,79.07447080018063,-873.2786598491903,339.6398162841797,223.6335325241089,125.91437557963039,131.34691430137258,-1016.8057445530643,303.4959030151367,254.83878135681152,97.94414285547823,102.16991410821129,-1621.1044988975295,304.0824508666992,269.8158931732178,84.77537842675683,88.43298720918253,-471.80972968134967,309.4915962219238,274.17500495910645,89.21943723687119,93.0687836303243,631.2191543854684,332.0743179321289,212.38340377807617,68.99861670875912,71.97554174445473,-997.0753867768306,303.0498504638672,234.66125965118408,68.47572697985494,71.43009209190087,-951.1367114477729,305.10990142822266,246.64169311523438,49.795498977154,51.943911143092784,-454.7804700280333,312.438907623291,249.49951171875,99.48954994176464,103.78199732896175,758.6208078709664,836.0813503786729,875.5276725216307,923.5352119837537,1099.9197551694049,1398.0891754906977,1061.405680195452,1194.9464107069,1204.5364983492443,1414.1162152994011,1013.80120914,1080.394174617,1099.8880231547569,1243.528660867764,978.4411285903117,1059.0814356882286,1096.0135086610762,1202.795310110377,946.9175554946123,1043.9521317898343,1073.4823747510738,1166.7142916024097
224,8.96,388.78894805908203,212.55585193634033,87.17564358846809,90.93681110573579,-737.3335678022797,387.5215148925781,246.91128730773926,110.57012943664846,115.34064516900628,-220.73604558310294,368.7629699707031,270.1578140258789,102.78341276859477,107.21797289922162,-384.3158271239073,345.16895294189453,281.8483829498291,94.26049417519584,98.32733548842987,46.77633208026322,327.9668426513672,287.2620964050293,88.80485411571773,92.63631344227574,289.62978266836853,361.0317611694336,259.72249031066895,133.0823222972213,138.82411997306977,-1361.1782390653425,327.58453369140625,289.8551845550537,131.09215775394284,136.74809036558216,557.2903645900311,313.5819435119629,301.90595626831055,136.49436498410893,142.3833742387102,1033.3593520693796,307.7260208129883,306.5087413787842,104.07181714323195,108.56196510187492,531.8186198055216,347.9939270019531,240.94688415527344,104.58768323151367,109.10008808089627,-1620.7058953355531,312.92369842529297,275.13925552368164,81.45345308468583,84.96773837471075,-837.2547186081533,304.59707260131836,290.00158309936523,90.67654302759152,94.58875582206774,150.53223995423295,303.55228424072266,295.2217483520508,75.80654838786889,79.07719963466221,0.06822086203932543,336.70997619628906,225.40160179138184,85.54980959390723,89.24083098139491,-1052.6520829994417,301.20779037475586,255.5837345123291,60.158201118936525,62.75370902265715,-985.4051271388535,300.9815979003906,269.2119026184082,78.97821578196411,82.38570768616127,-151.18198807553148,307.20584869384766,273.0281925201416,63.932682038760625,66.69103881225509,-659.4436204517305,329.5250701904297,213.23533058166504,67.19581147303617,70.0949550067727,-47.01466844205093,300.96216201782227,233.93488883972168,55.261071308686695,57.64529398625969,-344.61995264102967,302.2404479980469,244.9563503265381,83.19458855357624,86.78399462159813,871.0020869626336,310.0347900390625,247.58522987365723,76.82877204069021,80.14352682650097,-590.9617625615194,839.7188228229024,880.141298328391,927.8239308997227,1103.8528485889422,1401.7946280283888,1066.958644994375,1200.4163343215232,1210.2318333187927,1418.458693903476,1018.1652126632358,1083.7928841519886,1103.6715733876395,1246.6917488531506,982.0107618295675,1061.5915840491348,1099.3089369685229,1205.4629516628672,949.7213536948833,1046.2579435492848,1076.9537345359379,1169.9200326754699
225,9.0,389.7137451171875,211.48876190185547,35.30165311619128,36.824732562937506,-1352.801963569957,388.48602294921875,244.9881362915039,53.78653190258076,56.10713601091946,-1480.8377289521704,369.9237823486328,268.0714416503906,59.68895975154969,62.26422237440831,-1123.8437631203328,346.2076187133789,279.86151695251465,56.04943730837976,58.46767380526863,-996.4915420790309,328.45264434814453,285.5277156829834,45.02832287569263,46.97105663004945,-1141.631420305657,362.2493362426758,258.04956436157227,51.72747269429071,53.959239298349985,-2121.6220168679947,328.71639251708984,288.04224014282227,53.431450494530054,55.7367347198949,-2025.2838911421816,315.00457763671875,300.5108642578125,49.81321091509857,51.96238725739353,-2260.5246745329164,308.72838973999023,305.5348205566406,34.93981641358309,36.4472845221575,-1802.8670144929354,349.09568786621094,239.894757270813,38.08582399507864,39.729025675985,-1734.2765601227818,312.8879928588867,274.399938583374,18.504466111222445,19.302835862187123,-1641.6225628130906,304.10289764404297,289.4321823120117,18.848510303153564,19.66172373964702,-1873.175802060518,302.50064849853516,294.50231552124023,31.854369130214412,33.22871652271781,-1146.21207779861,337.9251480102539,224.72206592559814,34.80671208923826,36.30843745086495,-1323.3098382632488,301.341609954834,254.23270225524902,33.941087192398314,35.40546542230204,-683.7060900088776,301.3857650756836,268.5728645324707,18.90305499223209,19.718621743302375,-1566.6771485714723,307.8817367553711,272.9491710662842,17.012294485894067,17.74628493070911,-1223.6188470386494,331.15272521972656,212.74028778076172,42.53181360112698,44.36683619668375,-643.2029702522236,302.4294090270996,232.87659645080566,45.22718047998679,47.178493887226516,-261.6700024758293,302.3885726928711,245.41963577270508,12.159726812487321,12.684354651449743,-1852.4909992537098,308.7733840942383,249.80712890625,63.87478115752424,66.63063981451776,-337.82217529958024,841.1918121254199,882.3855837688278,930.3144997946989,1106.1915555411529,1403.6734702935908,1069.1170145663089,1202.6458037103191,1212.3103288090886,1419.9165852843623,1019.7543736902752,1084.564997586476,1104.4580423372254,1248.0208975140592,983.4630993276021,1063.007802666027,1100.0976818382549,1206.1728030600957,951.4960271427507,1048.1450833047738,1077.4611087219957,1172.5852582680504
226,9.04,391.4791488647461,213.10393810272217,59.81975296536729,62.4006586229893,639.3981515012948,388.5674285888672,245.96981048583984,24.62609264062819,25.6885781687466,-760.4639460543216,370.47313690185547,269.22234535217285,31.882300692571736,33.25785318412254,-725.1592297571443,347.94776916503906,281.75597190856934,64.30922938687151,67.08383218501379,215.40395949362897,330.67333221435547,287.76111602783203,78.73822014874065,82.13535751188931,879.1075220459965,364.86095428466797,260.9457206726074,97.49445553212203,101.70082515747485,1193.5396464781218,329.8738098144531,288.5097885131836,31.20713338788962,32.55355598454593,-579.5794683837241,313.5002899169922,299.8880195617676,40.70332494950068,42.45945793966888,-237.57323294311624,304.4744300842285,304.709415435791,108.33243502748012,113.00640609232661,1913.9780392542277,352.74681091308594,241.86315536499023,103.69815138354201,108.17217764282253,1711.0787991709383,313.9385986328125,274.1568374633789,26.959120056451564,28.12226336663022,220.48568761107745,303.11559677124023,288.12469482421875,40.959481077128295,42.72666584812567,576.6235527119662,299.9494171142578,292.9006290435791,75.30845382842244,78.55761493186378,1133.2224602286492,341.83067321777344,225.32466888427734,98.79352671221494,103.05594438176978,1668.6876732726205,303.0487060546875,253.87965202331543,43.580540098215344,45.46080969021492,251.383606697822,303.5149574279785,266.4119338989258,75.841451710394,79.11360885077781,1484.8746776868857,310.26437759399414,269.4939422607422,104.92730657615263,109.4543643749071,2292.70198610495,334.8989486694336,211.88444137573242,96.06854064981555,100.2133895967202,1396.1638350009114,305.1363754272461,232.93842315673828,67.69180911070637,70.61235231672123,585.8464607373678,306.47544860839844,244.70389366149902,103.72692972015261,108.20219761230678,2387.946074021426,313.6959648132324,247.97158241271973,131.34171049433456,137.00840998560184,1759.4442542771021,843.6878384703394,883.4131268955775,931.6448139220638,1108.8749088285535,1406.9588845940664,1073.1850475726078,1203.9479459497009,1214.0087071266753,1424.4368415280553,1024.081260795988,1085.6898881211412,1106.1671089711504,1251.1632021113337,987.5853371028729,1064.8262350536356,1103.2622261922859,1210.5509776350918,955.5045627266195,1050.9695773974427,1081.789196626488,1178.0655946674747
227,9.08,395.6203842163086,211.02314472198486,115.86503821891002,120.86400123423546,1461.583565281154,391.4582061767578,243.2633113861084,99.00041805308786,103.27176198872876,1939.5795954995538,374.0690612792969,266.26444816589355,116.40400522768843,121.42622181617779,2204.209215801381,352.00794219970703,276.68898582458496,162.32558533456805,169.32907499808005,2556.1310703266563,334.2987060546875,278.6971378326416,244.05306314028743,254.58266080986354,4311.182582449355,370.5754089355469,261.8286323547363,144.5564876514352,150.79333481865024,1227.3127415293845,334.9805450439453,286.2003993988037,140.11607417100856,146.16134100387404,2840.194625483203,315.53295135498047,296.8973636627197,90.40096524648638,94.30128831860314,1296.0457594733566,302.71068572998047,302.3415184020996,73.81450784443741,76.99921308754645,-900.1798251195041,359.6115493774414,241.78805351257324,171.6287317005772,179.03360287938264,1771.5356309140027,321.2889099121094,270.3717613220215,206.69100926629596,215.60863210408715,4687.1592184364235,307.122802734375,284.2555618286133,139.25670937307154,145.26489916434107,2563.4558329053853,301.36119842529297,290.114107131958,78.09381711334699,81.46315189695642,72.63842412731591,348.8697052001953,223.73270988464355,180.42017747828442,188.20435300091586,2128.710215478652,310.37500381469727,248.52513313293457,226.86106901550116,236.64892315216508,4779.702836548754,308.31838607788086,260.3123474121094,194.09707961619355,202.47134106122772,3083.9433052612476,314.34980392456055,263.9014720916748,173.14450412587792,180.61477286041034,1779.010212137581,341.04007720947266,209.24167156219482,167.14083139793343,174.3520734374035,1853.4670960170824,309.2928886413574,228.91581058502197,144.60725690904178,150.8462945009526,2005.8485546057846,309.0508460998535,240.62682151794434,120.55908692095426,125.76057328770966,438.95939188507214,316.37487411499023,244.54710960388184,108.69558715029154,113.38522630672784,-590.57959197185,848.522398519709,887.5439973751268,936.5018627947109,1115.6480718284768,1417.142191026461,1079.2167809653538,1209.7943995898559,1217.7807586594195,1427.5168100515573,1031.2426049111634,1094.3142334053048,1111.977704937724,1254.4217281872122,995.1135112229094,1074.2921919797222,1111.361079834735,1217.7755685495083,962.4786456641156,1057.003429177481,1086.8196195579965,1182.6010037197439
228,9.12,399.57550048828125,206.0866355895996,158.13773098739335,164.96053690611996,1102.4133917971124,396.5066146850586,237.00860023498535,200.94750566171925,209.6173267247989,2658.6391184017534,378.81256103515625,259.6571731567383,203.34218847248252,212.11532742151343,2267.227640133391,356.8224334716797,270.2848720550537,200.29977437112953,208.94164925807783,990.3143564999447,338.5324478149414,273.1018924713135,175.4126206013655,182.980746554518,-1790.0478563836386,376.3336944580078,257.5340938568115,179.58443882395105,187.3325566480074,913.480545733929,340.8920669555664,282.1076202392578,179.75144742183153,187.50677078275106,1033.6357444719256,320.6503677368164,293.31690788269043,156.14018944891322,162.87681202514116,1714.3880926634506,306.86695098876953,299.4764041900635,126.20276430567088,131.64774547422599,1366.2133096669884,365.55091857910156,238.50337028503418,169.67846507973846,176.9991925784704,-50.86025752280605,328.2534408569336,266.9411373138428,194.09062375425668,202.4646066630253,-328.60063602654606,315.2670097351074,280.3421401977539,225.8912577597585,235.63726967487028,2259.3092627632304,310.60420989990234,285.82311630249023,254.76197643380908,265.75360701953974,4607.261378064583,354.36824798583984,220.72611808776855,156.67156530182726,163.43111393303082,-619.3309766971261,316.60593032836914,245.04833221435547,178.38264672854888,186.07891358591692,-1264.250239156204,313.5340690612793,256.9771671295166,154.77155847552314,161.44913187071444,-1025.555229762832,318.89137268066406,260.9486389160156,135.42772641174957,141.27071585868575,-983.6014250431149,345.37315368652344,205.7688045501709,138.82623365014354,144.81585069288604,-738.4055686129365,313.3567810058594,224.79143142700195,144.75350727479628,150.99885479574715,3.8140073698635035,313.5236167907715,235.40915966033936,171.8096201356327,179.2222956927963,1336.5430601271662,321.4421081542969,238.51869106292725,196.87986647006494,205.37419043590674,2299.7241032294723,855.1208199959538,895.9286904441187,944.9864758915714,1124.0057377987998,1424.4614208886417,1086.7100832312742,1217.2946704211658,1224.295831140425,1432.7827198705263,1038.3225726143023,1102.4128176718257,1121.4031957247187,1265.0518724679937,1001.6507557802307,1081.7353485231588,1117.8190451095636,1223.4263971838557,968.271279691831,1063.0433833693107,1093.9885113857083,1190.8159713371801
229,9.16,403.5859680175781,196.87262535095215,251.22429530382408,262.063293677106,2427.5689192746513,402.1384811401367,228.846173286438,247.92026623771412,258.616713248161,1224.9846630840523,380.08556365966797,255.97217559814453,97.46711845814856,101.67230863348057,-2761.0754697008215,355.44384002685547,275.29638290405273,129.9417198106213,135.54801711536822,-1834.84080356774,341.46202087402344,294.80403900146484,547.4746354425132,571.095267658032,9702.86302758785,382.3970413208008,247.05382347106934,302.6964677453369,315.7562178683178,3210.5915305077597,345.6113815307617,272.1533489227295,275.4081601717592,287.2905642858999,2494.594837578721,324.4416046142578,285.76775550842285,211.19182428360816,220.30363346230274,1435.6705359290395,310.08399963378906,293.9688205718994,159.4578300356617,166.33759123978155,867.246144138889,370.9071350097656,226.79381847381592,321.9109524306766,335.7997058472918,3970.0128317205354,332.0323944091797,257.2669315338135,259.65210790640816,270.85472177706566,1709.7528778510089,321.98997497558594,273.10455322265625,246.95764673166326,257.6125618064844,549.3823032903528,319.8166275024414,280.35435676574707,267.8338675306612,279.3894810152717,340.89684989329925,359.3523406982422,209.2874050140381,311.93482587408636,325.3931622429086,4049.051207746945,320.8978271484375,235.91415882110596,252.30623988030425,263.19191843429985,1927.8251212095731,320.3116226196289,250.80087661743164,229.240317033741,239.13082312676985,1942.0422814013855,326.69803619384766,257.41753578186035,214.2030061532068,223.44473188852567,2054.350400745998,350.0318145751953,195.2037763595581,288.66388536679216,301.11820384794055,3907.5588288763624,316.6925048828125,216.42381191253662,225.2000640016231,234.91625456521714,2097.93499423675,316.57814025878906,228.97805213928223,177.99097161806358,185.67033976792297,161.2011018781665,323.6146926879883,234.50912475585938,114.00862228031536,118.92749077566522,-2161.167491506038,865.603351743038,906.2733589740451,949.0533682369107,1129.4276584834145,1447.305231594963,1099.340331946007,1228.7862929926018,1233.1079764789172,1439.4362235201177,1051.754560848194,1113.2470065429084,1131.707698196978,1276.2274517086046,1014.666482269947,1092.2630252605309,1127.3842780346342,1232.3641864593967,980.3160078457487,1072.4400335519194,1101.4153249764254,1195.5730709682068
230,9.2,405.9952926635742,185.6015682220459,288.1422978027443,300.57411254176293,962.7704716164232,405.0128936767578,217.5909662246704,290.41127456801166,302.94098364260003,1108.1067598609764,382.0579147338867,244.46285247802734,291.9275246564161,304.5226518953657,5071.258581547128,356.27979278564453,263.01916122436523,307.6412167476058,320.9143066127762,4634.1572374352,342.3590087890625,281.5919494628906,331.0625859401705,345.34618389442215,-5643.727094090245,387.6392364501953,232.7416706085205,381.0498075511359,397.49008948800514,2043.346790492184,349.1727066040039,257.9813003540039,365.3166408333499,381.0781199169583,2344.68889077646,326.60118103027344,270.95930099487305,374.1273975670624,390.2690141600172,4249.134517442862,310.72628021240234,279.0644645690918,372.95471591743825,389.04573750533086,5567.703656638733,375.71033477783203,211.42926692962646,402.44578219153294,419.80918716489657,2100.2370329401188,336.12396240234375,239.2371940612793,462.20420403972133,482.14586855768465,5282.278669515475,324.2033004760742,255.36518096923828,446.9229084224475,466.20526593295375,5214.817603161734,321.29100799560547,264.00203704833984,410.4663186387282,428.17576729946234,3719.6571571047657,363.27709197998047,194.1072177886963,391.9835430377918,408.8955577782516,2087.559888383575,325.3374481201172,221.19250774383545,384.4129004185132,400.99828200856126,3445.1590893565353,323.7807846069336,237.2571086883545,349.5253340342965,364.60550182792826,3136.8669675289602,330.1467514038086,244.55686569213867,332.87617044112454,347.23801496556507,3094.8320769259853,352.4094772338867,181.17582321166992,355.70067229859984,371.04727324639885,1748.2267349614574,319.76707458496094,205.21203517913818,290.6425170774052,303.1822030420875,1706.648711921759,320.3220748901367,219.51752185821533,254.36032478895464,265.3346262325339,1991.6071616152728,327.94471740722656,225.99821090698242,238.72679024909948,249.02658744044786,3252.4774166195657,877.6263162447086,918.3909983197491,961.2342743127253,1142.2642307479257,1461.11907895074,1115.239935525527,1244.0294177892802,1248.7187370453178,1454.9980530203309,1068.5469283347898,1132.5328412852157,1150.355908834296,1293.354482400583,1031.0223045810772,1108.3029565408733,1141.9684981077514,1246.2537070580192,995.1578987756047,1084.567321673603,1112.0287100257267,1205.5341344658245
231,9.24,408.7408447265625,171.57537460327148,357.30953279503274,372.72554755602437,1803.785875356536,406.41857147216797,203.06153297424316,364.93180924928464,380.67668488732016,1943.3925311180033,382.100830078125,228.63776206970215,395.628714957627,412.69799956906667,2704.383691842524,354.0459442138672,243.78931045532227,483.9791059806289,504.8602422420812,4598.648390732625,336.48475646972656,258.74070167541504,589.8550488021567,615.3041714943176,6748.949689997387,386.44996643066406,212.7444362640381,500.81417749469665,522.4216579679394,3123.289211998356,347.5186538696289,236.1388349533081,547.6250914338468,571.2522150288851,4754.352377798169,325.51326751708984,249.5932102203369,534.8442476540984,557.9199455011994,4191.273283529556,309.70420837402344,259.4762134552002,490.3724429857389,511.52941789294965,3062.0920096904697,374.52117919921875,191.4922857284546,499.31034337751043,520.8529413698205,2526.0938551230993,331.3595199584961,216.0963249206543,590.656275036647,616.1399663991739,3349.852446037231,317.6231002807617,232.49460697174072,594.9591317820715,620.6284686340513,3860.580067527438,313.1591796875,242.9037380218506,565.2791641324571,589.6679675046468,4037.3050051296104,363.16375732421875,175.2865219116211,470.5259278466702,490.82663069210633,2048.2768228463683,320.9844970703125,198.10144901275635,587.444239994391,612.7893490492003,5294.776676015975,314.8981475830078,215.4837942123413,587.8873530331844,613.2515800697988,6216.151956046764,319.1987419128418,225.58145999908447,547.6797267965402,571.3092076182417,5601.779816316915,354.15164947509766,164.36871528625488,422.42901839731826,440.6545942226907,1740.183024407297,319.4888496398926,183.511004447937,542.5703548369303,565.9793933073388,6569.9297566312825,316.18566513061523,197.9578685760498,548.8217694216945,572.5005233367539,7679.1474276055,321.7774200439453,206.99265003204346,499.52909133136745,521.0811271398455,6801.363492484941,892.5353381469495,933.6180657152419,977.742194295488,1162.458640437609,1485.7312458105125,1136.1368018442447,1266.8795063904356,1271.0355348653657,1475.4592297360487,1089.3810459895826,1157.1784399411827,1175.1810475796583,1316.941201100769,1050.6553698087614,1132.8145305028413,1166.4985613105434,1269.106075362749,1012.7840825445123,1107.2064974058965,1134.9287309591969,1226.3773795514185
232,9.28,408.1764602661133,156.19980812072754,384.64803268566624,401.2435589882633,712.9502858059737,404.2047119140625,186.75108432769775,411.5002348075043,429.2542914774197,1214.4401647524887,380.3050231933594,206.14900588989258,564.0085753350158,588.3425595270306,4391.113998949099,353.88633728027344,213.74736785888672,751.0591643392598,783.4633912101782,6965.078724202425,334.5137023925781,216.47123336791992,1057.8849787350991,1103.527115176409,12205.573592052286,374.6302032470703,192.60436534881592,583.8071482660264,608.9953360673417,2164.341952485057,334.4337844848633,212.9485845565796,665.6770614754498,694.397502616453,3078.632189689199,310.9996795654297,226.32001876831055,685.6956666377439,715.2798046139878,3933.99647781971,295.1478385925293,236.5524673461914,678.8713228982957,708.1610265699229,4915.790216924332,364.8798370361328,171.83589935302734,547.3395906826153,570.9543964316648,1252.5363765461066,320.9228515625,190.36766052246094,694.1218458071888,724.0695288068157,2698.239060191045,307.95324325561523,204.71310138702393,735.407279777856,767.1362106902578,3662.693551405164,306.00013732910156,213.82493019104004,748.6775642551971,780.9790376905621,4782.7767546478835,357.6771545410156,155.0672721862793,523.7609602411598,546.3584729107718,1388.2960554666354,314.0570640563965,172.1835708618164,670.6926158873301,699.6294516491073,2171.0025649976756,308.6873245239258,187.64306545257568,713.127136695338,743.8947973837121,3266.080432847832,314.9422836303711,195.9254264831543,748.9983982828281,781.3137140080058,5250.112659744104,353.61690521240234,144.06327724456787,507.81195184048914,529.7213492308792,2226.668875204713,317.4346351623535,158.02322387695312,639.2606840886367,666.8413983924031,2521.5501271266075,312.3076820373535,170.23263931274414,699.8781548305768,730.0741920909456,3939.341718854794,317.33808517456055,176.98572635650635,758.3382995702037,791.056582590953,6749.386386277686,908.58508050648,950.7882373743387,1001.2758966765692,1193.797176086016,1529.872330417569,1160.4966152869383,1294.6554064950935,1299.6467270499252,1503.7856707988456,1112.2192218468492,1186.1412210934552,1205.8664960072683,1348.1803626083915,1072.5097087251922,1160.7997085688055,1196.254353205892,1300.3586239230692,1033.9729365137475,1133.8801533415926,1164.1316986428346,1258.0196428550566
233,9.32,403.17333221435547,146.39671325683594,275.14991278931,287.02117489604694,-2855.5596023054095,393.6452102661133,177.20259189605713,355.91149072675057,371.2671873736619,-1449.6776025939453,367.6222610473633,193.40500831604004,449.4871590311777,468.880150380434,-2986.5602286649164,341.7974853515625,198.59646320343018,484.56826972124946,505.4748252791056,-6949.714148276816,322.73162841796875,200.22584438323975,501.7033052554166,523.3491468845357,-14504.449207296835,362.5482940673828,180.7767391204834,422.68876820256025,440.9255508569262,-4201.744630260388,322.53684997558594,199.780011177063,443.66962340359987,462.8116188882739,-5789.647093204478,300.0743293762207,209.59022998809814,499.53047291141905,521.0825683277624,-4854.930907155636,285.17404556274414,215.9721279144287,571.744544424976,596.4122947293821,-2793.7182960135206,354.34814453125,158.12260150909424,432.26950850556267,450.91964938403464,-3000.868676190754,307.2091484069824,172.67372131347656,559.6545468908072,583.800677805467,-3506.7212750337176,293.6383819580078,186.57029628753662,577.7524506913197,602.679410345558,-4111.420008617495,293.71862411499023,194.34253692626953,575.7599402917234,600.6009336704711,-4509.452600502274,349.6155548095703,140.46086311340332,417.0855549481371,435.0805886137104,-2781.947107426534,303.84708404541016,149.17081832885742,629.3997492492105,656.5550164179602,-1076.8608807786763,294.13780212402344,164.5189332962036,683.0144993202107,712.482959120671,-785.2959565760273,297.8826332092285,173.43772888183594,705.6593618293858,736.1048275663275,-1130.2221610419592,348.4014129638672,128.53593349456787,409.4964616187135,427.16406608340947,-2563.9320786867443,311.39896392822266,135.49043655395508,583.1786989154655,608.3397724542841,-1462.540648452975,301.8055725097656,147.27938175201416,631.0439451707485,658.2701506892203,-1795.1010350431347,304.40778732299805,154.92911338806152,639.1824750070839,666.7598150030162,-3107.419189698419,920.0659275023219,965.6389248692851,1020.0311026917866,1214.0161690971802,1550.8062962929505,1178.1336373212152,1313.1678712506246,1320.4900297830359,1527.6421625880207,1130.2560078222107,1209.4932482056738,1229.9736724210907,1372.2043999552104,1089.9129322697406,1187.0619092255238,1224.7536715707188,1329.8028170257226,1051.059499157084,1158.213744239764,1190.4625046704034,1284.6900354551772
234,9.36,398.21720123291016,137.75419235229492,249.06876797717752,259.8147667575704,-680.1602034619136,388.7202453613281,169.66007709503174,225.20103357479923,234.91726597034292,-3408.748035082974,360.85052490234375,185.50413608551025,260.14442193342416,271.36827654806115,-4937.796845809321,334.14955139160156,190.6462812423706,275.7901002912822,287.68898309960815,-5444.646054487435,315.0974655151367,192.3435115814209,274.3305643124802,286.16647587003257,-5929.566775362578,352.1989059448242,169.5371961593628,381.96626199691434,398.44608409145405,-1061.9866691368031,311.8792724609375,192.0724868774414,328.8140520396721,343.0006376597452,-2995.2745307132177,291.03322982788086,202.6055145263672,285.62183381651516,297.94490387774056,-5578.441611250545,278.09255599975586,208.7629795074463,252.6352548445698,263.5351286524844,-8321.929151922443,344.10884857177734,146.48739337921143,387.4768137993583,404.19438703158295,-1168.1315588112923,297.475528717041,165.34521102905273,304.60057376148444,317.74247597881833,-6651.455045666216,284.2634391784668,179.97422218322754,286.5721393789933,298.9362100943687,-7593.580006279734,284.79501724243164,187.68303394317627,278.3654742395811,290.3754707998729,-7755.636571764955,339.50504302978516,128.96939277648926,382.6522074231951,399.1616244315174,-897.9741045548252,294.4856071472168,141.9166374206543,296.07894889322455,308.8531881105564,-8692.545707685096,285.64380645751953,157.73335933685303,271.790333184888,283.5166472171436,-10724.157797588185,289.45667266845703,166.4331579208374,273.9306771136427,285.7493356555484,-11258.887297769475,338.4897994995117,118.7626576423645,347.99156091604266,363.0055545193413,-1603.9627891017049,301.4902877807617,126.95899486541748,326.88621900458213,340.9896288350445,-6683.75359048099,292.1348190307617,139.95327472686768,303.31019290856227,316.3964220233054,-8546.843216647872,294.4766616821289,148.5036849975586,295.7124727841742,308.4709004975071,-8957.222862637727,930.4585181726247,975.0356155080989,1030.8858337537092,1225.5237284211646,1562.252955327752,1194.0714806848734,1326.8878967570145,1332.4078259381454,1538.18356773412,1146.423783303474,1222.2029472448266,1241.9311208248655,1383.8194187872054,1105.8793972470014,1199.416036749946,1236.0943374594046,1341.2327904519445,1065.5797213378576,1171.8533293931657,1203.1183615513357,1297.0288714750777
235,9.4,398.16715240478516,135.86461544036865,47.25599030335667,49.294836114055265,-5262.998266087878,383.931884765625,167.90047645568848,127.53575872196492,133.03825154277615,-2546.9753606891695,356.4339065551758,181.94422245025635,141.81745025517708,147.936122459073,-3085.8038522247034,331.2479019165039,186.38601779937744,128.8638193017111,134.4236109058509,-3831.6343048439317,312.5700569152832,187.32923984527588,140.38054368954653,146.43722098204827,-3493.2313721996074,346.3205337524414,169.124436378479,147.3211421285459,153.67726950050326,-6119.22036477377,305.5263137817383,190.6433916091919,162.7928078596875,169.8164557017053,-4329.604548950998,284.65789794921875,200.638747215271,166.7952154197661,173.99154595945228,-3098.833947957207,271.9820785522461,206.31176948547363,164.59489133996658,171.69628954401702,-2295.970977711684,340.01708984375,146.26605033874512,102.4435278273804,106.86342372212802,-7433.274082736373,293.1848335266113,164.62566375732422,108.76526758755642,113.45791308597589,-5107.114072321061,278.0354309082031,177.55856037139893,167.00207521839323,174.20733066328458,-3118.2219857771024,277.6026153564453,184.2420530319214,199.32855183270937,207.92852360872928,-2061.1736797785907,336.94828033447266,127.94853687286377,68.82578666508584,71.79525499935072,-8184.159235804166,291.0878372192383,138.63502979278564,118.09368396203723,123.18880124283753,-4641.6096716929715,280.7330894470215,153.12078952789307,168.43200000245614,175.69894913182821,-2695.4424521328847,284.2668914794922,161.69055461883545,175.75927228295308,183.3423544210091,-2560.1745308634827,337.2348403930664,116.0203742980957,75.39496128349728,78.64785472565889,-7108.94249484206,300.90152740478516,121.52664184570312,136.6041226297722,142.49786734573226,-4962.294037232807,291.50596618652344,132.14512825012207,195.83572085746604,204.2849954677798,-2802.7856638881394,294.0401268005371,139.19623374938965,232.94206822712385,242.9922852872582,-1636.9653802562225,932.4303116171869,980.35714556981,1036.803278652072,1230.9006728573986,1568.110444167034,1200.2185714648936,1333.6805549850826,1339.3674877765236,1545.0514193158806,1150.698320252359,1226.7412637682655,1248.899414051397,1392.1365597315546,1108.7512074469753,1204.3435887996595,1243.1222954246778,1348.5664846287848,1068.725635526884,1177.5532440869952,1211.289761370047,1306.748562886568
236,9.44,398.74683380126953,133.64201545715332,57.42376036330078,59.90129162441075,265.1613877588872,383.1625747680664,166.16187572479248,47.53005873796928,49.58072915071658,-2086.4380598014895,355.4848098754883,180.6163215637207,40.805217741239815,42.56574686595612,-2634.259389827922,330.0577926635742,185.9408140182495,31.766397740374426,33.13694963312245,-2532.1665318182113,311.5130805969238,188.18115234375,33.93885902093792,35.403141117038956,-2775.851996625233,341.815185546875,169.05987739562988,112.64526819752281,117.5053151817297,-904.298857969339,301.5592575073242,191.25070095062256,100.33182483812442,104.66061192813754,-1628.8960943391942,281.6110420227051,201.0481595993042,76.85599170336054,80.17192087351597,-2345.490627148408,268.2404327392578,206.1051321029663,93.68368453772452,97.72563956870354,-1849.266249382837,335.7181167602539,146.12043857574463,107.5359601428402,112.17556753291339,132.8035952696343,289.16473388671875,165.3317928314209,102.04110502620094,106.44363850748421,-175.35686446229198,274.5936965942383,179.51046466827393,98.91747024692523,103.18523542385184,-1775.5523809858187,273.1585693359375,186.9299840927124,129.84249694330734,135.44451330661067,-1812.100257552965,333.94351959228516,127.93520450592041,75.11975801095662,78.3607778888207,164.13807223674974,286.95068359375,138.504638671875,103.48019727616717,107.94481996955281,-381.0995318321179,277.8199768066406,153.95739555358887,75.7715930353242,79.04073614370715,-2416.4553247030267,281.82703018188477,163.3826780319214,74.23023641295109,77.43287814294487,-2647.7369069516058,336.23390197753906,115.92912197113037,25.127234960981298,26.21134212720012,-1310.9128149614692,300.2673530578613,121.66422843933105,16.22319275455669,16.92313763713032,-3139.3682427150484,291.4072799682617,131.39137744903564,19.004592205129462,19.824539749403254,-4611.511392959414,293.6671829223633,137.52692699432373,42.76149099055159,44.60642294956123,-4959.646558442424,934.8263632821634,982.3403747358385,1038.5059085267103,1232.2261508427234,1569.5265698117155,1204.918784072163,1337.866979462208,1342.5743646114643,1548.9604448986286,1155.1853429536757,1230.999009308565,1253.0268234683508,1397.554340263819,1111.8856385625281,1208.6613815984417,1246.283924870426,1351.6637997545026,1069.774089211972,1178.2301695924805,1212.082742960023,1308.5328198045504
237,9.48,399.33570861816406,132.6598834991455,28.628621309286224,29.863794760267076,-750.9374216035919,383.23211669921875,165.55373668670654,15.302556359814663,15.962780655759024,-840.4487123739389,354.48719024658203,181.17176055908203,28.545549144602273,29.777138471456972,-319.71520986247873,327.79502868652344,188.98047924041748,94.73537314110855,98.8227029677358,1642.1438333653334,307.3781204223633,193.48843574523926,168.19845560550857,175.45532853052495,3501.3046853371497,340.9747314453125,169.91615295410156,29.995530176065564,31.289678508299552,-2155.3909168357536,300.10839462280273,191.8331480026245,39.08522481440212,40.77154534988344,-1597.2266644563526,280.4024887084961,200.80578804016113,30.815429231626005,32.1449518676021,-1200.6742251478468,266.8377113342285,205.69939613342285,36.50555623042825,38.08057772314986,-1491.126546138842,334.39476013183594,147.33079433441162,44.83465337016199,46.76903131063201,-1635.1634055570344,287.18719482421875,167.40092754364014,71.55408444414603,74.64126438410293,-795.0593530845321,272.783145904541,181.9610595703125,76.17212898208197,79.45855309614988,-593.1670581925488,270.3257751464844,190.43612480163574,112.68802506968312,117.54991678657096,-447.36491300099283,332.00389862060547,129.25568103790283,58.661037885550456,61.19195112165907,-429.22066917904084,285.17717361450195,141.9551181793213,96.989517725497,101.17410195760989,-169.26795029857294,275.9944534301758,157.30822563171387,95.39587848305737,99.51170561850687,511.77423686999293,279.0717315673828,167.0439863204956,114.55579655526674,119.49827272386703,1051.634864523054,334.01241302490234,117.15580701828003,63.44175168800288,66.17892741582331,999.1896322155798,297.6418113708496,123.41813564300537,78.93691955185245,82.3426297423405,1635.4873026302546,288.34346771240234,133.3215093612671,90.52746384995663,94.43324466713575,1865.2176229433123,289.27696228027344,139.88008975982666,124.52763821533041,129.90034656112255,2132.3480902890333,936.020915072574,982.978885962069,1039.6969940655686,1236.179058961433,1576.5447829529364,1206.1703712124947,1339.4978412762034,1343.8601626861682,1550.4836680075546,1157.056104206101,1233.9846598839292,1256.2051655921969,1402.256336935282,1114.3333166073944,1212.7083456767461,1250.2643930951663,1356.4437306634572,1072.4212463086049,1181.523874782174,1215.8600727467085,1313.7288336669953
238,9.52,400.8976745605469,131.98880195617676,42.500647366225095,44.33432530373837,361.7632635867823,384.0294647216797,164.91240978240967,25.581537130044847,26.685245029805394,268.06160935115923,355.9440231323242,179.59801197052002,53.61347007155031,55.92660747806088,653.7367251650977,330.2698516845703,187.07160472869873,78.13670221617694,81.50788726494186,-432.8703925698484,310.2589416503906,191.3959836959839,89.01364546477542,92.85411303271414,-2065.03038744527,340.65818786621094,170.9838581085205,27.84100095007374,29.042192752178067,-56.18714390303712,300.8528518676758,192.48966693878174,24.81473482349983,25.8853592631467,-372.15465216841847,280.68918228149414,200.27217864990234,15.143731916430456,15.797103778451591,-408.69620222876273,266.754207611084,204.57615852355957,28.158431241707778,29.373318480435742,-217.6814810678529,333.4908676147461,148.70355606079102,41.09057403972921,42.86341477806311,-97.64041331422249,287.9873275756836,168.98709297180176,44.41377309927237,46.32999228417298,-707.7818024982486,273.6485290527344,182.22536087036133,22.62110699082483,23.597088002449762,-1396.536627342503,271.5523147583008,189.84811305999756,34.00512119206376,35.472262150060196,-2051.9413659127695,330.9747314453125,130.4143524169922,38.74358365766305,40.41516418586259,-519.4196733949121,286.3104248046875,142.30449199676514,29.64709433878223,30.926209509239648,-1756.197311209256,276.3541793823242,156.01900577545166,33.46164407226061,34.90533686967872,-1615.1592187207036,279.069881439209,164.99585151672363,51.20339098509685,53.41254623786725,-1652.1431621499946,333.4458541870117,117.72385597229004,20.057238888737928,20.922602564749592,-1131.4081212768428,298.54785919189453,123.43833446502686,22.65682356420614,23.634345556890686,-1467.7071046362455,288.23768615722656,132.47417449951172,21.347805879079832,22.2688506885265,-1804.1098494652313,288.3117485046387,138.4834098815918,42.44372977058325,44.274952015163535,-2140.634863648975,937.7942880847236,984.0462957632611,1041.934058364691,1239.4393744520305,1580.258947474245,1207.3320589225818,1340.5332556467295,1344.4920468373064,1551.6586007467722,1158.7706407972237,1235.837859575296,1257.149049112295,1403.6752274212843,1115.949923174829,1213.9453940571157,1251.6606065699534,1358.5802325129719,1073.258150411195,1182.4692486044496,1216.7508267742496,1315.4998317476018
239,9.56,399.73594665527344,135.90847492218018,102.20520989139033,106.61482362884342,1557.0124581276264,382.0478057861328,169.5265817642212,125.54270990027472,130.95921321553257,2606.8492046431793,350.87745666503906,187.05063343048096,225.2937837481439,235.01401782265256,4477.1852586147925,321.10145568847656,198.62651824951172,368.76102662721723,384.67111272342186,7579.080636461999,298.7360382080078,209.97779846191406,546.615234727442,570.1987883517306,11933.616882975411,341.68468475341797,174.68101501464844,95.92531290011246,100.0639823278581,1775.5447393920008,299.00304794311523,192.1083927154541,47.21721476785304,49.254387619470435,584.2257089080933,278.45666885375977,199.35527801513672,60.33667509819326,62.939883209286336,1178.5694857708686,265.1859664916992,203.68104457855225,45.14289245742179,47.090569282704486,442.9312700567186,335.7921600341797,151.58686637878418,92.22738608186143,96.20650954404243,1333.577369149483,287.2153663635254,168.83166790008545,19.686306566919523,20.535666476942215,-644.8581451807692,272.51163482666016,181.246976852417,37.49803134707374,39.115872886964084,387.969622112858,268.91571044921875,188.69851112365723,71.90821795311096,75.0106768792143,988.4603682288526,333.05564880371094,132.64424800872803,76.25062049963455,79.54043110715462,978.1316730323008,285.8073425292969,144.08111572265625,46.16196783616513,48.15361236910561,430.685071496649,275.96141815185547,157.51111507415771,38.573400351184375,40.23763837065142,133.30753752431744,277.96985626220703,166.2906789779663,42.475239437423504,44.30782115731731,-227.61812701374834,334.0296173095703,119.47873592376709,46.235693918196574,48.23051934127445,682.6979194131214,298.17007064819336,125.96895217895508,63.966544956129,66.72636273523929,1077.3004294587151,289.47776794433594,135.44713497161865,80.53064947362691,84.00512067311162,1543.406749614628,290.6589889526367,142.3340892791748,112.74215478163079,117.60638190902912,1833.2857473466397,942.0588810298773,989.2846642918826,1051.3346190775972,1254.8262189609675,1603.066899008314,1211.3346182156963,1342.503431151508,1347.0096421656779,1553.5422235180804,1162.6189011789852,1236.6592862343737,1258.7136840277735,1406.675654496453,1119.1315404191153,1215.87153855188,1253.2701121047796,1360.3525453592645,1075.187371184846,1185.1383031138591,1220.111031601174,1320.204087023963
240,9.6,399.5282745361328,144.628643989563,218.06603970014504,227.4744348823045,3021.490281336527,383.4618377685547,177.89830684661865,212.25760778849997,221.41539988322515,2261.4046666923145,353.76575469970703,195.64973831176758,226.78027677748213,236.56464515678567,38.76568335332777,325.73062896728516,205.65954208374023,210.49446177106103,219.57618344914212,-4127.373231856994,305.0705146789551,214.45308208465576,193.89713069203182,202.2627653995082,-9198.40057380556,342.4669647216797,185.33796787261963,267.14065368940464,278.66635866660494,4465.059408468671,299.2338180541992,199.37959671020508,181.87162776504658,189.71842568364528,3511.600951604371,278.4021759033203,205.48091411590576,153.14696193667328,159.75444259174748,2420.3639845615285,265.04756927490234,209.54162120819092,146.5552630867536,152.87834683258367,2644.69443874698,337.56053924560547,161.95248126983643,262.884405567598,274.2264759707108,4450.499160666709,287.597599029541,175.03462314605713,155.3680219561304,162.07132959286156,3538.3915778979836,268.9095687866211,185.6511640548706,142.24043173237277,148.37735334776653,2731.5370115200612,261.748046875,192.57206439971924,203.68452336835915,212.47243225584302,3436.5438844157184,335.38124084472656,142.41424083709717,251.07411531211713,261.90663421380236,4559.155077666193,288.4553527832031,150.6800937652588,177.76119780400452,185.43065243019856,3431.9260015273235,276.9596862792969,163.1537103652954,143.25549918291676,149.43621558508428,2729.964430360822,277.1664047241211,172.0204210281372,144.64499286086019,150.8856585593197,2664.4459350500597,336.85546875,128.18841934204102,228.91595293078407,238.79246442993795,4764.048627216587,301.4900016784668,133.57167720794678,207.39962920686068,216.34782524368808,3740.5365627112196,292.4056816101074,141.93044185638428,177.8446418160046,185.51769660956796,2537.8143984114085,293.011474609375,148.32472801208496,160.89969933432664,167.84166956549865,1255.8821914117382,951.1578584251694,998.1412802872115,1060.7972048838685,1263.609266298933,1611.1574096242944,1222.4812725623603,1350.092168178854,1353.3998198693475,1559.6573573913838,1173.5879602178136,1243.1421394180882,1264.648778161684,1415.1745517866866,1129.6078057876673,1223.2887646490879,1259.2475607281829,1366.387971701637,1084.7390697620435,1193.7922161236065,1227.5317394655567,1326.9177538065828
241,9.64,401.0432815551758,148.49317073822021,103.7720255501111,108.24923908859286,-2980.629894842791,385.3358459472656,181.4468765258789,100.32526296514473,104.65376694507701,-2919.0408234537035,356.134033203125,200.08923053741455,125.79207618956858,131.21933834007658,-2633.6326704177272,329.08817291259766,210.9755516052246,157.18829985326747,163.97014284479832,-1390.1510151085952,310.52440643310547,222.38008975982666,240.54935297695144,250.92778410144905,1216.6254675485213,343.6048889160156,189.54657554626465,108.9932624715825,113.69574474225398,-4124.265348108775,301.94984436035156,203.6582851409912,126.69839576592577,132.16476080814226,-1438.8416218875755,280.9276008605957,209.2222023010254,112.846711568573,117.7154497678094,-1050.9748205984517,267.2438049316406,212.18387603759766,85.89587316720993,89.60182536584206,-1581.9130366685404,339.4028091430664,165.9994125366211,111.1631994332266,115.95930299625334,-3956.679324361436,289.71805572509766,178.34946155548096,98.37584268483575,102.6202394998079,-1486.2772523263416,269.1668701171875,188.1922960281372,63.85313069981894,66.60805525417895,-2044.2324523396894,259.2893981933594,194.40393447875977,76.65140787282193,79.95851033374637,-3312.848048052416,337.36095428466797,146.15259647369385,105.75492946536464,110.31769481039368,-3789.7234850852174,290.58191299438477,153.79845142364502,94.36105134467874,98.43223116743124,-2174.960531569183,278.17848205566406,165.8489227294922,73.94944570705752,77.13997280458419,-1807.4060695125024,276.6867256164551,174.6274995803833,66.27099018383183,69.13023257489766,-2043.885649610551,339.2281723022461,131.18326663970947,95.52104638243766,99.64227385011272,-3478.7547644956303,302.95331954956055,135.50419807434082,60.60082554569042,63.21543035019351,-3828.309872337364,293.3767318725586,144.0051555633545,57.26787700194903,59.738682721255536,-3144.4753472078105,292.968692779541,150.79779624938965,61.83595632462383,64.50385048351622,-2583.445477049561,955.4878279887131,1002.3274309650146,1066.0459784174716,1270.1680720127251,1621.1945209883522,1227.0291023520506,1355.3787586111796,1358.1084378600601,1563.2414304060176,1178.2263323376637,1247.2469489980804,1267.313100371851,1418.3728922000364,1134.0205135800832,1227.226053895785,1262.3331596403661,1369.153181004633,1088.724760716048,1196.3208333376142,1229.921286774407,1329.4979078259234
242,9.68,401.7982482910156,152.61547565460205,104.77169404188604,109.292037983592,26.069972374978434,385.2933120727539,185.0848388671875,90.95527447343447,94.87951305420823,-244.35634727171944,356.180419921875,202.75972366333008,66.77239915956329,69.65327469349745,-1539.151591164478,329.3267059326172,212.8420114517212,47.041008440931634,49.07057892237001,-2872.489098060708,309.5629119873047,221.4499282836914,33.44465522501191,34.88761504360936,-5401.004226445993,345.2142333984375,192.84502029418945,91.75281813864923,95.71146650642002,-449.60695589584884,302.5804138183594,205.2544927597046,42.906122839657904,44.75729489728256,-2185.1866477714925,281.36722564697266,210.51388263702393,34.11110562560849,35.582819250835996,-2053.315762924335,268.03340911865234,213.60191345214844,40.57635457699087,42.32700946776019,-1181.8703974520467,341.50379180908203,169.76486206054688,107.79824407234972,112.449167625463,-87.75338426975843,291.26325607299805,181.3894557952881,85.25406549401329,88.93232708924529,-342.1978102640651,271.52942657470703,190.66932678222656,85.57655334432921,89.2687285830675,566.5168332222138,262.5534439086914,196.6600799560547,99.19736276262503,103.47720381986686,587.9673371530121,339.52552795410156,150.24587631225586,115.759230212928,120.7536281729377,260.8983340636005,292.22864151000977,156.25333786010742,73.90104118050193,77.08947987895893,-533.5687822118078,280.4009437561035,167.76344776153564,73.3346017760427,76.49860161289966,-16.034279792113182,279.52892303466797,176.40196323394775,83.76607092790212,87.38013343497657,456.24752150197276,341.3276672363281,135.76642513275146,126.02881801045311,131.4662943172327,795.6005116779995,305.7745552062988,138.58168601989746,104.37403498325719,108.87722204177085,1141.5447922894336,296.9821548461914,146.84731006622314,114.77400902691295,119.72589990845866,1499.680429680078,297.78148651123047,153.50380897521973,138.03416328970798,143.98960668957926,1987.143905151576,959.8595095080568,1006.122611487183,1068.8321094052114,1272.1308951696199,1622.5900255900967,1230.8575610123073,1357.169050407071,1359.5317506300935,1564.9345107847278,1182.7242990426823,1250.8042420816503,1270.883849515174,1422.511980352831,1138.8506587070005,1230.3096330909434,1265.3931037048822,1372.6483863420322,1093.9834124887375,1200.6759222192852,1234.7103227707453,1335.2574920935067
243,9.72,402.6420593261719,157.2531509399414,117.8453677369706,122.92977148723317,340.9433375910293,384.86534118652344,190.15291213989258,127.1527766531478,132.63874582517784,943.98081927424,354.38560485839844,205.0378704071045,72.50566227135447,75.63389775694914,149.51557658629218,324.70516204833984,211.27346992492676,122.01175761883547,127.27591903583715,1955.1335028366786,302.5118637084961,214.39078330993652,249.43537438405068,260.19719029010383,5632.739381162362,346.24237060546875,195.3874397277832,68.56093408784801,71.51897543552161,-604.8122767724603,303.89116287231445,206.471529006958,44.71605073665394,46.645311601364604,47.200417602051026,283.56746673583984,211.04285717010498,56.57337550577451,59.014217162177886,585.7849477835473,271.76441192626953,213.24889183044434,93.69166923957917,97.73396876817262,1385.1739825103107,342.64942169189453,172.19355583190918,67.13336197193165,70.02981114030011,-1060.4839121290725,293.46500396728516,183.34190368652344,73.56861830116107,76.7427147122049,-304.74030942600973,274.0482521057129,192.9900598526001,85.62375560983473,89.31796737644311,1.2309698343901943,265.80108642578125,199.80870723724365,113.08469081471935,117.96369655857653,362.1623184677418,340.69042205810547,153.0353021621704,75.57229504634361,78.8328395015758,-1048.0197167840472,294.2576789855957,158.28699588775635,71.8190349539777,74.91764610579887,-54.2958443290015,282.38636016845703,170.1832151412964,78.25100839045491,81.62712514550866,128.21308831522487,281.73583984375,179.7066307067871,99.34569979449056,103.63194080936842,406.2951843597961,342.58373260498047,139.31962966918945,94.21704559185153,98.28201232872892,-829.6070497125943,307.87986755371094,141.55175685882568,91.01394422153702,94.94071409134663,-348.4126987606054,298.3570861816406,149.60638046264648,77.06695802036295,80.39198927025171,-983.3477659551736,298.47665786743164,156.39195442199707,74.26576994241391,77.46994475609127,-1662.9915483372,964.7767003675461,1011.4281613201902,1071.8574653154894,1277.2219319310534,1632.997913201701,1233.7183200297281,1359.0348628711256,1361.8923193165806,1568.8438695354548,1185.5254914882942,1253.8739506701384,1274.4565682102316,1427.230528215174,1142.0039722870636,1233.3063389351753,1268.6581887107025,1376.7936639744069,1097.9146929818864,1204.473550782939,1237.9260023415552,1338.3562898837504
244,9.76,405.65025329589844,158.89440536499023,85.66995917196417,89.36616437767904,-839.0901777388532,390.9793472290039,190.53726196289062,153.15187452722853,159.7595671345782,678.0205327350088,362.1615219116211,203.65084648132324,197.46632844185194,205.9859551370755,3258.8014345031597,334.5883560180664,207.17511177062988,267.48138089889915,279.02178645139605,3793.6466853889724,314.19517517089844,208.60407829284668,325.946431260486,340.0092942249808,1995.3025983719244,351.4973449707031,195.04826545715332,131.64771827952367,137.32762038673164,1645.2161237802507,309.35033798217773,207.07111358642578,137.3000695285838,143.2238406689189,2414.463226688858,290.02201080322266,213.1344509124756,169.624407701454,176.9428029104901,2948.214643707805,279.7612190246582,216.7567491531372,218.30882192036105,227.72769187004567,3249.8430775468264,346.37168884277344,172.6358699798584,93.71137386941157,97.75452354846693,693.1178102041706,296.68163299560547,184.51316356658936,85.58092665894115,89.27329058305284,313.2643967711985,278.4837532043457,195.80190181732178,131.29195812801797,136.95651106806523,1190.963592290553,272.5566291809082,203.56371402740479,193.224988534261,201.56162386591714,2089.9481826835154,343.2997512817383,154.1754913330078,71.18914217859657,74.26057679178143,-114.30656774485932,297.6943588256836,161.00379467010498,109.5210138142378,114.24626576145518,983.2154913914078,285.40008544921875,174.25074577331543,126.55864626309501,132.01898185409135,1259.7964177145673,284.68090057373047,184.21829223632812,134.6951940039377,140.50657855546737,921.8659436524739,344.2728042602539,141.47306442260742,68.4207766959188,71.372770994117,-672.731033365298,308.91063690185547,145.7816219329834,108.84118015098178,113.53710087463568,464.90966958222623,298.7245750427246,155.77159881591797,154.4040264341744,161.06574276747807,2016.8438374306588,298.5281753540039,164.20354843139648,195.29409716359123,203.72000357884352,3156.2514705688063,968.3513469426533,1017.8185440055732,1080.0969035209725,1288.382803389109,1646.5982849707004,1239.2114248451974,1364.7638164978823,1368.970031433,1577.9529772102564,1189.435672430233,1257.4448822934605,1279.9348286529544,1435.2929931698109,1144.9743953587347,1237.8761895656335,1273.9389479848662,1382.4139271166257,1100.7696038216511,1209.0150348179245,1244.3686320522545,1346.505090026904
245,9.8,408.69041442871094,159.2616319656372,76.55649502853478,79.85950250269218,-237.66654687467152,393.7352752685547,190.99576950073242,69.84522407366144,72.85867573525479,-2172.522284983085,365.4364013671875,203.9659595489502,82.25012041738978,85.79877768530315,-3004.6794362943087,338.0828094482422,206.4863634109497,89.04205143719109,92.88374457245972,-4653.451046973409,318.4786605834961,206.2840461730957,121.78566294060727,127.0400695691775,-5324.2306163950825,353.4958267211914,197.33166217803955,75.86101556460298,79.13401678172582,-1454.8400901251455,312.2126770019531,209.6617555618286,96.5155768155063,100.679713006373,-1063.6031915636477,293.55506896972656,213.93877029418945,90.58638720753149,94.49471025565259,-2061.2023163709373,282.5480270385742,215.65077781677246,74.95611842641229,78.1900781225032,-3738.440343688562,348.05103302001953,174.8904275894165,70.28169605446143,73.31397917136509,-611.013609427546,301.07128143310547,188.07889938354492,141.3848588984292,147.48486707539885,1455.2894123086503,284.4125556945801,199.16122913360596,170.3595077074919,177.70961859020517,1018.8276880534986,278.2652473449707,206.26399040222168,157.87616556073817,164.68768631601912,-921.8484387474505,345.15567779541016,156.14642143249512,67.68044714509168,70.60050014243996,-91.50191623353692,300.26689529418945,163.4257936477661,88.33184211251402,92.14289347523612,-552.5843071554764,288.5522651672363,176.3758420944214,95.04035770614585,99.14084600218115,-821.953396297755,287.81227111816406,186.1313009262085,91.73700089830218,95.6949668358877,-1120.2902929894917,346.22486114501953,143.2496738433838,65.98705893654554,68.83405119740904,-63.467994917699144,313.1804847717285,148.16059112548828,122.19629508179332,127.46841831338936,348.282935968842,303.22370529174805,157.79545783996582,123.3343482846973,128.6555724872009,-810.2542570069289,301.98524475097656,165.81443309783936,95.34895851576476,99.4627613030176,-2606.431056895648,971.545727042761,1020.7328910349834,1083.5288546283848,1292.0981531720076,1651.6798877534675,1242.3767855164665,1368.7910050181372,1372.7498198432263,1581.0805803351568,1192.3682315970875,1263.3442769764765,1287.0432133965626,1441.8805006224516,1147.7984153644322,1241.561905304643,1277.9045818249535,1386.241725790061,1103.5229658695475,1214.1137715504601,1249.5148549517426,1350.4836004790247
246,9.84,409.2387390136719,161.04688167572021,46.68897338922789,48.703355421841515,-778.9036770212666,392.3101043701172,192.90019512176514,59.466109233532094,62.03175703629796,-270.6729674739208,361.84268951416016,205.88464736938477,101.84586342505885,106.23997326485228,511.02988948872826,333.95336151123047,207.18649864196777,104.70950770525526,109.22716863574703,408.5856015821829,314.16128158569336,205.64669609069824,109.10424068923774,113.81151108248783,-330.71396216724196,354.5513153076172,200.46104907989502,82.56481748291635,86.12705226321638,174.82588703726412,313.4106636047363,210.76108932495117,40.64869788189135,42.402474003285214,-1456.9309750771947,294.91016387939453,213.72363567352295,34.30165009895079,35.78158470946993,-1467.8281386545666,284.08592224121094,214.13394927978516,54.00168090504268,56.33156755384936,-546.4627642163458,350.3087615966797,178.17692756652832,99.68205839512903,103.98281150295853,766.7208082898359,303.5127830505371,190.63103199005127,88.29747656754623,92.10704523893246,-1384.4455459116598,288.25916290283203,201.29669666290283,109.9903648713638,114.73586683197472,-1574.3437939557612,283.4264373779297,207.63062953948975,133.4765547948121,139.23536151588414,-636.3081200033747,347.9184341430664,159.0794277191162,100.7327792785005,105.07886542998273,861.9591321885694,301.7121124267578,166.64772033691406,88.28032110312361,92.0891496070402,-1.3435967048980757,292.69405364990234,179.4756317138672,129.33268032473654,134.9127007998927,894.2963699427885,294.4242858886719,188.3193826675415,174.11641405997665,181.62861556292196,2148.3412181758567,348.570556640625,145.20994663238525,76.42380505037096,79.72108765442479,272.17591142539385,314.28855895996094,150.83875179290771,72.4584922867027,75.58469263717522,-1297.0931419053536,307.49597549438477,160.80578327178955,130.6578353224136,136.29502922041405,190.98641833032843,309.4733428955078,168.20932388305664,196.54375418601296,205.02357668615986,2639.0203845785563,973.4938612596347,1023.2141613164353,1087.7784535589788,1296.4672399174374,1656.232348196767,1245.821867606995,1370.4871039782686,1374.181083231605,1583.3338430373105,1196.527544057206,1267.0285587860337,1291.6326480698415,1447.449915083087,1152.0015699816315,1245.2454712889246,1283.3010898569491,1393.5068704125779,1106.7118093757244,1217.1371592559472,1254.966656120559,1358.684543546471
247,9.88,408.32714080810547,163.11347007751465,56.46790521406365,58.904196385734245,255.02102409731827,391.91383361816406,194.39105987548828,38.56575734012191,40.22966560412333,-545.0522858043657,362.85797119140625,207.44562149047852,46.552638827434144,48.56113874545485,-1441.9708629849358,335.958251953125,208.60369205474854,61.38008050881222,64.02830603963652,-1129.9715649027628,316.7183303833008,206.44945621490479,67.0024363846274,69.89323680701732,-1097.9568568867628,355.1660919189453,203.14693450927734,68.88364656072389,71.8556112431781,-356.78602550095707,314.62196350097656,212.3169994354248,49.295687631536765,51.42253558388887,225.50153951509148,296.0248565673828,214.52951431274414,34.387317518668304,35.87094822482916,2.2340878839806066,284.77291107177734,214.62753295898438,21.147968308073292,22.06039118426131,-856.7794092397012,351.4674377441406,181.0957431793213,78.50961324966403,81.89688743535123,-552.1481016901823,305.3635025024414,192.8029203414917,71.33662059550642,74.41441812163745,-442.3156779323751,288.8911437988281,202.0286464691162,24.175793313248125,25.218850809252604,-2237.9254005680527,282.5264549255371,207.5489902496338,22.59194253852942,23.56666525843298,-2891.717406436279,349.1916275024414,161.94130897521973,78.30782868906385,81.6863969391987,-584.8117122696007,304.1534233093262,169.38576221466064,91.70902405720746,95.66578294220774,89.41583337918857,294.033145904541,181.07288360595703,52.10795088814343,54.35613311203459,-2013.9141921964524,294.63144302368164,189.49388980865479,29.815904974438006,31.10230343014876,-3763.15780331933,349.7907257080078,147.53160953521729,65.56929153281425,68.39825934184685,-283.0707078144485,314.94226455688477,152.85339832305908,52.95122548688369,55.23579054545619,-508.7225522929758,307.21166610717773,161.0214900970459,8.921927416350758,9.306861352120835,-3174.7041967073305,308.4015655517578,167.05324172973633,39.41155144593981,41.11195124801482,-4097.790635953626,975.8500291150641,1024.8233479406001,1089.720899108797,1299.0283721590229,1659.0280776690477,1248.6960920567224,1372.544005401624,1375.6159211605982,1584.2162586846812,1199.80341955462,1270.0051355108992,1292.6414021022115,1448.3925816934245,1155.2690258591997,1249.0721026066128,1285.4753351814306,1394.750962549784,1109.4477397493984,1219.3465908777653,1255.3389305746439,1360.3290215963916
248,9.92,407.1596908569336,164.43995475769043,44.176499657851586,46.08248174986883,-320.5428658966353,391.3850402832031,195.8556604385376,38.92843755199633,40.607993547128906,9.45819857513932,362.64671325683594,208.69903564453125,31.77732049452335,33.14834364628838,-385.3198774791617,335.4301071166992,209.59799766540527,28.146720675181285,29.361102664958793,-866.6800843669431,316.01993560791016,207.9327392578125,40.9869174834368,42.75528599011939,-678.4487704224482,355.7208251953125,203.52521896362305,16.785934147164344,17.51015834170371,-1358.6363225368598,314.95914459228516,211.90993309020996,13.214435708313102,13.784568652553324,-940.9491732833887,296.29058837890625,213.61384391784668,23.836233812034983,24.864641113173434,-275.15767779139304,285.1560401916504,213.3277416229248,33.87703351636454,35.33864816924443,331.956424624578,351.7566680908203,181.51288032531738,12.689995863135128,13.237502004414697,-1716.4846357734134,305.1219940185547,192.7250862121582,6.34352521662664,6.617214747413205,-1694.9300843556064,289.1287040710449,201.7560338973999,9.039928691418773,9.429953757515081,-394.7224262934381,283.4333801269531,207.01201915740967,26.349232375534275,27.48606226099677,97.98492506409477,349.1518783569336,162.5760555267334,15.899748017403839,16.585737971869875,-1627.5164741832207,304.2161560058594,169.48143482208252,2.860139750216234,2.9835396389987294,-2317.056082580225,293.73878479003906,180.9606170654297,7.876080951717425,8.215892149198382,-1153.5060240709051,293.74658584594727,189.0732192993164,24.494079672635365,25.55086954005505,-138.7858472523427,349.5241165161133,148.37061882019043,22.008763048411566,22.958324660640113,-1135.9983670301683,315.1693916320801,153.52407932281494,17.70239587810602,18.466160544632135,-919.2407500206012,307.0898628234863,161.97484016418457,24.027489340744168,25.064148305449045,393.93217383320524,307.3506736755371,168.31518173217773,41.05534606836001,42.826666906224474,42.86789145524139,977.6933283850589,1026.4476676824852,1091.0468328546485,1300.2028162656213,1660.7382891086525,1249.3964983903904,1373.0953881477262,1376.610506805125,1585.6298046114507,1200.3329196347968,1270.2698241007959,1293.0186002525122,1449.4920241838645,1155.9324553780743,1249.1914441921729,1285.8039708673987,1395.7729973313863,1110.366072735824,1220.0852372995505,1256.3414965068619,1362.0420882726405
249,9.96,407.2056579589844,164.90954875946045,11.795960669052352,12.304893924685649,-844.4396956295795,391.01707458496094,195.84420204162598,9.203601534951034,9.600688217769767,-775.1826332339785,362.1996307373047,208.19519519805908,16.840018831114843,17.566576493445016,-389.54417882108413,335.1795959472656,209.58781242370605,6.267953471800934,6.538382481871373,-570.5680045771854,315.5667304992676,208.41583728790283,16.560090903601843,17.27457115778452,-637.0178708083718,355.4964065551758,203.4463405609131,5.946928222562092,6.203506692619775,-282.6662912270984,315.2281379699707,211.82424545288086,7.057788624532249,7.362294840094548,-160.55684531146937,296.57958984375,213.83042335510254,9.028721508465983,9.418263043948155,-386.159451730632,285.7060241699219,213.68325233459473,16.372046345589006,17.078413472592086,-456.5058674163086,351.88350677490234,181.4654302597046,3.3855908371286985,3.531661158599225,-242.64602114538684,305.66211700439453,192.65376091003418,13.620300532560561,14.207944395338618,189.76824119813534,289.4830131530762,201.6708469390869,9.110150364992812,9.503205124553752,1.831284175966763,283.6737251281738,206.98795795440674,6.038659883498986,6.29919608910319,-529.6716542973395,349.4331359863281,162.52532958984375,7.14488343003072,7.453147325374655,-228.31476616238052,304.6097946166992,169.60776329040527,10.335322861813962,10.78123732860972,194.94244224027474,293.75112533569336,181.04162693023682,2.0486103923017986,2.136997085486841,-151.9723765927885,293.4415054321289,189.16016578674316,7.930705776105016,8.27287374557716,-431.9498948619472,349.78885650634766,148.32065105438232,6.735356340292557,7.025951309730586,-398.3093337727381,314.6809196472168,153.8454008102417,14.61703582892274,15.247683543071131,-80.46192503902509,306.796875,162.6974630355835,19.494000342735006,20.33506325724384,-118.22712620513016,307.7214050292969,169.33035850524902,27.01880846331847,28.18452701226594,-366.0534973489634,978.1855241420463,1026.831695211196,1091.7494959143864,1300.464351564896,1661.429271954964,1249.6446386580951,1373.38987994133,1376.987237326883,1586.3129411503544,1200.4741860811407,1270.8381418766094,1293.3987284574944,1449.7439920274285,1156.2305812710892,1249.6226936853172,1285.889450750818,1396.1039122812092,1110.6471107882132,1220.6951446412734,1257.1548990371516,1363.169469353131
250,10.0,405.67684173583984,165.4941987991333,40.91985087521227,42.68532581279731,759.5107972027914,389.78431701660156,196.71541213989258,37.73839438878048,39.366606321450334,744.1479525920142,361.5210723876953,208.51930618286133,18.79975671873975,19.61086669616483,51.10725506799536,335.2615737915039,209.32717323303223,6.83068237170819,7.125390154750475,14.67519182197754,316.3484573364258,207.4295997619629,31.46189466546699,32.81930886255708,388.61844261931395,354.35585021972656,203.02971839904785,30.356658866822496,31.6663879902651,636.5720324411332,313.72791290283203,212.60052680969238,42.22919603932488,44.0511622891324,917.2216862259463,295.1338195800781,215.02780437469482,46.93062007765894,48.95542788561268,988.429121041613,284.37843322753906,215.2018404006958,50.42697334265589,52.60263028447181,888.1054202969931,350.80310821533203,181.24950885772705,27.544090783614006,28.73247248386343,630.0202831316051,304.47946548461914,193.03542137145996,31.06776187870215,32.408171332562944,455.0056734306081,289.0403938293457,201.84257984161377,11.869184248241218,12.381276713674483,71.95178972801828,283.8949203491211,206.86853885650635,6.284318117010226,6.555453174887819,6.406427144615723,348.5569763183594,162.42383480072021,22.050467058465298,23.001827977948686,388.71701631435076,303.52609634399414,170.06070613861084,29.363659193854534,30.63054563830006,496.23270774225847,292.93792724609375,181.3983392715454,22.19987088040031,23.157677783863697,525.5170174594215,292.7919387817383,189.18338298797607,16.24953598823644,16.95061744188357,216.94359240766025,349.2897033691406,148.2322883605957,12.672850410346953,13.219616816105898,154.8416376593828,314.1722297668457,153.97238731384277,13.107511360112934,13.673031084780565,-39.36631145726417,307.02070236206055,162.85645008087158,6.86365284380423,7.159783128173401,-329.3820032267609,308.89461517333984,169.23660278320312,29.42375929310435,30.69323873866553,62.717793159989824,979.8929371745581,1028.406359464054,1092.533930582233,1300.749367171086,1662.742044309466,1250.911294177706,1375.1519264328954,1378.9454544423074,1588.4170463617331,1201.623484980495,1272.1344687299118,1293.8939795260412,1450.0062101544238,1157.1506543902071,1250.8479155108494,1286.8157578621726,1396.7819369788847,1111.1758954608574,1221.2420658846647,1257.4412903622786,1364.3971989026777
251,10.04,405.2644348144531,165.19344806671143,12.76054641904015,13.311096443315844,-734.3557342370366,387.9093933105469,196.05016708374023,49.736115451079534,51.88196553224167,312.8839802697835,358.28636169433594,207.90807723999023,82.29882323861321,85.84958177543203,1655.9678769816799,331.0756301879883,210.45879364013672,108.40516765123766,113.08227674375635,2648.922164725147,311.19483947753906,211.28891944885254,160.96219564126335,167.90686225722732,3377.1888348667558,351.63490295410156,200.53095817565918,92.3558223540264,96.34048716141602,1616.8524792787728,310.7661819458008,210.1867389678955,95.51904917032145,99.64019046886683,1389.7257044933608,292.7694511413574,213.97677898406982,64.68622576405375,67.47709396007114,463.0416518614617,283.19684982299805,215.4733943939209,30.30966134258219,31.617362771656406,-524.6316878203851,348.65386962890625,178.46652030944824,87.9070949967652,91.69982077003309,1574.1837071542413,302.8242874145508,190.8515167236328,68.50663268270198,71.46233121221249,976.3539969912387,287.8618621826172,200.60571670532227,42.71100019504257,44.55375374352178,804.3119257461825,282.92837142944336,206.30521774291992,27.968145844228374,29.174823275416646,565.4842525132207,346.6768264770508,159.5344591140747,86.1809697828896,89.89922239120085,1672.434860331304,302.05299377441406,166.66123867034912,92.62292591562161,96.61911482766094,1649.714229734022,291.4632987976074,178.83443355560303,73.94314361946962,77.13339881527983,1349.3930257854033,291.2151527404785,187.35231399536133,60.41040822794335,63.01679753324557,1151.65450228405,347.3365020751953,145.5323839187622,83.30846029103934,86.90277932170139,1842.0790626398873,311.6826629638672,151.70648574829102,84.15852887283089,87.78952386257592,1852.912319444884,303.65489959716797,161.35004997253418,92.18822300922398,96.16565679214807,2225.146841599367,304.78092193603516,168.42547416687012,104.82247398244513,109.34500880975972,1966.2942517773547,980.4253810322907,1030.4816380853435,1095.9679138532504,1305.2726582408363,1669.4583187997553,1254.7649136641623,1379.1375340516502,1381.6445382007105,1589.6817408725994,1205.2914778112965,1274.9929619784002,1295.6761296757822,1451.1732030854407,1160.746623285855,1254.7126801039556,1289.9010938147837,1399.3026088802144,1114.6520066337255,1224.7536468391677,1261.2879166339644,1368.770999255068
252,10.08,402.7764129638672,165.48587322235107,62.628693507069634,65.33079007867286,1300.4923408839254,386.3905334472656,199.07013416290283,84.5101193774768,88.15628363619444,906.8579525988193,353.8131332397461,213.2376480102539,173.9505989537711,181.4556464127007,2390.151615931717,322.15484619140625,219.6957778930664,321.0356923327852,334.88668290976034,5545.110154150099,301.6131019592285,231.58029556274414,560.9977932583663,585.2018781427059,10432.375397136966,349.8183059692383,200.67219257354736,45.55197416524065,47.51730070055727,-1220.5796615214688,307.44821548461914,208.86777877807617,89.2628051733142,93.1140226636371,-163.15419513074332,288.4463119506836,213.3633327484131,109.16114448941237,113.87086998039406,1159.844400508073,278.0446243286133,215.85542678833008,129.15924351204592,134.7317811069004,2577.8604583810998,347.6494598388672,176.9520092010498,45.432524994411885,47.39269793036528,-1107.6780709916952,299.61605072021484,188.07861328125,106.0123111590761,110.58618116162276,978.0962487352567,283.3449935913086,198.87794494628906,120.90103680919874,126.117276503366,2039.0880689961054,277.40577697753906,205.34854888916016,140.1210743784597,146.16655694380583,2924.7933417097297,346.1708068847656,157.76727676391602,45.95506831738497,47.93778623140597,-1049.035903994872,298.9357566833496,162.97104835510254,120.76493604480059,125.97530371149482,733.904722095847,287.6499557495117,175.60210704803467,124.97379688856005,130.36575461915993,1330.8088950970025,287.09339141845703,184.3152093887329,127.99638858996143,133.5187551510248,1762.5489404444806,346.3692092895508,144.51224327087402,35.14561027562404,36.66195729988292,-1256.0205505454617,308.9667510986328,148.60974311828613,102.9744876662735,107.41729166719406,490.6941951154536,299.4325828552246,158.42978954315186,128.34494449702584,133.8823494002412,942.9173152023282,299.3242835998535,166.31235122680664,146.28779531224924,152.59933923957072,1081.3582607452752,983.0386126354376,1034.0078894307915,1103.2261397097584,1318.6681255572266,1692.8663939254634,1256.6656056921847,1382.8620949581955,1386.1993729999263,1595.0710121168754,1207.1871857285112,1279.4164092248652,1300.7208207359167,1457.0198653631928,1162.6641347351115,1259.7516922524153,1295.1157239995503,1404.6433590862553,1116.1184849257208,1229.0503385058553,1266.6432106099742,1374.8749728246507
253,10.12,401.26853942871094,169.6138572692871,109.86905527087407,114.60932336443094,1231.963332143952,384.7056198120117,201.95486068725586,83.51863968065165,87.1220268392961,-25.856419922458684,352.9363250732422,217.38338470458984,105.93608125779022,110.50666234365374,-1773.724601726174,322.85953521728516,226.38115882873535,168.0604520667339,175.31137086963608,-3989.3828010031066,304.74830627441406,240.3357982635498,232.49776026041272,242.52880778392804,-8566.826758969446,344.67456817626953,200.96478939056396,128.80132806997585,134.3584235082918,2171.028070193363,301.9095039367676,209.09038066864014,138.57957373831042,144.55854871166278,1286.113151200642,282.41893768310547,212.9556369781494,151.02867360735226,157.5447613351306,1091.8472838684136,271.20044708251953,215.38085460662842,171.51527069694205,178.91524663409763,1104.5866381799308,343.23375701904297,177.18084812164307,110.54071264861491,115.30995920230013,1697.9315317983712,295.95691680908203,186.62936210632324,98.3920409243956,102.63713660765205,-198.7261138492677,279.8768997192383,196.8405818939209,100.55633779331916,104.89481142878837,-530.5616268644407,274.1630554199219,203.52224349975586,93.04110138670711,97.05533235652338,-1227.7806146820612,343.0735397338867,158.20494174957275,78.20092088485696,81.57487662920494,840.9272599449741,297.2244644165039,162.07224369049072,48.324237239801995,50.409172250561404,-1889.153286523335,286.6760063171387,174.67865467071533,33.55351872379141,35.00117542604318,-2384.114479827919,287.23731994628906,183.81786346435547,12.943830326132877,13.502288080703622,-3000.4116767580294,344.86339569091797,145.18527030944824,41.234390898856226,43.013436573302066,158.78698183547863,308.4783363342285,147.25936889648438,35.89968245850867,37.448563705437934,-1749.2181990439033,299.2754364013672,156.64398193359375,44.81771292075543,46.751359970515466,-2178.274735743143,300.0025939941406,164.58405017852783,46.416117247134395,48.4187269817037,-2604.515306446676,987.6229855700149,1037.4927705043633,1107.6464062035045,1325.680580392012,1702.5675462368206,1262.0399426325164,1388.6444369066621,1392.5011634533314,1602.2276219822393,1211.799584096603,1283.5218946891714,1304.9166131930683,1460.9020786574538,1165.9271298002795,1261.7680591424378,1296.515771016592,1405.1834506094833,1117.839022388653,1230.548281054073,1268.5132650087949,1376.8117219039189
254,10.16,398.5410690307617,173.91812324523926,127.39162149506873,132.8878955575948,456.96430482909636,380.7001495361328,206.27037048339844,147.1976072571154,153.5484047533581,1660.6594478515503,348.0763244628906,221.85399055480957,165.08695171150794,172.20957971564692,1542.5729342998295,318.4160804748535,231.293306350708,165.59265405970675,172.73710044300714,-64.35676066572356,301.63171768188477,246.15297317504883,164.98607593911035,172.1043516877018,-1760.611402405656,340.81695556640625,205.83542346954346,155.33079898053984,162.03250064293087,691.851928365977,298.29851150512695,211.85952186584473,113.76348631981381,118.67177849620576,-647.1692553864254,278.71925354003906,214.392671585083,99.22427632635384,103.50527856139148,-1350.9870693434782,268.08361053466797,215.71669578552246,78.37194716328743,81.75328178614498,-2429.049121198816,340.75313568115234,181.82272911071777,131.578259361899,137.25516468452358,548.630137055586,292.89562225341797,188.86303424835205,94.73916690911815,98.82666041675098,-95.26190477252676,276.31946563720703,197.31399536132812,89.71990288921424,93.59084172612538,-282.5992425665749,270.8821105957031,202.68427848815918,84.65660155972786,88.30908574914017,-218.65616518458035,341.6291809082031,161.7595338821411,95.92085815350254,100.05933538251516,462.1114688327555,295.38028717041016,162.7434253692627,49.062935099529895,51.17974101230638,19.264219043624387,284.7372627258301,174.884934425354,48.74216635787446,50.84513279758248,396.09893428848244,285.8621406555176,184.1149663925171,35.17268321873678,36.690198297168145,579.6977554116131,344.1448974609375,147.25956916809082,54.8802984996151,57.248092846269195,355.8664068241782,307.52580642700195,147.2975778579712,23.832398495783856,24.860640323330042,-314.6980845526973,299.30835723876953,156.02924823760986,15.390364244253634,16.05437698556091,-767.4245746238639,301.47342681884766,163.97252082824707,39.82239747060123,41.54052310364172,-171.95509695154954,992.9385013923187,1043.6347066944975,1114.5347893921305,1332.5900644097323,1709.4517203043288,1268.5212426582336,1393.3913080465104,1396.6413745957868,1605.497753253685,1217.289790683984,1287.4749611058414,1308.6602468621134,1464.4344420874195,1169.92950321558,1263.8152487829302,1298.5495763284953,1406.65105854137,1120.1289461025037,1231.542706667006,1269.1554400882173,1378.4733428280647
255,10.2,396.23138427734375,178.11575889587402,119.77789006023653,124.94567191806978,-198.5555909881253,377.19200134277344,209.6787929534912,122.28155901750877,127.55736093654784,-649.7760954202569,344.923095703125,223.78221988677979,92.40170442179138,96.38834879750765,-1895.530772953482,315.20450592041016,231.42837524414062,80.36033973889568,83.8274629749381,-2222.740936701726,297.4322319030762,244.9650764465332,109.10654037463148,113.81390998713188,-1457.2610425142482,339.1256332397461,211.11037731170654,138.48670795786285,144.4616762644158,-439.27060946287713,297.6122856140137,213.8046169281006,51.56489100423819,53.78964306907118,-1622.0533856783645,277.7212905883789,214.5211887359619,25.15510274969428,26.240412263465362,-1931.621657448153,265.8375930786133,214.27946090698242,66.66257621875621,69.53871347419181,-305.3642077988293,339.24530029296875,187.2134828567505,139.9414911405489,145.97922563988402,218.10152388401107,292.00878143310547,192.35225200653076,90.00391381963001,93.88710622464868,-123.48885480255767,275.9221839904785,200.32580852508545,75.9475610216073,79.22429621703247,-359.16363772732257,270.11730194091797,204.92551803588867,59.20349962597745,61.75781721441969,-663.781713368012,339.90753173828125,166.87747478485107,134.99396965217633,140.81824479122392,1018.972735217719,294.15828704833984,166.89814567565918,108.26756532638004,112.93873760704108,1543.9749148683675,285.9061050415039,178.97089004516602,106.2462519514898,110.83021526075804,1499.627061579389,288.4373092651367,187.58381366729736,108.00577178939994,112.66564906486242,1899.3862691923568,342.3114013671875,151.4160919189453,113.57373514640032,118.47384056419288,1530.6436929480922,306.25843048095703,150.25646209716797,80.4721913519678,83.94414039297733,1477.0875017411822,300.3982734680176,158.77331256866455,73.8148293017098,76.99954841399837,1523.6292857109365,304.14058685302734,166.25235557556152,87.71897287284742,91.50358217237753,1249.0764767183955,997.9363282690415,1048.7370011319595,1118.3903233440308,1335.9431629287296,1714.0042767038142,1274.2997097088103,1395.5428937692734,1397.6909910863258,1608.2793017926526,1223.1289597095792,1291.2304453548272,1311.8292187107947,1466.9047547759963,1175.562233007229,1268.3327982872117,1302.9827849389255,1411.1576845039644,1124.8678997250715,1234.9004722827253,1272.235422024777,1382.1334861149599
256,10.24,396.99222564697266,181.18311882019043,79.00781802708332,82.41658711144453,-1063.2271201656313,378.3060836791992,212.54691123962402,76.92237140286852,80.24116450564685,-1182.9049107725248,346.0075378417969,225.30537128448486,46.74401654529007,48.760773398692024,-1190.6893849703906,315.6585884094238,231.53533458709717,11.662740026322792,12.165925516485846,-1791.5384364613064,296.4764976501465,243.81062507629395,37.46820258958227,39.08475717649883,-1868.2288202658262,339.57263946533203,214.7614860534668,91.95926275351063,95.92681811350504,-1213.3714537727687,298.6812973022461,216.3605546951294,69.26220045279814,72.25049773164965,461.5213665644616,278.0120277404785,217.01016426086426,62.64746231479516,65.3503686610906,977.7489099406309,265.0803565979004,217.11692333221436,73.41917368067729,76.58682234749972,176.20272183269776,339.8876953125,191.2212610244751,101.4733869137882,105.85142636399266,-1003.194981897284,293.5219192504883,194.43602085113525,64.38011461302688,67.15777573341485,-668.2332622808456,276.237735748291,201.90100193023682,40.162227088171086,41.89501457016841,-933.2320411716017,269.2326354980469,206.81425094604492,52.141314719288886,54.390936415867486,-184.17201996380504,341.0600280761719,170.6861114501953,99.47977513499848,103.77180079103098,-926.1611000048233,295.8968162536621,169.0798044204712,69.74112253798504,72.75008276942236,-1004.7163709404679,288.16322326660156,180.49668788909912,68.11131395837859,71.04995657773244,-994.5064670756399,290.79797744750977,189.1961431503296,71.46835238902702,74.55183344466683,-952.8453905048899,344.5081329345703,154.57901000976562,96.27331025644698,100.42699392783753,-451.17116590888384,308.7301254272461,152.3446226119995,80.89225180453172,84.38232423029,10.954595932816602,303.93606185913086,160.28968334197998,96.22670829368637,100.3783813370923,584.4708230773484,308.29980850219727,167.26025104522705,106.99000538805032,111.60605772071199,502.5618887083613,1001.2329917534994,1051.9466477121853,1120.3407542799785,1336.4297999493892,1715.567666990874,1278.1367824333504,1398.4329136785393,1400.3050058327694,1611.3427746865525,1227.363016764139,1293.9167563841638,1313.5050192936014,1469.080392232631,1179.7131050388703,1271.2428015979888,1305.824783202035,1414.1397578417514,1128.884979482185,1238.2757652519367,1276.2505572782609,1386.597728423788
257,10.28,397.7869415283203,183.44027996063232,59.82448153759429,62.40559120807506,-500.2748975842367,378.52970123291016,213.92284870147705,34.84975528302006,36.35333773058988,-1097.1956693764243,345.6459426879883,225.84760665893555,16.293600288217718,16.9965828831348,-794.1047628889306,314.84405517578125,230.2161455154419,38.759871286897166,40.43215454007224,706.6557255896598,293.00525665283203,238.17091941833496,165.5592680315935,172.7022739845248,3340.437920200649,340.0185012817383,216.5805959701538,46.823829725886554,48.84403009550419,-1177.0697004500212,298.9759826660156,218.24460983276367,47.67404446647369,49.73092710115258,-562.9892657624266,278.11513900756836,217.64110565185547,15.9827831639783,16.672355645435037,-1216.9503253913892,265.2986145019531,216.34800910949707,19.982267053853327,20.84439609208693,-1393.5606563853196,341.04175567626953,192.99405097961426,52.883359553515085,55.16499655634164,-1267.1607451912755,294.72049713134766,196.4228868484497,58.009834445170306,60.51265170026555,-166.12810082873253,276.4569664001465,203.55035305023193,41.5964331083667,43.39109898751925,37.402110433771085,268.7662696838379,208.49069595336914,43.50262158224712,45.37952940277947,-225.28517532720045,342.4723434448242,172.3218011856079,54.02612568856004,56.357067000366015,-1185.3683447666242,297.41893768310547,170.40555953979492,50.46335478830019,52.64058139689407,-502.73753431320733,288.85095596313477,181.57809734344482,32.03925980173682,33.42158424791428,-940.709308245454,290.9757423400879,190.9603500366211,44.32850588695492,46.24104624304447,-707.7696800405588,345.8784484863281,156.11884117126465,51.531814913900206,53.75513992053831,-1166.7963501824804,309.8138618469238,154.0159034729004,49.79749205124126,51.94599020777567,-810.9083505628581,305.39180755615234,161.75823211669922,51.69520672972219,53.92558122822477,-1161.3200027216883,310.60998916625977,168.90827178955078,70.94411125284465,74.00497407876502,-940.0270910486743,1003.7292154018224,1053.400781221409,1121.0206175953037,1338.047086130992,1722.475757950255,1280.0905436371706,1400.4221507625855,1400.971900058587,1612.176550530236,1229.5696166263926,1296.3372624521744,1315.2406632531024,1470.8955734087422,1181.9673877188848,1273.3484248538646,1307.1616465719515,1415.989399691473,1131.0351850790064,1240.353604860248,1278.4075805273899,1389.557927386939
258,10.32,398.0307388305664,183.96838188171387,14.541508768704364,15.16889789004088,-1180.9173329508544,379.14852142333984,214.75280284881592,25.881488495259752,26.99813770850153,-233.88000055220868,348.5037612915039,225.0117015838623,74.43900382667846,77.65065276537014,1516.3517470558836,319.87552642822266,225.93348026275635,165.18346737549217,172.31025951958293,3296.952624487767,299.05492782592773,226.07381343841553,338.1368938684335,352.725710758751,4500.585919355655,341.00830078125,216.93171501159668,26.255804483216295,27.388603449727945,-536.3856661444061,299.19769287109375,219.78395462036133,38.88072940207541,40.55822704310351,-229.31750145122686,278.30699920654297,219.266996383667,40.9292912208145,42.69517345933555,650.5704453475129,265.7785415649414,217.98943519592285,42.753724859563505,44.59832175113451,593.8481414761895,341.094970703125,193.43005657196045,10.981026694951543,11.454799863822815,-1092.7549173129707,294.4236183166504,197.67193794250488,32.09619979624228,33.48098090174512,-675.7917699630108,276.78348541259766,204.64821338653564,28.634681588951118,29.870116508916688,-338.02456196506404,270.0196838378906,209.35954570770264,38.1276387380689,39.772644503770096,-140.17212247523432,342.0606231689453,172.72998332977295,14.494098979950673,15.11944261988756,-1030.9406095119614,297.54146575927734,171.90876960754395,37.70488725974728,39.33165353718445,-332.7231964927405,287.54364013671875,182.9781675338745,47.88835458730814,49.954483569153794,413.32248303098777,288.8667678833008,192.00961589813232,58.88936718284437,61.430131619367145,379.72713440806683,345.5746841430664,156.8406057357788,19.577041126430768,20.42168681114224,-833.3363277349018,309.8612594604492,155.82459926605225,45.23291808747476,47.18447904210297,-119.03777914181752,303.94445419311523,163.81168842315674,62.80681969353024,65.51660146708797,289.77550597157983,308.4184265136719,170.6219244003296,69.55012639567549,72.55084615469634,-36.3531981017168,1004.3359713174241,1054.480706729749,1124.1266437059185,1344.9394965117754,1736.584786380605,1281.1860877751596,1402.0444798443098,1402.6797069969605,1613.9604834002812,1230.0278086209455,1297.6765016882443,1316.435467913459,1472.486479188893,1182.5721654236804,1274.921690995352,1309.1598259147174,1418.4466049562477,1131.8520525514523,1242.240984021932,1281.0282445860735,1392.4599612331267
259,10.36,399.9006652832031,184.1172981262207,46.89616846121708,48.919489864306506,843.7647993566407,379.64595794677734,214.05667304992676,21.389830991487653,22.312688962055837,-117.13621866114235,350.0243377685547,222.20077514648438,79.8962618763792,83.34336260945945,142.3177461022327,324.1267776489258,219.35113906860352,195.89594262288068,204.34781548356102,800.9388990994523,306.2148857116699,214.059476852417,349.65096929586855,364.7365575859302,300.27117067947984,342.2873306274414,215.46416759490967,48.66731942274722,50.76705661344049,584.4613290928136,300.8707618713379,218.75245571136475,49.137243250658834,51.257255166772836,267.47570309173324,280.3574752807617,219.68728065490723,52.32763968255371,54.585300314901986,297.2531713891609,267.5168037414551,219.87603664398193,64.13277447080331,66.89976417346091,557.5360605581599,342.38616943359375,191.99975967407227,48.17249849286853,50.25088677999523,969.9021729043103,295.94459533691406,197.17127323150635,40.03152077589456,41.75866897246995,206.9422017681207,278.9851760864258,204.67012882232666,55.04499358222583,57.4198936498069,688.7444285222554,272.40718841552734,210.13541221618652,62.76019313238719,65.4679632166703,642.3829678225051,343.4568405151367,171.4549970626831,47.269261015176845,49.30867938683598,854.7309191737106,297.8264808654785,171.38663291931152,14.871540185056208,15.5131684148382,-595.4621280586563,287.2882843017578,182.5230360031128,13.046822236231101,13.609723546488471,-908.6190005666332,287.7572822570801,191.87177181243896,27.95039519791026,29.156306782680957,-806.8456209171547,347.16442108154297,156.09591007232666,43.88789101735003,45.7814211744096,633.993359081684,310.71414947509766,155.78198432922363,21.34884964593992,22.26993948840095,-622.8634888425505,304.7015571594238,164.05953884124756,19.91599124041197,20.77526082815648,-1118.5335159732872,308.79966735839844,171.08874320983887,15.067854496399818,15.717952649437965,-1420.8223376314595,1006.2927509119964,1055.3732142882313,1127.460378210297,1353.1134091311178,1751.1742486840421,1283.2167700396974,1404.0947700509807,1404.8631190095566,1616.6364739672197,1232.0378440921454,1299.3468484471432,1318.7322636594513,1475.10519771756,1184.544512599154,1275.5422177319454,1309.704214856577,1419.6128572275547,1133.6833093984285,1243.131781601468,1281.8592550191997,1393.0886793391044
260,10.4,399.6718215942383,183.55868339538574,15.091799335335523,15.742930581410945,-829.413982072389,379.7444152832031,213.81513118743896,6.52094310808123,6.802287281642458,-387.7600420103345,350.2511215209961,222.35836029052734,6.903982002911809,7.201852276995883,-1903.5377583115892,323.98799896240234,220.49036979675293,28.691311574597528,29.929189778647377,-4360.465642622841,305.45461654663086,216.22339725494385,57.339780648893644,59.813688629911425,-7623.071723900469,341.88304901123047,215.5189847946167,10.199526661500286,10.639582241150922,-1003.1868593072393,300.0156784057617,219.01964664459229,22.396410536913606,23.362697086084253,-697.3639520172146,279.43260192871094,219.7910213470459,23.266833268343845,24.27067395040053,-757.8656591125364,266.8001174926758,219.86065864562988,17.921280332726226,18.694488704705652,-1205.1318867188816,341.74571990966797,192.12565898895264,16.317671214516693,17.021692342473273,-830.7298609380489,294.45886611938477,196.95393562316895,37.538538062719944,39.15812725294986,-65.0135429880022,277.6559829711914,204.51197147369385,33.464235428598094,34.90804002932365,-562.7963405120813,272.00841903686523,209.61370468139648,16.416374622904424,17.124654280401938,-1208.582723406709,342.8995895385742,171.46081924438477,13.932034773311718,14.533128318272432,-869.3887767140887,297.3051643371582,170.96421718597412,16.774347499808275,17.498071791853366,49.622584425379166,286.4575958251953,182.1324634552002,22.9481788530793,23.938271284058136,258.21369343924164,286.9318962097168,191.11826419830322,27.94006813411654,29.145534160755506,-0.269315548136273,346.80572509765625,155.79205513000488,11.752410253588193,12.259464539347972,-838.0489158765407,310.18798828125,155.2883005142212,18.037622333378568,18.815850246777305,-86.35223104059114,303.3522415161133,163.76395225524902,34.53281170771525,36.02271971789438,381.18647224344755,306.8333053588867,170.90379238128662,49.37602101542994,51.50633492801605,894.7095569644521,1006.9224681352529,1055.645305779497,1127.7484523013768,1354.3105767222637,1753.5667962292387,1283.6423533293432,1405.0292779344243,1405.8339459675726,1617.3842535154079,1232.7187117858443,1300.9131735372612,1320.1285852606243,1475.790183888776,1185.1258377318848,1276.2421406036196,1310.6617457079394,1420.7786785939852,1134.1736879800023,1243.8844156113391,1283.3001638079154,1395.1489327362249
261,10.44,401.06842041015625,182.66674518585205,41.4279647569854,43.21536211863903,686.810788430702,380.99559783935547,213.00646305084229,37.244143364818605,38.85103098234515,801.2185925175673,351.0440444946289,220.90916633605957,41.29838041452598,43.080186897815615,896.9583655204932,324.56398010253906,218.4505033493042,52.9906206159419,55.27688536577739,633.6923896782503,305.9213638305664,213.912935256958,58.92838700065279,61.470834935745,41.42865764583945,341.85462951660156,214.74117279052734,19.458275575260743,20.297797155178223,241.45537285068252,299.7455406188965,218.8518476486206,7.950272280775615,8.29328444134018,-376.7353161186018,280.10528564453125,219.88938331604004,16.99592705757447,17.72921133450588,-163.53656539736622,268.74061584472656,219.96929168701172,48.588418064337006,50.68475107911479,799.7565593602285,342.03060150146484,191.35931968688965,20.439444819256792,21.321298657790923,107.49015788294125,294.9513053894043,197.15048789978027,13.255405314872137,13.827305880744298,-633.2705343051391,278.39269638061523,204.50955390930176,18.417934402411806,19.21257076823592,-392.38673152719326,272.5962829589844,209.3800449371338,15.8149625951622,16.49729450750837,-15.683994322339156,343.3271789550781,170.71846961975098,21.417219624347812,22.341259269429834,195.20327377893506,297.61585235595703,170.85476875305176,8.235062404677866,8.590361751423886,-222.692751010737,286.3776397705078,181.8244457244873,7.955654165226974,8.298898525614185,-390.9843189610988,286.3454818725586,190.8781099319458,15.842108573244879,16.52561169083584,-315.49806174799164,347.4593734741211,155.32055854797363,20.148902372745354,21.018220842829958,218.96890758704964,311.34326934814453,155.885009765625,32.507078789048585,33.90958714791781,377.34342252851263,304.37686920166016,164.66003894805908,34.02970444167505,35.497906036749704,-13.12034202861696,307.53528594970703,172.02444076538086,33.058939323024475,34.48525754241221,-425.52693464009616,1008.6510826199985,1057.1993470187908,1129.4716597772895,1356.5216521368948,1756.0256296266684,1284.4542652155503,1405.3610093120776,1406.5431144209526,1619.4116435585725,1233.571563732156,1301.466265772491,1320.8970880913537,1476.450075669076,1186.0194881026619,1276.5857550736766,1310.993701648964,1421.4397030616185,1135.0144168137156,1245.2407990972558,1284.7200800493854,1396.5283430379216
262,10.48,400.2976989746094,182.65442848205566,19.270496108102726,20.101915998107614,-577.8361530132853,380.98655700683594,212.82706260681152,4.490702615618789,4.6844526599236955,-854.1644580605364,350.63194274902344,221.77010536193848,23.862154332388904,24.891679966758666,-454.71267327642374,323.14929962158203,220.09469032287598,54.22563777439562,56.56518697649822,32.20754026802073,303.6675453186035,215.88523864746094,74.87355403051188,78.10395151001154,415.8279143566634,342.0783233642578,217.19595909118652,61.62393365904617,64.28268016235647,1099.6220751794563,299.01493072509766,220.3125,40.829646922509696,42.591230037070915,857.4486398932685,280.4161071777344,220.5919361114502,19.205963524407043,20.03459917505779,57.634696013797715,271.8747138977051,219.8507595062256,78.40846766917795,81.79137795852691,777.665671985303,341.8661880493164,194.35219287872314,74.93464538200514,78.16767862990713,1421.1594993029053,293.552303314209,199.87319469451904,76.52752403758669,79.82928156685567,1650.049392152784,277.4282646179199,206.01586818695068,44.71514933403857,46.64437130799836,685.7950134940611,272.93535232543945,209.81131553649902,13.715009231337955,14.306739273085059,-54.763880860582816,342.7976608276367,173.53673458099365,71.689464179967,74.78248503883091,1311.030644235027,296.1474418640137,174.99216556549072,109.7562121147063,114.49161162346066,2647.5312468009192,284.2013931274414,184.30047512054443,82.4119644742074,85.96760445637796,1941.717648269094,283.88647079467773,191.65849685668945,64.49679853223162,67.27949394601436,1268.8470563794629,346.1240005493164,157.1520709991455,56.666010023089655,59.1108483685126,952.3156881420662,310.7457733154297,158.96385669708252,78.40719010578431,81.79004527503618,1197.011453177959,304.68936920166016,166.2813663482666,41.27922289620768,43.06020283400084,189.0574199312784,308.17590713500977,172.23106384277344,16.827964062273317,17.55400162514533,-423.28139793167196,1009.4551592599228,1057.3867251251877,1130.4673269759598,1358.7842596159546,1759.149787687069,1287.0255724220447,1407.0646585135605,1407.344498387955,1622.6832986769136,1236.6982708773521,1304.6594370351652,1322.7628629436738,1477.0223452399996,1189.0107875042152,1281.165419538615,1314.4324058272189,1424.130882819459,1137.3788507484562,1248.5124009082572,1286.4424881627453,1397.2305031029275
263,10.52,402.4936294555664,181.98163032531738,57.417157915266316,59.89440431569664,994.8122079397257,382.5935363769531,212.41350173950195,41.48354558550954,43.27334096567181,964.7222076437029,351.9649887084961,221.11650466918945,37.116416479338845,38.7177933579368,345.6528347794533,324.9862289428711,220.65796852111816,48.03378797801125,50.10619164074851,-161.47488339374263,305.1218795776367,218.8080883026123,81.61701049572984,85.13835242217641,175.86002280412174,342.99617767333984,216.38533115386963,30.614275524858254,31.935119443285167,-808.6890179767826,301.8671226501465,222.24884033203125,86.18444123928572,89.90284362256274,1182.7903396372956,286.28292083740234,223.0964469909668,159.47585487873172,166.3563937594074,3658.0448646087407,280.9001922607422,222.6190996170044,236.01240254830606,246.19508828020034,4110.092758041836,341.5032958984375,193.42938423156738,24.789948976790043,25.859504038366442,-1307.7043647885173,294.732666015625,202.9489517211914,82.36176826211043,85.91524254346528,152.14902441524032,279.0894889831543,209.76399421691895,102.49425327845823,106.91633770788181,1506.7991599970862,274.2445182800293,213.88041973114014,106.86300939609272,111.47358252401196,2429.1710812731726,341.4664077758789,173.1536865234375,34.63163747041885,36.12580928907991,-966.4168937437751,295.9579849243164,177.90329933166504,72.9323048130924,76.07894766573841,-960.3165989430561,284.5571708679199,187.9760456085205,92.31872850585586,96.30179291006993,258.3547113422995,284.0557861328125,196.07906341552734,110.59519763772397,115.36679493024839,1202.1825246058509,344.8234558105469,157.71577835083008,35.43640955892277,36.96530303277887,-553.6386333933432,309.1522407531738,162.23944187164307,91.06592482499481,94.99493738266088,330.1223026906175,300.8009719848633,171.25624179840088,157.85479613386477,164.66539491150482,3040.1298019375995,301.77734375,178.8636016845703,230.39663031234744,240.33702520188245,5569.575589418428,1011.8509354325506,1059.1176587638147,1132.0160387102774,1360.7885072815845,1762.555321783956,1288.302977199776,1410.6607722584629,1413.9987541383314,1632.5311022081214,1237.7326510388868,1308.0960467369039,1327.039516451989,1481.4812885409601,1190.4558198757782,1284.2085774452444,1318.2844775436215,1428.7455546166689,1138.8574628697672,1252.3121984035636,1293.0291039592057,1406.8439841110026
264,10.56,406.0951232910156,178.9404058456421,117.84471822740663,122.92909395476998,1575.8672409768335,385.5643844604492,210.51873207092285,88.09118298735893,91.89185118286817,1215.462755429909,352.6058578491211,223.19081783294678,54.27642419102392,56.618164558143235,447.5092800051609,321.8192672729492,226.07279777526855,156.82398985478358,163.59011479851907,2837.098078944264,299.07142639160156,226.84268474578857,251.44920431508595,262.2979063215466,4428.988847484254,346.73213958740234,220.10478973388672,131.79478259729282,137.48102975126127,2638.6477576994025,306.5390205383301,225.0860595703125,136.64836919006655,142.54402291086421,1316.0294822075368,290.54725646972656,224.7303056716919,114.16559402270335,119.09123501773655,-1181.6289685417714,282.96913146972656,223.35765838623047,54.920274637842226,57.289793743229104,-4722.632363424281,345.30391693115234,197.7496862411499,143.8526365945312,150.05911631479376,3104.990306910683,299.94468688964844,206.0363245010376,151.44518866778014,157.9792468154057,1801.6001067985105,284.3537902832031,211.21360301971436,136.50602976342685,142.39554229150295,886.9801145905285,279.08721923828125,214.02271270751953,121.11977507353333,126.345452165817,371.7967410451258,344.8451614379883,177.69075393676758,141.4234709620348,147.52514504513866,2784.983393901469,302.1447944641113,183.70861530303955,212.10007338694132,221.2510687062186,3629.303026012005,289.9394416809082,191.50086879730225,160.84390262090872,167.7834655192818,1787.0418152302968,287.6505470275879,197.07738876342773,93.27030405917927,97.294423910925,-451.8092754830846,345.9067916870117,161.68240070343018,102.7974632146344,107.23262954762549,1756.6831628711655,313.24649810791016,169.4899320602417,208.16542589635526,217.1466620062443,3053.7931155895853,302.364444732666,177.59868621826172,163.3077008520758,170.353563600897,142.20421723480428,299.0782165527344,184.2892599105835,151.49887543419982,158.03524988158128,-2057.544383007529,1016.7680991907414,1062.7933328111294,1134.280765292603,1367.3321118735255,1773.0472380368178,1293.8022183898265,1416.3625331748976,1418.7624035390409,1634.8226939578506,1243.7350156914786,1314.41521660952,1332.735338143649,1486.535106627593,1196.3568256775839,1293.0586201934932,1324.9958161643926,1432.6373315731062,1143.1467680516723,1260.9980648838134,1299.8432465032415,1413.165394106266
265,10.6,407.8876495361328,176.26996994018555,80.40669384675564,83.87581701715585,-976.3319234403532,389.6601867675781,207.72504329681396,123.94629256674159,129.2939189254124,935.0516935636061,359.77684020996094,219.63342189788818,200.1219219910821,208.75612348937315,3803.448973280748,332.8180694580078,221.76177978515625,295.33722845367976,308.07946636067686,3612.2337890539447,313.53565216064453,223.03081512451172,373.95201656384006,390.08606639496423,3194.7040018354414,351.08985900878906,215.09187698364258,166.05536124492352,173.2197709937169,893.4685310613908,310.29409408569336,223.34464073181152,103.48042362324368,107.9450560823074,-864.9741707139203,294.6487617492676,225.8108139038086,106.03608936871088,110.61098527512259,-212.0062435653491,288.134765625,226.6590929031372,153.26294010529492,159.87542460436242,2564.640771528333,346.90174102783203,192.78897285461426,130.29226556880738,135.91368706724802,-353.6357311886434,301.8519592285156,205.31421661376953,50.984848089056456,53.184574372818055,-2619.8668110646913,288.0058479309082,212.58344650268555,97.51280758828489,101.71996900770627,-1016.889332094917,284.75128173828125,216.09267711639404,150.76131105557525,157.26586350464865,773.0102834707914,344.8594665527344,173.76837730407715,98.06006795895506,102.29084076620133,-1130.8576069734333,302.53454208374023,184.61430072784424,24.64966145444555,25.713163852108035,-4888.447621352764,293.5081100463867,193.89577388763428,107.44464939698422,112.08031721176833,-1392.5787076878369,294.4964027404785,199.43856239318848,181.04019124146632,188.85111707565665,2288.917329118291,345.8721923828125,159.87128734588623,45.286095449687785,47.23995072597715,-1499.8169705412085,313.7475395202637,168.9494276046753,18.425314844330728,19.220269637151947,-4948.159809227309,303.8522529602051,177.8869342803955,37.886840288357476,39.52145687572878,-3270.8026681292054,301.4385414123535,184.2403221130371,59.020803276073806,61.56723848420321,-2411.7002849344517,1020.1231318714276,1067.965089568146,1142.631010232178,1379.6552905279525,1788.6506806926163,1300.7310092295752,1420.68033541819,1423.1868429500457,1641.217710942025,1249.1715631741686,1316.542599584433,1336.8041369039572,1492.825741167779,1200.4484593082318,1294.0871467475777,1329.4790288528634,1440.1913762561321,1145.0363660807116,1261.7668756692997,1301.4241047782707,1415.6280836456342
266,10.64,411.70005798339844,172.33028411865234,137.0574298906576,142.97073241513849,1477.3728849495658,397.0098876953125,205.43758392333984,192.43598629225082,200.7385803541033,1786.1165357172722,367.09815979003906,218.6927032470703,184.53771967681826,192.4995453472503,-406.41445355307155,339.1068649291992,221.6087007522583,157.2664571451715,164.05167221008713,-3600.694853764743,318.20444107055664,222.49003887176514,117.50007670437108,122.56958297453075,-6687.912085510837,358.6331558227539,210.33857345581055,222.90023167786384,232.517196651887,1482.4356414542522,311.9060707092285,223.75549793243408,41.58780075129611,43.38209418994033,-1614.0740473091769,297.8131103515625,229.2815351486206,117.41754563318909,122.48349112454268,296.81264623550237,296.4173698425293,231.5026330947876,239.87159874134588,250.22078835857474,2258.634093855308,353.1814956665039,188.34952354431152,192.26288724794944,200.55801300241816,1616.1081483792536,304.53054428100586,205.01928806304932,67.36932134442779,70.27595091056213,427.28441344360186,293.32666397094727,214.22820568084717,139.23073494671502,145.23780407899457,1087.9458767822075,293.909912109375,218.40226650238037,236.13385161569585,246.3217772319026,2226.3978431813484,349.76783752441406,170.28709888458252,150.4397824497954,156.93046264168603,1365.9905468871177,303.5500717163086,184.2257308959961,27.18325482773037,28.356068366731236,66.07261286558001,296.85075759887695,195.3273868560791,90.90794915596062,94.8301458998233,-431.254282798626,300.4249572753906,201.22657299041748,154.8078259674518,161.48696411292153,-684.103824068378,349.6194076538086,158.0892276763916,103.73451376237333,108.21010886579978,1524.2539534955658,316.6740036010742,170.2764129638672,80.33166467754154,83.7975507364909,1614.432027483474,309.7359275817871,181.035418510437,166.82809265728542,174.0258416757201,3362.6096199997833,311.0378837585449,187.63607025146484,254.5565738924981,265.5393424459621,5099.302599043973,1025.841961168033,1075.99463278231,1150.3309920460679,1386.2173574163562,1793.5534640115977,1310.0316970956505,1422.4156191857876,1428.0861825950276,1651.226542476368,1257.1938836942652,1319.3536376208554,1342.6136490671167,1502.678612257055,1206.7256778138992,1295.2213894822469,1333.2722346888563,1446.6508548206489,1149.3647704353434,1265.1187776987592,1308.3851384452996,1426.2496573434726
267,10.68,416.6071319580078,169.118914604187,146.61230582459208,152.93785066257846,249.17795618599925,405.7931900024414,205.14319896697998,219.7058572286862,229.18500185608875,711.160537549636,375.0635528564453,221.92724704742432,214.92696477344532,224.19992549062616,792.5095035843967,344.65686798095703,227.35834121704102,199.78253700709777,208.40209584001732,1108.7605907482548,322.59593963623047,229.92868423461914,215.95529700412635,225.27262481312076,2567.5760459647504,364.674072265625,209.77980136871338,151.66760060051817,158.21125464560353,-1857.6485501570864,317.17967987060547,229.94712352752686,203.32729326256054,212.09978956213783,4217.942384304938,306.4932060241699,239.7927474975586,340.79836957694334,355.50201505436144,5825.463098245468,307.4524688720703,243.34997177124023,404.76292776323675,422.2263053011646,4300.137923564746,356.7282485961914,187.85704135894775,89.51953364750742,93.38182761238382,-2679.404634750859,308.0674743652344,209.00636672973633,133.24477174328317,138.9935782527298,1717.9406835541918,303.33202362060547,222.03442096710205,317.25799715528046,330.94600018427894,4642.704902632109,309.24808502197266,227.20444679260254,442.1099454309415,461.18464906795384,5371.571795901282,352.2516632080078,170.91878414154053,64.07230432457763,66.83668506055157,-2252.3444395283614,306.60661697387695,190.24942874908447,168.8701511829155,176.15600421617359,3694.9983962360593,305.0177001953125,204.3005132675171,303.331449252628,316.4185954660875,5539.711239156604,311.8816375732422,209.91097927093506,359.40439957333695,374.9107967456906,5335.595815819227,351.65699005126953,160.51443099975586,79.18867179914255,82.60524376633714,-640.121627486566,320.35926818847656,175.83120346069336,166.65246874632572,173.84264052274685,2251.1272446563985,316.2135314941406,188.89939785003662,254.7075817223879,265.6968654642837,2291.7755947140895,319.46895599365234,195.48927783966064,288.04931051047424,300.47711334010165,873.4442723534883,1031.9594751945363,1085.1620328565537,1159.298989065693,1394.5534412499567,1802.5643690041225,1316.3601472814748,1430.899610768273,1442.306263197202,1668.1155946884144,1260.9291567987605,1324.9133807509645,1355.851489074488,1521.1259982197732,1209.3991452163214,1302.2676296508937,1345.9289785074998,1461.6472866904764,1152.6689801859968,1272.0724833196691,1319.0130130638709,1438.2687418770768
268,10.72,421.13903045654297,168.46588611602783,114.46765429416259,119.40632759081701,-838.288076794036,416.21570587158203,205.80715656280518,261.0910721514886,272.35576971151534,1079.2691963856648,387.10865020751953,226.4271640777588,321.4553074269709,335.32440217383845,2778.111917080307,355.3732681274414,236.31415843963623,349.14887066989724,364.2127960623337,3895.2675055579098,332.38521575927734,242.78809547424316,404.0377337290296,421.469822983523,4904.929954260056,369.8382568359375,209.58239078521729,129.19890966725004,134.7731586467109,-585.9523999723159,324.3508529663086,238.65888118743896,282.09090411334347,294.2616332504454,2054.0460922076895,317.509708404541,254.14867401123047,452.39359989578566,471.91198878179455,2910.249343185828,323.11458587646484,259.295711517334,558.7757405197871,582.8839555918951,4016.4412572682622,358.01292419433594,189.28476333618164,48.015501642338435,50.08711634649838,-1082.3677816471359,313.6980438232422,223.05192947387695,378.3030739541392,394.6248488773707,6390.781765616022,312.0355415344238,240.86454391479492,518.6067599235154,540.9818961355043,5250.897398780633,321.0978317260742,247.58952140808105,589.4742170093152,614.9069088257199,3843.0564939441524,350.8214569091797,176.0461664199829,133.07784161556688,138.81944597372245,1799.569022829272,309.517822265625,207.25866794586182,431.41434137025436,450.02758631405055,6846.789552446924,309.33156967163086,225.22650718688965,534.1504302232709,557.1961935212672,6019.439951379493,318.17344665527344,233.10786724090576,600.8756490614876,626.8002523123223,6297.236389165792,348.9944839477539,169.98563289642334,245.9580809288135,256.5698700308939,4349.11565661392,321.0726547241211,194.58691120147705,469.231747918161,489.4766137510069,7890.849330706502,317.3484420776367,211.4270782470703,563.9062455893197,588.2358147945363,8063.4737332563145,321.9600296020508,220.27084350585938,622.6613468564689,649.5258876347431,8726.219357366035,1036.735728298169,1096.056263645014,1172.7119651526466,1409.12195309245,1819.4231619234633,1321.7510736273432,1442.670076098291,1461.1827427484739,1691.4309529120903,1262.9326414526204,1340.6983747060594,1377.4907649199083,1545.7222745728018,1214.9519230552703,1320.2687331034558,1368.2168262483506,1486.7192967829694,1162.9317749872325,1291.6515478697092,1342.5424456556523,1464.2497773824664
269,10.76,423.5261535644531,171.72005653381348,100.89592979993618,105.24905503270753,-353.93181395273706,421.6741180419922,210.77526569366455,184.520276254078,192.48134933316342,-1996.8605094587979,392.53711700439453,234.22129154205322,237.4561468651147,247.7011225211678,-2190.581991316766,359.3693542480469,246.85126304626465,281.73489064891027,293.8902596897397,-1758.0634093148503,335.43460845947266,257.7250099182129,381.12515082522094,397.56868342550325,-597.5284889504934,374.3659210205078,216.29693984985352,202.46128041808396,211.19641284805152,1910.5813550335156,328.11683654785156,245.751314163208,200.756752458397,209.41834353059136,-2121.0822429963514,320.8531188964844,262.4553680419922,223.85759904223895,233.5158693497791,-5959.902985800386,326.94332122802734,267.7617359161377,232.2885914028121,242.3106143974516,-8514.333529861087,360.706787109375,196.72295093536377,197.7743856102983,206.3073033415008,3905.504674875061,315.79158782958984,232.27908611297607,236.5419441518052,246.74747680052326,-3696.9343019211865,315.30384063720703,251.72578811645508,283.55820019150156,295.7922353865826,-6129.741518723042,325.7402038574219,258.23607444763184,290.36691296302314,302.89470806920446,-7800.305018912887,352.17159271240234,184.88299369812012,223.48431576787092,233.12648087826543,2357.6758726135745,310.91819763183594,217.93046951293945,269.0822363300055,280.69171031950464,-4233.396899863648,312.6896286010742,236.2347650527954,287.72632506416835,300.1401927816567,-6426.4000184902625,323.3773422241211,243.03534507751465,280.2179344811741,292.3078548940572,-8362.309935456627,349.6601104736328,180.39483547210693,260.76157324936173,272.01205467611265,386.0546161304683,321.6921615600586,206.04174613952637,286.789374125124,299.16281736976487,-4757.844909531051,318.79669189453125,222.60890007019043,281.88047867861957,294.04212907219505,-7354.84214305853,324.74639892578125,230.73662281036377,270.75864535922335,282.4404475235062,-9177.136002780922,1040.9456904994775,1103.7555176183407,1182.6200100534934,1420.8775634800395,1835.3259092604835,1330.1989301412655,1451.0468098395147,1470.5233775224651,1701.1233774879884,1271.1849335862805,1350.5682737780805,1389.3224543353715,1557.83806289557,1224.2769822904008,1331.496401516236,1380.2224339596169,1498.4116109787315,1173.8122571742772,1303.6180605645,1354.30413081854,1475.5473952834066
270,10.8,424.46189880371094,171.83207988739014,23.560671474676585,24.577189719771496,-2016.7966328234008,422.71278381347656,210.49943447113037,26.86667834160389,28.025833281168765,-4111.387901299867,392.2222137451172,233.16967964172363,27.443711160508897,28.627762011426128,-5476.834012743542,358.96358489990234,246.25482559204102,18.034453150400864,18.81254433033161,-6876.942883985203,334.89063262939453,256.8815803527832,25.090874032580263,26.17341241723155,-9284.881775206793,374.5541000366211,216.87084674835205,15.099264680969785,15.750718017188152,-4886.142370771584,327.3836135864258,244.88911628723145,28.295329655489176,29.516123336038326,-4497.555504863825,320.92281341552734,262.2758674621582,4.813898118038497,5.021592337291701,-5712.356925312185,327.27294921875,268.112211227417,12.028288429889338,12.547245398470999,-5744.084224974515,361.1717987060547,197.10875988006592,15.105552101354524,15.757276706477198,-4763.75066587559,315.1097869873047,232.740740776062,20.584846011230855,21.472973141451902,-5631.862591476784,314.6696662902832,251.83731079101562,16.097639757845744,16.792167693282696,-6975.001692332497,325.68248748779297,256.26731872558594,49.24003879219892,51.36448579173583,-6288.255556936716,352.9430389404297,184.29260730743408,24.285867457290106,25.333674069882886,-5194.820170209564,310.1101303100586,217.05260753631592,29.82882882512517,31.115784876574846,-6239.398136073245,312.3383903503418,235.5096960067749,20.141583699442876,21.010586407519174,-6978.240159353439,322.80941009521484,241.12778663635254,49.757701096744825,51.90448248424407,-6010.084310245328,350.9332275390625,178.57904434204102,55.44098489787566,57.832969894368446,-5354.477119543606,320.75145721435547,203.47835540771484,68.26371982045973,71.20893794593324,-5698.84698559579,318.046817779541,220.33365726470947,59.890739122511896,62.474707457017466,-5789.18554037944,323.52771759033203,227.47163772583008,87.12531133229801,90.88430727916845,-4788.903506108443,1041.9287780882682,1104.8765509495875,1183.7651205339505,1421.6300652532527,1836.3728457571726,1330.828958861953,1452.2274547729562,1470.7242412159567,1701.625267303927,1271.8152246545396,1351.4271927037387,1389.9941410431027,1559.8926423272394,1225.2903292531962,1332.7410329112986,1381.0628574159173,1500.487790278101,1176.1255759700518,1306.4664180823372,1356.8031191168207,1479.1827675745735
271,10.84,424.122314453125,176.9150447845459,127.35739494842986,132.8521923166621,2706.875064922265,423.3605194091797,216.55457496643066,152.2421751268484,158.8106190209756,3269.6196434951707,394.51976776123047,242.38062858581543,237.3293267113549,247.5688307491529,5473.52671844317,360.00133514404297,258.08727264404297,296.9466795651658,309.7583567672684,7273.645310923421,335.8534622192383,272.36949920654297,387.9454465834451,404.68323883938416,9462.745660553815,377.0672607421875,225.25315761566162,218.77373043886456,228.21265872991975,5311.54851781829,332.6741027832031,256.1567687988281,311.1965506951643,324.6230343984086,7377.672776559257,319.34743881225586,274.05529975891113,297.1077565194348,309.9263833393806,7622.619775052223,313.6625862121582,284.8674774169922,539.6647838327073,562.9484622962336,13760.030422444066,361.31900787353516,206.43097400665283,233.08440901437257,243.14076732593153,5684.587265486359,317.9183578491211,243.93808364868164,288.6050043884047,301.0567824670487,6989.59523313992,315.4854965209961,264.9187660217285,327.6717583177664,341.8090600109861,8125.422307942586,320.43601989746094,274.022741317749,462.85827582715564,482.8281600801228,10786.591857209674,351.61651611328125,194.74559783935547,263.4206164475648,274.7858215114741,6236.3036860397815,309.3795394897461,228.8182497024536,294.70758656709427,307.42265875997845,6907.671847085091,312.3916435241699,246.51678085327148,275.1803416835238,287.05291663595705,6651.058255710947,321.72210693359375,252.63819694519043,289.0412747808183,301.5118756173009,6240.184828326422,347.7140426635742,190.3348731994629,304.71571114274434,317.86258092854797,6500.740275854489,319.7064018249512,215.92931270599365,312.36845072214527,325.84549570757264,6365.9139440409845,317.1989631652832,232.22243785858154,297.97437123029914,310.830387887203,6208.892010754638,320.84659576416016,239.9042558670044,317.9606973462207,331.679018168398,6019.867772230738,1047.2428657809346,1111.2289757104265,1193.6678737639165,1434.0203995239435,1852.5601753107478,1339.9574652111498,1465.2123761488924,1483.1212965495317,1724.1432057957763,1281.5408553475768,1363.4694640024206,1403.666503443542,1579.2057687304443,1236.2817621136553,1345.0379392616978,1392.5449740813556,1512.5482653027932,1188.8400792071939,1319.5002379106402,1369.2363346323089,1492.4499283013095
272,10.88,421.5374755859375,183.83484363555908,184.67032806430782,192.63787508463776,1494.6420691993915,421.9078063964844,224.13511276245117,192.9619916818947,201.28728009166363,1061.916526767201,396.72874450683594,248.9564037322998,173.42216741190293,180.90441584729152,-1666.6103725465348,367.2428894042969,261.366548538208,198.73625501882736,207.3106723229185,-2561.192111108748,347.03086853027344,268.9501476287842,292.2182158232633,304.82588484715757,-2496.433849805665,376.18778228759766,234.49283123016357,232.03589546475794,242.0470159674303,345.8589309377636,336.0786819458008,270.02906799316406,357.09928959916704,372.5062334792742,1197.0799770216402,318.96154403686523,291.0662841796875,425.38402190077767,443.737090483681,3345.2676786075103,305.77260971069336,306.2817192077637,570.5378387250552,595.1535260667505,805.1265942629215,358.4981918334961,217.5314998626709,286.3331510363706,298.68691066995433,1388.6535836005698,316.3256645202637,258.7229347229004,371.75974543935484,387.7992103772331,2168.56069775461,314.5387649536133,281.9322395324707,425.9948514663977,444.3742741113558,2564.1303525092426,318.9738464355469,292.6003360748291,465.8761760053677,485.97626667440943,78.70266485716542,348.02268981933594,207.27779388427734,325.9328200904753,339.99509580504093,1630.2318573391701,308.54747772216797,246.03355407714844,430.88501329998996,449.4754205397911,3551.3190444953166,313.47803115844727,264.8056125640869,458.02674828990524,477.78817770750953,4768.381526788812,323.41888427734375,269.95296478271484,434.94269638484644,453.7081711685842,3804.9073887820823,344.35768127441406,203.42097759246826,337.74184849460056,352.31362126838803,861.2760084960016,316.3624954223633,232.3416566848755,418.73824230538634,436.8045806811793,2773.9771243401665,316.27159118652344,249.3061923980713,427.7226671224338,446.17663586597865,3383.656199469391,322.22469329833984,255.9033966064453,401.4595692704857,418.7804243772689,2177.5351552217726,1054.94838078432,1119.280466914093,1200.904050397808,1442.3128264168604,1864.7532107046343,1349.639345849847,1480.1126254880635,1500.8707801688788,1747.9493468384464,1293.4883317743752,1378.9814324175102,1421.4414744079963,1598.6448193974204,1249.881565945857,1363.0169560832894,1411.656501189656,1530.6965921495366,1202.9326240579294,1336.9724211378873,1387.0834000669481,1509.2011452764002
273,10.92,418.7928009033203,189.69263076782227,161.72296760260255,168.70045750120892,-598.435439585721,420.323486328125,230.33223152160645,159.91081693025112,166.81012212078213,-861.9289492720377,396.32198333740234,258.02504539489746,226.94398572880402,236.73541728268995,1395.7750358849607,368.3872604370117,272.88771629333496,289.44655325108585,301.9346397080362,2365.599184627942,350.4734420776367,283.12336921691895,364.6329685582603,380.36495080252604,1888.4766488842117,376.54232025146484,246.68981552124023,305.0534000021491,318.2148392745278,1904.195582677437,338.9033508300781,288.2399082183838,460.7151072071855,480.5925250800303,2702.157290018903,319.7777557373047,309.7207546234131,466.80795641500544,486.9482484759233,1080.2789498060577,303.8345718383789,325.0652503967285,472.0811865567591,492.4489905820723,-2567.613387116954,355.3479766845703,228.76180171966553,291.5942550057126,304.17500342354754,137.20231883983018,314.26652908325195,272.27940559387207,342.79908585739133,357.5890516506171,-755.2539681654011,322.73765563964844,289.0084648132324,270.7567781996017,282.4384998058315,-4048.394357638108,334.6506118774414,292.67486572265625,391.92356508363326,408.83299209289146,-1928.5818645379493,344.32369232177734,217.19228267669678,264.55111805419017,275.9650982776054,-1600.749938185888,306.0728073120117,254.45918083190918,219.538122898739,229.01003067778166,-5511.634746550237,313.93360137939453,272.10179328918457,182.75974221553227,190.64485757103515,-7178.583003411859,326.6361618041992,275.83539962768555,167.6192008507206,174.85108199961408,-6971.427229224253,341.9349670410156,212.06019401550293,224.31228881397595,233.99017657806124,-2958.08611725817,317.450008392334,238.95861625671387,167.6432939965055,174.87621463709166,-6548.209151102191,319.38106536865234,254.31584358215332,147.40555170070073,153.76532089883645,-7310.282874178554,326.66324615478516,259.91689682006836,149.6014192450457,156.055928502905,-6568.112396859098,1061.6963990843685,1125.9528717989242,1210.3734670891158,1454.3902120051819,1879.9678087367354,1362.3679394208282,1499.3363264912646,1520.3487101079156,1767.6473064617294,1305.655331911317,1393.2849944835348,1432.7390144002295,1614.998139081136,1260.920169876961,1372.1773573104008,1419.2822954924975,1537.6906354295213,1212.2922311210518,1343.967469723371,1393.2340129029014,1515.4433824165164
274,10.96,415.6407165527344,197.08492755889893,200.9068310196468,209.57489718725057,1021.8609921510414,416.7169189453125,239.18792724609375,239.04847187791972,249.36214792858493,2063.80064519507,394.1252899169922,267.6218891143799,246.1260746033454,256.7451117431316,500.24236151104094,366.6471481323242,281.10145568847656,209.9010268022556,218.9571449030483,-2074.4373701246973,349.05616760253906,289.258975982666,157.4292248155591,164.22146244376793,-5403.587208968953,373.70384216308594,257.3396301269531,275.53982129887186,287.42790589363995,-769.6733345221958,338.6371612548828,300.20713806152344,299.2547483003349,312.1660064495576,-4210.662965761819,321.55296325683594,320.418176651001,271.0929266111103,282.78915124174347,-5103.977430854497,306.3372993469238,334.2254447937012,237.39840770890387,247.6408922260347,-6120.202458900941,352.94689178466797,239.51635837554932,275.4833225001486,287.3689694708536,-420.1508488173488,314.12933349609375,282.31035232543945,250.79712289104071,261.6176910361408,-2399.284015361907,319.82826232910156,298.3081912994385,243.60506223406117,254.11533103622838,-708.0792192400779,328.6524200439453,301.20460510253906,260.6899009840797,271.9372901320132,-3422.392549021957,341.63387298583984,227.50372409820557,266.4124530793259,277.90674005525955,48.541044441353165,304.38974380493164,265.0184726715088,267.3145933664813,278.84780291991933,1245.9443060534418,311.0843276977539,282.8016185760498,276.8174281931263,288.76063476179337,2452.8944297689554,322.17159271240234,286.695556640625,293.5508766818858,306.2160429667885,3284.1240241793607,338.55316162109375,222.25340366363525,268.48897885782816,280.0728569280787,1152.0670087504363,314.7477722167969,250.35730361938477,292.86532094579616,305.500909129985,3265.617362322334,316.2956237792969,264.57441329956055,267.8131373367317,279.36785642321877,3140.0633881095578,322.330322265625,269.23513412475586,256.90924454917507,267.99351838655184,2798.439747091171,1070.0793949718586,1135.9273577160677,1220.643271558841,1463.1484978013038,1886.536667234486,1373.8650556565738,1511.822966749247,1531.6602761575853,1777.552942150771,1317.1500906901513,1403.7497021249803,1442.9036276416787,1625.8756306864168,1272.0364394791713,1383.3312694271974,1430.8327208829692,1549.9392771481926,1223.4951453981748,1356.1875060885704,1404.40872715983,1526.1631231519787
275,11.0,411.8875503540039,208.15014839172363,292.1101767681918,304.7131844788132,2378.457182289066,410.4906463623047,250.556001663208,324.03663588296854,338.0171012872864,2216.373833967536,388.78910064697266,277.94589042663574,290.5382064171297,303.0733919290366,1158.2070046476247,363.85562896728516,292.19432830810547,285.9680950343205,298.3061044340044,1983.7239882739027,347.1183776855469,300.2116870880127,278.07025901692214,290.0675186032111,3146.1514039860795,371.7321014404297,269.7754383087158,314.7787780836895,328.3598159346128,1023.2977510243217,339.5893096923828,310.43643951416016,256.83797769210133,267.91917674187863,-1106.1707426919738,325.81600189208984,328.0905246734619,219.42883610556373,228.89602873803977,-1347.3280625925922,314.8977470397949,338.82619857788086,242.96115955671002,253.44364736713868,145.0688785275993,352.2508239746094,252.25507736206055,318.9430511602948,332.70375534901655,1133.3696469540741,316.518611907959,295.3827095031738,332.22279188037794,346.55644657887626,2123.468888568387,316.8278121948242,312.3056888580322,357.88671296857586,373.32762999849245,2980.3074740566017,321.38572692871094,316.66677474975586,427.11497210229226,445.5427220228256,4340.135797270311,340.2065658569336,238.60519409179688,279.8211947597461,291.8939979539701,349.68144746776346,303.1741714477539,275.88183403015137,273.27897394876464,285.0695149491904,155.54280073177722,307.67101287841797,293.07409286499023,270.6178648861256,282.2935931182791,-161.67604108785696,316.5446662902832,297.19685554504395,297.84599590213253,310.6964738432388,112.01077191125677,335.96858978271484,231.03697299957275,228.89831512453688,238.77406564572485,-1032.4697820588462,311.1473083496094,258.08298110961914,213.08659146875723,222.2801498206866,-2080.5189827324602,311.8632125854492,272.45452880859375,226.028882870989,235.7808325810698,-1089.6755960537241,316.63196563720703,277.6912593841553,254.92317797143295,265.92176355011907,-51.79387091081935,1082.267922351011,1149.4480417675593,1232.7662072360024,1475.080741978664,1898.1393679786145,1386.9994482939583,1522.5397338189223,1540.8161173071069,1787.6906880454565,1330.4582409041118,1417.6119599881356,1457.8367328416184,1643.6973395673297,1283.7121993973303,1394.7340500251648,1442.1244646077002,1562.3671361019221,1233.0461080240038,1365.0787120813982,1413.8399604630729,1536.7999936939834
276,11.04,404.00386810302734,222.01887130737305,398.8216402301771,416.02868266393773,2782.8874546281127,404.5011901855469,262.2864532470703,329.27674497928024,343.4832933502238,136.65480157343524,382.2069549560547,291.04013442993164,366.3876600630135,382.19534795645876,1978.0489006855546,356.5843200683594,307.591609954834,425.6966461080884,444.06320277052,3643.92745841289,337.84008026123047,316.1100769042969,460.1939820911157,480.04891617401285,4749.534939270044,368.08753967285156,287.261323928833,446.5415898865925,465.8074955209582,3436.191989658634,332.0608901977539,322.9219150543213,364.4895399314211,380.2153339897429,2807.403931196606,318.9445686340332,336.6561985015869,274.53069403728847,286.3752401329894,1436.9802848737409,311.7131233215332,342.92595863342285,129.78313820546174,135.38259355346926,-2951.5263453417356,350.00606536865234,268.8683795928955,419.10675266875927,437.18899031585596,2612.1308741709854,311.8370056152344,307.3083972930908,320.29231447875657,334.1112322367362,-311.1303585535012,310.2721405029297,321.62527084350586,284.85899989717717,297.1491577131884,-1904.4618071326013,315.180721282959,324.1797351837158,243.60145415470825,254.1115672873524,-4785.778868386831,337.06092834472656,253.59804153442383,382.98213877745786,399.50579057707625,2690.2948155776544,299.67065811157227,288.68937492370605,331.95228331501033,346.2742670009721,1530.1188012945418,302.8110122680664,304.17829513549805,303.0294065731992,316.1035212440405,845.2482031440354,311.03031158447266,307.4344539642334,290.7066059772349,303.2490570386613,-186.1854201144368,330.865478515625,243.01857948303223,325.57702480440145,339.62394983593583,2521.2471047552744,307.2979164123535,269.2313861846924,294.8566961302232,307.5782016113777,2132.451294767278,307.6934051513672,283.6552047729492,298.7917712385752,311.68305437856077,1897.5555449372741,312.2496795654297,289.0041446685791,303.30039222014176,316.38619848706395,1261.610873423622,1098.9090696575686,1163.1873735015681,1248.0540211542607,1492.8432700894848,1917.341324625575,1405.6317481147967,1537.748347178512,1552.2711269124266,1793.1059917875953,1347.9458005167462,1430.976409277605,1469.722699150146,1653.8618022588237,1299.6924310204133,1408.585020705204,1454.768605457462,1574.4970983834685,1246.6310660174413,1377.3818401458534,1426.3072826382154,1549.455441633466
277,11.08,400.42285919189453,227.56975650787354,165.14378456883406,172.26886460989633,-6093.995451351035,399.05853271484375,268.8947010040283,214.02607720897743,223.26016939700597,-3005.5780988304455,376.83841705322266,298.05195808410645,220.7754376218478,230.30072898090924,-3797.365474388738,352.38548278808594,315.23606300354004,218.04227932915518,227.44964937709264,-5415.338834835684,333.9347457885742,326.07410430908203,267.55078894789636,279.0941890902647,-5023.868177093704,366.37474060058594,295.33644676208496,206.36934340227998,215.27308806092216,-6263.3601865009,330.8298873901367,328.71697425842285,148.1090795060427,154.4992022045373,-5642.9032946301395,318.7718200683594,339.36716079711914,67.91151704028064,70.84153948033365,-5388.342516316394,314.6170425415039,342.5636386871338,73.1608782905615,76.31738287870354,-1476.630266869143,350.0051498413086,275.73214530944824,171.59414444029514,178.99752336192267,-6454.786673848332,312.62426376342773,313.709135055542,161.22426014632006,168.1802334583206,-4148.27496946039,308.7746047973633,325.4777526855469,103.33268339658443,107.7909416469973,-4733.955401654778,312.18908309936523,326.60511016845703,96.28195196318123,100.4360084784686,-3841.888970222095,337.5111389160156,258.6488914489746,126.77187784022246,132.24141324493436,-6681.609433303546,299.2529487609863,292.66905784606934,100.03860899709194,104.35474537583477,-6047.988040628433,300.68159103393555,305.52489280700684,62.98690380388751,65.7044552534507,-6259.976649764745,308.3002471923828,307.68733978271484,68.543794495499,71.50109636049889,-5793.69901695406,330.6230163574219,245.53516387939453,63.20593782516967,65.93293943319584,-6842.2752600685,302.98778533935547,271.38121604919434,120.41334620985691,125.60854463647264,-4549.241424372627,303.55993270874023,284.30952072143555,104.62350295942112,109.13745324043504,-5063.640028453144,310.0373840332031,288.7620449066162,55.63757619997084,58.038043070404335,-6458.70388541649,1105.7998242419644,1172.1177802774482,1257.266050313497,1501.9412560645685,1928.5050921891855,1414.2426716372336,1543.9283152666935,1555.1047884916397,1796.1586871027434,1355.1057014512232,1437.7036186159376,1474.0343368160259,1657.8792425979625,1304.9820875502107,1412.7592105202375,1457.3967836676,1577.3571422378884,1249.2683835947691,1382.4061819313124,1430.6727807678328,1551.7769633562823
278,11.12,397.96558380126953,232.55538940429688,138.9575873316878,144.952871590409,-682.8998254871834,396.5689468383789,272.73058891296387,114.32430266081646,119.2567910933885,-2600.0844575904366,372.8207778930664,302.2129440307617,144.60123717806604,150.84001505045342,-1986.5178482613956,347.1165084838867,320.84195137023926,192.33446551223807,200.63267948987902,-670.4242471803404,328.32000732421875,333.70336532592773,236.81600411273195,247.033360997904,-801.5207023090177,363.3460235595703,299.5569705963135,129.87000315178014,135.47320626236257,-1994.99704496399,326.4514923095703,330.9865665435791,123.29180990228244,128.61119879878092,-647.2000851439099,315.2837944030762,340.7013130187988,93.36181363480193,97.38988164028859,663.7085539988735,312.1600914001465,343.1589603424072,63.201151019260735,65.92794610195305,-259.73591941876214,347.7897644042969,280.07580757141113,121.89989356159263,127.1592286367271,-1295.9573681298896,309.4748306274414,316.2905788421631,101.80490257575188,106.19724517174244,-1549.5747071644541,307.21492767333984,326.88697814941406,52.55062522947343,54.81790650769676,-1324.3258784825134,311.30027770996094,327.1936225891113,26.64960001456992,27.799389173525277,-1815.9154826235826,335.6607437133789,263.1140899658203,120.83552923494307,126.04894262407507,-154.8117655214824,297.68348693847656,296.13341331481934,95.08210013645349,99.18438939737419,-129.25889946151443,301.96216583251953,307.0290756225586,49.38647181522502,51.51723662449627,-354.68046572386083,310.97564697265625,307.3916816711426,67.29216941454646,70.19547028334495,-32.64065192884864,328.71265411376953,249.82046127319336,117.29572044428839,122.3564098236775,1410.5867597620413,299.5398139953613,274.7749614715576,120.94940672864132,126.16773332876454,13.979717307297435,301.998348236084,285.9324073791504,56.3044579109303,58.733697196752686,-1260.0939010920588,309.8580551147461,288.3688259124756,10.804514055127996,11.270671638040128,-1169.1842858091052,1111.597939105581,1176.888051921184,1263.2996509155153,1509.9665632441638,1938.3864266291016,1419.6615998877282,1549.072763218645,1559.0003837572513,1798.7958049468216,1360.1920705966925,1441.9515084228074,1476.2270530763337,1658.9912181649033,1310.0240452551736,1416.7265860961322,1459.4574731325797,1580.1649610492223,1254.1626399877161,1387.452891264463,1433.022128655703,1552.2277902218038
279,11.16,396.46583557128906,234.70483303070068,65.52362482540889,68.35062235777426,-1915.0562308158683,395.02655029296875,274.66712951660156,61.89293483927827,64.56328731943654,-1367.337594348799,369.8377990722656,304.9167823791504,100.65070932301967,104.99325459039721,-1146.169011501405,342.5055694580078,325.50684928894043,163.97795448679153,171.05273513166085,-739.4986089554543,323.0699920654297,341.6374397277832,237.8447456216137,248.10648725678698,26.828156472074483,360.60157775878906,301.8618965148926,89.59864062711677,93.46434763937485,-1050.221465574693,323.09337615966797,331.8007278442383,86.3850489802995,90.11210652559373,-962.4773068296797,313.9409828186035,340.9537982940674,34.15856193567547,35.632323049450996,-1543.93896477094,312.56608963012695,343.15195083618164,10.151468364379612,10.589450482927756,-1383.4623904756324,345.4539489746094,281.9483757019043,74.84377531275089,78.07288799822624,-1227.1585159625215,306.0856246948242,316.0492515563965,84.94467211273103,88.60958502147406,-439.69150375670944,305.8916473388672,325.33209800720215,51.0436277869665,53.245890103516096,-39.30041010451664,311.21227264404297,325.2385139465332,48.92720802318804,51.03815803115285,580.9692214406892,333.84227752685547,264.52122688293457,57.48289732082769,59.9629800285868,-1652.1490648872068,295.8214569091797,295.7890319824219,47.3402202948717,49.38270018379473,-1245.0422303394864,301.81861877441406,304.8486614227295,54.62835710912371,56.985281518543445,136.70112235117938,311.43688201904297,303.9139652252197,87.70422397986894,91.48819694274695,532.3181664850501,326.99920654296875,250.83609580993652,49.79593413440374,51.944365075074145,-1760.3011187150837,297.7178955078125,275.1942729949951,46.7386960194634,48.75522332034252,-1935.3127502105503,301.30077362060547,284.5327091217041,39.09735889464096,40.78420295144737,-448.73735613263295,309.6786689758301,285.444974899292,73.23371889936494,76.39336617416225,1628.0673634030532,1114.331963999892,1179.4705834139613,1267.4993810991311,1516.8086726494303,1948.310686119373,1423.4001737933033,1552.6772474796685,1560.4256766792294,1799.2193829661387,1363.3149861166216,1445.4958918236664,1478.3568886804744,1661.0327444861496,1312.422564456317,1418.701894103484,1461.7368843933216,1583.8244889269322,1256.2404145907192,1389.403100197277,1434.653496773761,1555.2835248687704
280,11.2,394.9578094482422,237.25244522094727,74.01212172545107,77.20535296136767,221.36826508983523,393.3395767211914,276.37922286987305,60.08922263076594,62.68175447789073,-47.038321038645314,368.90758514404297,305.4008674621582,26.215886403215823,27.346963115899808,-1941.157286862435,341.57230377197266,325.23651123046875,24.290784088169477,25.3388028273563,-3642.848307607614,322.22766876220703,340.0967788696289,43.89721251828427,45.79114484876159,-5057.883560200635,359.189453125,303.4159469604492,52.49505196140327,54.75993554731152,-967.6103023015833,320.98182678222656,333.0691337585449,61.580710945175724,64.23759261720143,-646.8628477098075,314.7759437561035,340.02147674560547,31.28880827146206,32.6387547069617,-74.83920856223243,316.4175224304199,339.18248176574707,138.2710637577265,144.23672815865334,3341.1819418931395,344.2913818359375,284.1479015350342,62.19664501866949,64.88010098524173,-329.8196753246128,304.18113708496094,317.30443954467773,57.022856941582454,59.4830913424083,-728.162341976644,307.68712997436523,323.0569839477539,72.45646053783813,75.58257322910313,558.4170781396759,315.9159278869629,319.7702121734619,180.3238353033624,188.1038541711767,3426.642403500596,332.5257873535156,266.63990020751953,62.359457145690136,65.04993759362391,127.17393912592776,295.0253105163574,297.37412452697754,44.34500714292602,46.258259440853884,-78.1110185735212,303.4748077392578,303.25069427490234,57.53510283299364,60.01743793222929,75.80391034214617,314.07915115356445,299.5893859863281,126.69740470086882,132.16372698387477,1016.8882510281953,325.2091598510742,251.96331024169922,52.88477766768437,55.166475854629915,80.55276948889426,296.1293601989746,275.2376461029053,39.728183115976364,41.442243898380944,-182.82448554903948,302.9214668273926,281.3320827484131,89.68924005953795,93.55885595767607,1319.3663251557175,313.42573165893555,278.98037910461426,186.80116022740364,194.86064137505036,2961.6818800222027,1117.4201781183465,1181.9778535930768,1268.5932596237672,1517.8222247625245,1950.1423319133237,1425.5905712151957,1555.2467511843568,1561.7312268675078,1804.9888520924849,1365.9101901560311,1447.8752154773629,1481.3801916096386,1668.5568986529966,1315.024561960062,1420.552224481118,1464.1375819106106,1589.1110380062871,1258.4470736249043,1391.0607899532122,1438.395851012068,1563.0779505237724
281,11.24,395.1603317260742,237.45469093322754,7.1553564356549355,7.464072185747979,-1743.5320193904922,393.37398529052734,276.3413429260254,1.2793650255223312,1.3345628534780227,-1533.6797906103175,368.7156295776367,305.8019542694092,11.116360871063153,11.59597299318116,-393.7747530679662,341.0701370239258,325.72869300842285,17.57865085469506,18.337076578561067,-175.0431562198808,321.50352478027344,340.9014129638672,27.06266492075961,28.23027564367173,-439.0217301272464,358.59142303466797,303.9052391052246,19.317200752849768,20.150635701023393,-865.2324961572031,321.36802673339844,333.1761074066162,10.018537931842857,10.45078480595422,-1344.6701952811802,313.8457679748535,340.4201316833496,25.300107996457154,26.3916737189754,-156.17702469965744,314.02801513671875,340.3902339935303,66.93471889818461,69.82259766952755,-1860.3532622281446,343.62064361572266,284.5377445220947,19.39502698208464,20.231819720041518,-1116.2070316300053,305.1980972290039,317.50659942626953,25.92147459512461,27.03984899689111,-811.0810586379298,309.41389083862305,322.81219482421875,43.60063644413274,45.481773087069584,-752.5200035508387,317.6286315917969,319.2886734008789,44.477758276277854,46.396738082831874,-3542.6779022086207,331.85718536376953,266.77857398986816,17.070790817272343,17.807305069109653,-1181.0658131128564,295.2467155456543,298.1373882293701,19.868185410159757,20.7253924294106,-638.321675286082,304.38720703125,303.57696533203125,24.22453909194996,25.269699710247668,-868.6934555495405,315.230712890625,299.3935775756836,29.202261983674326,30.462184992929473,-2542.538549773632,324.2632293701172,251.96843147277832,23.648608598226318,24.668920864667587,-762.4388747490582,296.11671447753906,275.52040100097656,7.0759383942136305,7.38122767625369,-851.5254055531813,303.1384086608887,282.13488578796387,20.789968726416774,21.686945815888514,-1796.7977535446892,313.34705352783203,280.4220485687256,36.095369267270506,37.65269336404149,-3930.198700275222,1117.7187410057763,1182.031236107216,1269.0570985434942,1518.5557078256668,1951.2715429390705,1426.3965966432368,1555.6647825765947,1562.7868938162667,1807.781755999266,1366.719462944833,1448.9568094372385,1483.1994625331215,1670.4127681763098,1315.7368541628266,1421.3812401782945,1465.1483698990205,1590.3295254060044,1259.433830459491,1391.3560390602622,1439.263328844704,1564.5840582583342
282,11.28,395.77430725097656,238.06591987609863,21.65881410913383,22.593277277245036,378.23012728742646,392.60902404785156,276.91057205200195,23.837831023607684,24.866307235969934,588.2936095622978,367.81272888183594,305.531587600708,23.562785834103213,24.579395302614067,324.58555773582265,340.4336929321289,325.1329708099365,21.79372070907887,22.734004382788793,109.92319510569315,320.46661376953125,339.67474937438965,40.15507444542583,41.887553328754436,341.4319421270676,357.5680160522461,305.2444267272949,42.13657362357689,43.954543706483406,595.0977001365003,320.22804260253906,331.2282657623291,56.42279509333038,58.8571400021021,1210.158879903697,312.3011016845703,336.8631076812744,96.9484840639486,101.13129791079588,1868.4906047955121,312.73874282836914,335.8205509185791,118.70190207662093,123.82326074918869,1350.0165769915284,343.2607650756836,285.70152282714844,30.453781650378982,31.767701107768804,288.39703469318215,303.80428314208984,315.5375003814697,60.31204666726823,62.914192191948594,896.8585798764371,304.5047950744629,321.63665771484375,126.19704017233555,131.6417743748405,2154.000032194273,310.9340286254883,319.6723937988281,167.63977418170734,174.87254296091868,3211.8951219521705,332.0687484741211,267.4767208099365,18.237460281539846,19.024310144469464,30.42512688399528,294.1493034362793,294.5100402832031,94.74296299846226,98.83062028725398,1952.6306964460844,300.19641876220703,301.8280220031738,113.52727944062345,118.42538054064595,2328.892020759957,309.69310760498047,300.61978340148926,141.79354055024422,147.9111811769491,2936.2249046004904,325.2901840209961,251.66038513183594,26.804015593864467,27.960466967597895,82.2886525732577,296.0724449157715,272.6608943939209,71.49623167471,74.58091557393546,1679.9921974420442,301.65645599365234,279.7551155090332,70.0869562062487,73.11083732964515,1285.5972878439159,311.6771697998047,279.26419258117676,50.80072682202227,52.99250924784029,383.49539709497,1118.6224720968662,1183.0258883966549,1270.040274355599,1519.4650680009781,1952.9470450722208,1428.154778391496,1558.019068176679,1566.8321457326986,1812.7346864292333,1367.9901709891437,1451.4733771249166,1488.465133508115,1677.4076698947465,1316.4978265686054,1425.3344649897847,1469.8853851206463,1596.2459726530824,1260.5522491381948,1394.3392756832195,1442.1877623378896,1566.7037586282477
283,11.32,394.14798736572266,239.0015745162964,46.906595850796045,48.930367140543716,658.427246582467,391.5476989746094,277.53979682922363,30.845732396903458,32.176562454037814,182.756380451697,366.6094207763672,305.5810260772705,30.108081967841432,31.407086314046897,170.69227528582073,338.41156005859375,324.01293754577637,57.79000708955226,60.28333995800781,938.7333893804755,318.3415985107422,336.45684242248535,96.40609096810336,100.56550342426732,1466.9487523878222,357.4774932861328,304.72875595092773,13.088896076062376,13.653612649771624,-757.5232764177946,316.72080993652344,332.26112365722656,91.40389900265156,95.3474933568648,912.2588338690675,311.49314880371094,334.40460205078125,64.6965889404899,67.48790425270838,-841.0848414521876,315.59635162353516,329.49296951293945,173.57313745077101,181.0618994441088,1430.9659673730027,343.4049606323242,284.84745025634766,21.65398800956124,22.588242957025024,-229.48645376859452,301.5359878540039,315.62642097473145,56.7509382403657,59.19944078875829,-92.86878507975764,304.077205657959,318.8656425476074,70.09528232235002,73.11952267357819,-1463.056292531558,312.32831954956055,314.51677322387695,133.52076311806843,139.28147719425226,-889.7766441666604,332.2624206542969,266.49487495422363,25.019120160322117,26.098562745246937,176.85631501943683,292.8021240234375,294.746789932251,34.19560248326027,35.67096170057324,-1578.9914646670186,300.6394958496094,299.2243766784668,66.02691819558201,68.87563017245998,-1238.7437592046492,311.34571075439453,295.51989555358887,134.02414248610063,139.8065747171494,-202.61516149499244,325.2279281616211,250.73201179504395,23.26146013920904,24.265068999188635,-92.3849492102315,295.7295608520508,272.54276275634766,9.066578907909498,9.457753789762446,-1628.0790446043252,302.6803398132324,277.88978576660156,53.19652904559411,55.49167765409998,-440.47899188862925,313.3363342285156,275.4030704498291,105.06275123313911,109.59565275180518,1415.078587599122,1120.579686782488,1184.3129508948164,1271.296557808161,1521.8764015992983,1956.9696652091914,1428.7009228974869,1561.8329679109534,1569.531661902807,1819.9771624069979,1368.8937007074246,1453.8413547564671,1491.3899144150582,1682.9789289825164,1317.5417690784152,1426.7613034578078,1472.6404103275447,1601.8382356417683,1261.5228518981626,1394.71758583481,1444.4074294440536,1571.08758473832
284,11.36,394.6466827392578,238.783221244812,13.610088784457336,14.197292064365232,-868.326876904462,391.87068939208984,277.27638244628906,10.4196313190837,10.869183249485818,-532.6844801137999,368.4918212890625,303.39348793029785,72.14895544399855,75.26180091838124,1096.3678651083587,341.92089080810547,317.32312202453613,188.86012353342227,197.0084380476731,3418.1274522416325,320.9103775024414,322.39331245422363,357.4051453501253,372.825285286701,6806.494546560842,357.40108489990234,306.1601257324219,35.835193009639006,37.38129187825352,593.1919807120474,316.86717987060547,329.9472713470459,57.961930776434926,60.46268124182391,-872.1203028760224,308.26738357543945,331.10836029052734,115.3006153766296,120.27522653433742,1319.6830570407262,309.11035537719727,326.6279983520508,177.26429254828966,184.9123083432916,96.26022247957025,343.2152557373047,285.9458827972412,27.86734193110551,29.0696702070935,162.03568125171185,301.62052154541016,313.2246494293213,60.08146813558996,62.67366541729982,86.85561571353837,302.1859359741211,315.98713874816895,86.10562242235558,89.820624190945,417.5275379341702,309.08042907714844,312.0262813568115,102.32100914738993,106.73561900970383,-813.646454613711,332.2029113769531,266.673059463501,4.696479628161872,4.899107861184617,-529.986372101558,293.90342712402344,292.538480758667,61.69227020814368,64.3539650717772,717.075084280099,300.33910751342773,296.69331550598145,63.72060013928432,66.46980670156753,-60.14558677231108,310.0225830078125,292.99384117126465,71.28997903034231,74.36576421985467,-1636.0202624323683,325.5368423461914,249.8825454711914,22.597303611109886,23.57225763291404,-17.32028415686484,296.4900779724121,271.03981018066406,42.110366413127984,43.92720579364332,861.7363000970219,303.72955322265625,275.4495048522949,66.4069824982849,69.27209223778276,344.51036459206944,314.5952606201172,271.6445732116699,99.09338130243964,103.3687361101472,-155.67291604144947,1121.1475784650625,1184.7477182247958,1274.307029844896,1529.7567391212056,1971.8826766206594,1430.196174572617,1564.2514751606263,1574.3426709641803,1827.3736547407295,1370.0564875157083,1456.348301373159,1494.9827393826959,1687.2483537429048,1317.7377333928628,1429.335462060679,1475.2992025956075,1604.8128662105623,1262.465742203479,1396.474674066556,1447.1783131335649,1575.2223341827257
285,11.4,394.80228424072266,238.75977516174316,3.933950469104266,4.103679605705584,-252.34031146649124,392.1461486816406,277.2490882873535,6.9202055294541305,7.218775762821954,-91.26018716659661,369.7256851196289,303.1793403625488,31.307737992715435,32.65850114547415,-1065.0824943226773,343.2568359375,315.87318420410156,49.28912831370324,51.415693266215534,-3639.8186195364397,322.50465393066406,319.54522132873535,81.59863811927062,85.11918737493542,-7192.65244779414,358.89476776123047,305.82218170166016,38.28588723466563,39.9377205852352,63.91071767454193,317.9480171203613,328.41668128967285,46.84359003767909,48.86464296014045,-289.95095704208643,308.60782623291016,328.52285385131836,65.19559393766976,68.0084386738086,-1306.6696965132205,309.01844024658203,323.9709663391113,66.46553387386719,69.33316979525331,-2889.4784637009575,345.0508499145508,285.3695297241211,48.09878408309018,50.17399198367541,527.6080444145477,302.6827812194824,312.38682746887207,33.822526263674185,35.281789217159194,-684.7969050035157,300.13708114624023,315.14451026916504,55.384050385462636,57.77357895915332,-801.1761307947919,304.86656188964844,311.8106460571289,105.48452272833195,110.03562145417801,82.5000611118547,334.085693359375,266.02051734924316,49.81640796597858,51.96572224409398,1176.6653595727341,294.49270248413086,291.5840435028076,28.04233323702427,29.252211461467276,-877.543840257748,298.6212348937988,295.99459648132324,46.363338241882936,48.3636708417851,-452.65339649456087,307.30091094970703,293.4521484375,68.99974792597153,71.97672176770125,-59.726061303835465,327.4510192871094,248.9893913269043,52.80741949882204,55.085780090311516,787.8380614349369,297.5909996032715,270.113525390625,35.96901400469382,37.52088654080317,-160.15798132100372,303.85765075683594,274.50831413269043,23.746696466726405,24.771240705421096,-1112.5212883090417,314.3250274658203,271.2231731414795,12.5150903122425,13.055050204942447,-2257.8421476301187,1121.3117256492908,1185.0364692553087,1275.6133698907151,1531.813366851854,1975.2874441156569,1431.7936833960266,1566.206060879032,1577.0630085111327,1830.1469815325397,1372.0634471950555,1457.7595729418454,1497.293682541062,1691.6497786010718,1319.8163622826264,1430.5055505191378,1477.2337494292788,1607.6919350812705,1264.6691734070914,1397.9755095281882,1448.1691627617818,1575.7445361909236
286,11.44,397.60528564453125,238.7431812286377,70.07626304770065,73.09968281791481,1724.9000803052309,394.7489547729492,277.0956802368164,65.183076690401,67.99538137358587,1519.415140269098,372.9426956176758,302.292537689209,83.42502444555566,87.02437260240018,1359.1467864231508,347.85961151123047,312.2919273376465,145.7972559019491,152.08763565060764,2516.798559609803,327.84557342529297,312.8829002380371,213.47122663790913,222.68137996114774,3439.054814655308,363.41392517089844,308.913631439209,136.8846347594107,142.7904820887472,2571.3190375878003,322.8933334350586,327.18689918518066,127.39828657830377,132.8948482038868,2100.7551310936583,308.7508010864258,327.2892951965332,31.04541797444893,32.384863407128734,-890.5893816669966,304.0780258178711,323.66990089416504,123.73948220342793,129.07818578976568,1493.6253998628092,349.6688461303711,289.09409523010254,148.3203400955124,154.71957757003943,2613.639639659101,307.93853759765625,313.5738945007324,134.703617353165,140.51536532762103,2630.8394027615454,303.03075790405273,314.0726852416992,77.14505034432851,80.47345086457946,567.4967976356536,306.450138092041,309.40332412719727,72.03693697990072,75.14494945057783,-872.2668000900047,337.95604705810547,268.92425537109375,120.96314586687491,126.18206523807858,1855.408574849615,298.3535385131836,293.63837242126465,109.33412707281897,114.05131584651336,2119.977609626152,299.43450927734375,296.48646354675293,23.761160969436883,24.786329274849162,-589.4335391733985,306.6174507141113,293.6364555358887,17.6968747268583,18.460401184936778,-1337.9080145691119,329.86167907714844,250.46768188476562,70.69575480878049,73.7459023689263,466.50305696536947,300.50405502319336,271.45254135131836,80.15163606614564,83.6097548435759,1152.2217075693184,305.1373100280762,274.1256809234619,33.39101697383969,34.83166258585732,251.51054701090567,314.3855667114258,270.62567710876465,15.013879190778296,15.661648595121491,65.16495975447611,1124.2357129620075,1187.756284510252,1279.0943447948111,1537.8968722778782,1984.1946993141028,1437.5053026795765,1571.5218548071873,1578.3584030474178,1835.3101089641304,1378.252230297857,1463.3801875549502,1500.512620575645,1694.655576579095,1324.8636448921495,1435.0676031529981,1478.225202600273,1608.4303511286678,1267.6190095018485,1401.3198997219315,1449.562429265216,1576.3710021347285
287,11.48,400.87650299072266,238.95562648773193,81.9527146977724,85.48854048333554,309.72144163551826,398.5203552246094,277.3763179779053,94.54568640512471,98.62483225328651,765.7362719925161,378.5192108154297,302.02820777893066,139.56940937273833,145.59109051357504,1464.1679477793716,354.11964416503906,312.06905364990234,156.59997107965597,163.35643079918913,281.71987871453723,334.78748321533203,312.733211517334,173.58808687188528,181.07749385360265,-1040.0971526886274,369.2885208129883,309.1637992858887,146.99799724310304,153.34018262396674,263.7425133804882,329.5346450805664,327.9488754272461,167.1220141211015,174.33244429469403,1035.939902270181,312.17044830322266,331.53791427612305,136.34687191773384,142.22951762734206,2746.116355505333,304.42663192749023,330.5378723144531,171.92032611350407,179.3377780475408,1256.4898064443782,354.87178802490234,289.97706413269043,131.93331279666845,137.62553679536788,-427.3510193667889,312.8327178955078,316.629695892334,144.24571686187178,150.46915591472248,248.8447646775363,300.99403381347656,320.5740737915039,170.3237690706013,177.67233802033132,2429.9721788937964,298.5647964477539,318.33091735839844,297.78403851293547,310.6318433206972,5887.172346752985,342.14256286621094,270.223331451416,109.58590601094207,114.31395771291113,-296.70268812918613,302.4580764770508,296.610689163208,126.69327801639622,132.15942225481362,452.7026602075065,299.5567321777344,301.1549377441406,116.75184626231447,121.78907034999459,2425.0685268786356,304.158878326416,299.9848937988281,170.19703023975538,177.54013107988357,3976.9932473736694,333.9723587036133,251.40472412109375,105.40319950105868,109.95078956016907,905.1221797810693,304.6868896484375,273.82781982421875,120.25507610378996,125.44344601320307,1045.8422792406793,306.6303062438965,278.036527633667,104.65347489206837,109.1687183033061,1858.4263929362194,313.9308738708496,276.1018753051758,137.37606292957247,143.3031127828549,3191.036604693335,1127.6552545813408,1191.7012778003834,1284.917988415354,1544.431129509846,1991.437799068247,1443.638909984535,1578.495152578975,1584.0475837525114,1842.483620086032,1383.757251769672,1469.3989537915393,1507.6195140964585,1707.0808503119229,1329.4362032006661,1440.3539800431909,1483.0967654142726,1615.531956371863,1272.0170410842552,1406.3376375624596,1453.9291779973482,1582.1031266460427
288,11.52,407.7047348022461,239.47726249694824,171.2031939648246,178.5897054431082,2327.5291239943163,404.7557067871094,277.92097091674805,156.47734646699115,163.22851558365647,1615.092083259249,384.0659713745117,304.449405670166,151.30422979941466,157.83220631809957,306.0278951131131,359.0264892578125,317.01982498168945,174.2614155947177,181.77987314625608,460.5860586766738,338.56929779052734,320.1973056793213,209.1871517627407,218.21246993479772,928.3744020298769,377.07305908203125,310.2642345428467,196.54833027933412,205.02835021368222,1292.204189742887,334.36248779296875,330.5665683746338,137.2961707916951,143.21977372217316,-777.8167643130217,315.7438659667969,336.93509101867676,161.8232650700814,168.8050822734396,664.3891161524386,306.7082405090332,338.5194969177246,207.53323382490936,216.48719419370929,928.735403654212,362.60032653808594,290.0647830963135,193.2259075640822,201.5625825470098,1598.4261437910484,318.0907440185547,318.29973220825195,137.9217622583729,143.8723561487876,-164.91999414837224,306.74861907958984,325.68042755126953,192.33775679914064,200.6361127783875,574.0943689514047,305.174503326416,326.00375175476074,253.18053427326527,264.1039340018456,-1163.197732971291,349.24400329589844,270.0599956512451,177.58296434346127,185.24472913939204,1773.2692856620226,307.89194107055664,298.0836009979248,140.7487870582847,146.8213521026852,366.54824619678976,307.4867057800293,304.110689163208,211.5729008291426,220.70115144337652,2472.8020273345483,314.77611541748047,303.1563949584961,277.02001625971235,288.9719634309613,2785.7958087769434,340.00125885009766,251.34178161621094,150.73071753793303,157.23395003868075,1182.0790119627918,310.78943252563477,275.9428882598877,161.46699363878162,168.4334396159627,1074.7498400689906,314.2064666748047,283.2367515563965,229.7288288958681,239.6404116895899,3261.7923346570956,322.84908294677734,282.8485679626465,279.56698094590064,291.6288161598527,3708.142584424945,1134.7988427990651,1198.2304184237298,1291.2312766680782,1551.702324435696,2000.1662978656389,1451.8400439930824,1584.2239435278618,1590.799787043449,1851.1431078537803,1391.8197550715524,1475.1538480374907,1515.644958607594,1717.6450076719966,1336.8459923662417,1446.2268341272982,1491.9248114720076,1627.0908349091014,1278.3063990858025,1413.074975147098,1463.5147944649318,1593.7682792924368
289,11.56,412.3786163330078,237.07271575927734,131.40351397803082,137.07287996243497,-1037.9206370168304,410.3627395629883,276.685152053833,143.54020519465297,149.7332051540073,-337.3827607412295,389.0380096435547,305.39660453796387,126.53643310324041,131.9958103139844,-645.909900102879,362.42237091064453,319.49355125427246,105.03372634453132,109.56537559291029,-1805.3624388336448,341.14452362060547,324.0063285827637,114.94684520151644,119.90619304901007,-2457.656922144691,382.2080993652344,310.59021949768066,128.63442604163393,134.18432054099804,-1771.1007418171043,340.1924514770508,332.14136123657227,150.9727813128241,157.48645758398465,356.66709654528717,320.6954574584961,340.5948543548584,153.9320588310137,160.5734122608143,-205.79175031563253,309.04285430908203,344.8472213745117,168.61664804446238,175.89156375932936,-1014.8907608594982,367.65892028808594,289.15409088134766,128.49788674803764,134.04189029971542,-1688.0173061823598,323.7265396118164,318.092679977417,140.98994333666573,147.07291299780886,80.0139212255317,312.02157974243164,326.6645622253418,134.1003244044089,139.88604348192933,-1518.7517324114544,309.2434310913086,328.83602142333984,123.94031989093301,129.28768856026176,-3370.4061360395954,354.1374206542969,268.27348709106445,130.2333153398976,135.8521934480404,-1234.813392283791,313.0498504638672,296.94007873535156,132.0787465742544,137.7772452705374,-226.1026708036951,311.39198303222656,305.34945487976074,102.42598216833167,106.8451210607772,-2846.4007595649828,317.1915054321289,307.0727062225342,115.03152513467496,119.99452647299299,-4224.435923949208,344.43931579589844,249.2479419708252,122.67975055698793,127.97273233294908,-731.5304426432917,314.8924255371094,276.194372177124,102.76732157171247,107.20118745237984,-1530.8063040895713,315.77768325805664,286.82541847229004,97.93892160651357,102.16446758999484,-3436.898602489877,321.6624450683594,289.89832878112793,178.72331453305915,186.4342794027132,-2629.8634189284876,1140.2817579975626,1204.21974662989,1296.5111090806377,1556.0849394594125,2004.9625455875994,1457.2074168147221,1590.5234018312212,1597.2227235338814,1858.1787704041535,1397.181430683541,1481.0367645574029,1521.2404003468712,1722.8165152144072,1342.2800801041633,1451.7379239381198,1496.1986163144386,1631.8906159680212,1283.4253083791205,1417.3630226451933,1467.6013731685316,1601.2256504685452
290,11.6,416.0508728027344,235.66602230072021,98.3115394606478,102.55316193191433,-862.9929507630159,415.5686950683594,276.450719833374,130.280781367334,135.90170738327785,-345.7874442682361,393.0848693847656,306.60046577453613,105.55317274351337,110.1072333540847,-547.2144239974928,364.87586975097656,319.2397212982178,61.66485124293533,64.32536312337476,-1131.0003117383883,343.19435119628906,322.415828704834,64.86275391031064,67.6612383613077,-1306.1238671925594,388.1255340576172,310.9162902832031,148.16029220026132,154.55262445539398,509.20759785989844,346.79439544677734,334.95248794555664,179.38801791329013,187.1276612148941,741.0300907727361,325.8504104614258,343.94871711730957,153.74885343428258,160.38230252109463,-4.777743492991959,311.82512283325195,347.99620628356934,105.05095221504209,109.58334466854069,-1657.7054772697168,372.1688461303711,289.7775650024414,113.820448191947,118.73119797156815,-382.76730820368175,327.6620864868164,321.67840003967285,133.10221065544522,138.84486640866305,-205.70116472864513,320.0409698486328,328.7798881530762,207.3421409409797,216.2878566634744,1910.0453295386267,320.7070541381836,328.5614204406738,286.67278718571805,299.04120032112905,4243.837794021682,357.81185150146484,269.4155502319336,96.19560238243548,100.3459333704441,-887.6565019399073,316.3921928405762,301.3172721862793,137.68413822493613,143.62447989627802,146.1808656435153,317.2688674926758,308.413724899292,165.6946018169941,172.843446706315,1649.9581411384452,324.8496627807617,307.77334213256836,192.25351858751534,200.54824013388355,2013.842841522264,347.6815414428711,251.41316413879395,97.46863015398388,101.67388555098833,-657.4711695490187,319.3318748474121,279.7708511352539,142.52173500183497,148.67079336410035,1036.7401477930127,320.8635711669922,290.57241439819336,157.92845352206342,164.74223022606563,1564.4440659017696,326.3827133178711,293.71667861938477,151.7825908879713,158.33120615520733,-702.5768311876469,1144.383884474839,1209.655814925221,1300.9153984148008,1558.6579539843474,2007.668995122052,1463.3895217929378,1598.0085082798169,1603.6380156347252,1862.5621041908953,1401.9306786024038,1486.5905592137494,1529.89191461341,1734.7781632272524,1346.293917438981,1457.482903133971,1503.1123541826912,1639.9125455733765,1287.4922638011599,1423.3098543797573,1474.1910623775743,1607.5588987147535
291,11.64,417.1599578857422,233.19519996643066,67.70816387710622,70.6294127047099,-798.0937306801106,417.2073745727539,274.1085147857666,71.46325543225164,74.54651658118962,-1533.8797700522057,394.3210983276367,305.1790523529053,47.09483858651955,49.1267315537659,-1524.51254500797,366.5458297729492,318.81457328796387,43.08071861060475,44.93942355144433,-484.6484892982607,344.6822738647461,322.9519844055176,39.539353834848896,41.24526763342577,-660.3992681970482,388.9472961425781,310.4923725128174,23.11654170080602,24.113898097359623,-3260.968158950859,346.9696807861328,334.85243797302246,5.045725121145371,5.263421448301871,-4546.605994164805,325.72181701660156,344.31432723999023,9.68913811499537,10.10717313083621,-3756.8782347564606,310.6436538696289,348.79812240600586,35.69784989523306,37.23802313554866,-1808.6330383248007,371.90792083740234,289.65033531188965,7.257298165843301,7.570412161919459,-2779.019645241217,326.8674850463867,321.3105297088623,21.890637688056213,22.835102816335283,-2900.244089808194,321.45336151123047,328.3671283721924,36.78672353318012,38.373875906529584,-4447.849518923621,324.0972137451172,327.35950469970703,89.9228266656606,93.80252058925689,-5130.9669932968045,357.18177795410156,269.3672847747803,15.797987004701897,16.479586510187648,-2096.6586715064113,316.0262870788574,300.15355110168457,30.497272308246124,31.813068157285503,-2795.285293474813,318.7552070617676,307.29037284851074,46.577389529701186,48.58695730949571,-3106.412234920482,327.0420455932617,306.2992858886719,66.04631048890819,68.89585914058134,-3291.3095248325553,347.0991516113281,251.51544570922852,14.782579179882852,15.420369213246804,-2156.3379084435383,318.0412292480469,278.50793838500977,45.14362273545722,47.09133106837109,-2539.4865573932316,321.1506652832031,289.1761779785156,35.63617518755904,37.17368749074138,-3189.2135683831066,327.8740692138672,291.5574645996094,65.60462822715384,68.43512062747648,-2247.402138193271,1147.2090609830275,1212.6376755884687,1302.8804676769514,1560.4555309264051,2009.318805827389,1464.3540777168323,1598.2190451377492,1604.0423025599584,1864.0516251163174,1402.2334950888805,1487.503963326403,1531.4268696496715,1738.5302640508226,1346.9531008993883,1458.7554258602624,1505.0558324750712,1642.6683799389998,1288.1090785696897,1425.193507622492,1475.678009877204,1610.2963035398525
292,11.68,418.87474060058594,234.41954612731934,52.67532202565146,54.94798331049116,-392.03573485546866,420.95237731933594,275.76948165893555,102.42026327121377,106.83915542352422,807.3159710583649,399.09393310546875,307.92308807373047,137.635578280217,143.57382484701822,2361.177332331308,370.5966567993164,322.20179557800293,132.0096455748696,137.70516292884645,2319.1434844350533,348.11145782470703,326.7748832702637,128.38871241597317,133.9280056731859,2317.0684509940033,393.6109161376953,312.6969051361084,128.9605451921517,134.5245100064019,2760.265297726057,352.10384368896484,342.5149154663086,230.58782227159838,240.53646608201424,5881.8261158428095,330.7539749145508,353.8700866699219,269.9943881275824,281.6432166382601,6788.401087685598,316.0594940185547,359.8415279388428,307.4980998736104,320.7650150033216,7088.174796694324,375.84739685058594,292.21813201904297,117.56129036516532,122.63343768072613,2876.5756379701666,333.5649871826172,327.9311943054199,235.43806850863552,245.59597476721422,5569.021798771973,330.92838287353516,332.9740905761719,263.3914987298206,274.7554475183571,5909.539290295687,334.8549270629883,331.56970024108887,288.8058845554534,301.2663295498558,5186.595224014973,360.56041717529297,272.2730541229248,111.40774908974342,116.214403675815,2493.370429140684,322.8777313232422,308.144588470459,263.1527199924293,274.5063667425302,6067.332464631118,327.9282760620117,312.9353141784668,269.27049307096166,280.8880893422111,5807.528300817885,337.40272521972656,310.4982376098633,279.4804083911115,291.5385084576352,5566.066232926347,350.0352478027344,255.05464553833008,114.96357106574786,119.92364054573717,2612.581783312259,325.06763458251953,286.15015983581543,259.5355474538363,270.7331323580306,5591.045032241488,329.96578216552734,294.47693824768066,257.153097735809,268.24789254724226,5776.855126412522,337.4267578125,294.79222297668457,252.1377614773661,263.01617108019127,4864.52626131787,1149.4069803154473,1216.9112418054096,1308.6234206708323,1565.963737443559,2014.6759260543165,1469.7350581170883,1607.8405037810296,1615.3080312254888,1876.8822257164502,1407.1388325961098,1497.3278023170915,1542.4170875504058,1750.5809172328168,1351.6016770464212,1469.7356805299635,1516.2913560487596,1654.329920277305,1292.9060241915192,1436.0228329168133,1486.4079255790937,1620.81695038306
293,11.72,421.15612030029297,237.30892181396484,92.03662719541859,96.00752042151778,1026.4884277756655,424.1505813598633,277.2542381286621,88.15118709935332,91.95444415463629,-372.1177817221982,401.4596939086914,310.41666984558105,85.93156518041776,89.63905730046805,-1348.3691886637541,370.5695343017578,327.2706699371338,126.72367305117092,132.19112867442902,-137.8508563604356,345.60619354248047,332.9501152038574,166.6017679930877,173.78975230041385,996.5436656806986,397.00992584228516,317.0823097229004,138.71067091646233,144.69530203902994,254.26980081570107,361.2141418457031,352.16992378234863,331.86661297073783,346.1849004348789,2641.2108588216165,339.5370101928711,366.8672561645508,392.16396727989576,409.08376637124525,3186.013743324628,323.55918884277344,375.90145111083984,443.1186034424517,462.2368253328748,3536.79525823883,379.7666549682617,296.6851615905762,148.56593104140586,154.9757644651018,808.5581696093918,338.9311981201172,329.8773765563965,142.70565243658191,148.86264586250675,-2418.3332226176867,335.9959411621094,330.66043853759766,139.26847445603022,145.27717184834563,-3236.956891750286,339.3663024902344,327.6123905181885,150.026681977994,156.49953907146002,-3619.169761959895,364.9917221069336,275.9274387359619,143.5944599757963,149.78980074173478,839.3849266479943,327.17620849609375,310.9357452392578,128.12948068637803,133.65758946681876,-3521.219431892786,333.6025619506836,310.22366523742676,157.22309055491883,164.00643458104568,-2922.0413690291357,344.9161148071289,303.7691116333008,252.15590353555845,263.0350958721515,-712.5853146370929,354.4236373901367,258.0108833312988,132.28119920126136,137.98843265662546,451.61980277220727,329.5595169067383,288.55095863342285,127.33038149147202,132.82401337204445,-3447.7279746496542,336.78028106689453,290.9608554840088,191.7032753986696,199.97425686439954,-1706.840892071068,346.55696868896484,286.506872177124,308.2285967026903,321.52702890336195,1462.771445579267,1153.247281132308,1220.589419571595,1312.208982962851,1571.2513825905362,2021.6275161463332,1475.5228701986496,1621.6878997984247,1631.6713818803387,1895.3716987297653,1413.337863174714,1503.282308151592,1548.2281744243396,1756.8408987956752,1357.5932690760903,1475.0819841086363,1522.8516134320014,1664.8513241121912,1298.4255614977842,1441.335793451695,1494.4068958536695,1633.6780315391945
294,11.76,423.41461181640625,236.8278694152832,57.728867013355135,60.219562011195336,-894.6989602580611,426.7119598388672,276.78319931030273,65.10826215382423,67.91733898582031,-600.9276292203996,407.23411560058594,308.2782554626465,153.94147010504417,160.58322958149637,1773.6043070257078,380.14404296875,325.22658348083496,244.75690191383367,255.31686650040038,3078.143445649284,357.56690979003906,330.6618404388428,304.44101907719227,317.5760373545736,3594.6571263539936,402.017822265625,318.26491355895996,128.64092083189064,134.19109554707126,-262.6051622989671,376.43314361572266,359.85374450683594,426.21819221637975,444.6072508323446,2460.558759936643,356.12831115722656,372.21405029296875,435.78913704157685,454.5911312586373,1137.684122184801,342.07542419433594,373.8716983795166,465.6788510770909,485.77042822010594,588.3400721807789,384.24373626708984,299.1207504272461,127.4174976642427,132.91488814648145,-551.521907965509,341.1656951904297,332.752046585083,91.02439553171901,94.95161632023427,-1347.7757385568123,335.1198959350586,333.42784881591797,72.56899685984783,75.6999648976458,-1739.4301737674957,337.0025634765625,330.08437156677246,85.50567389548216,89.19479106123504,-1682.6187002556246,368.53126525878906,279.16234016418457,119.87741909489232,125.04949510366914,-618.5076409516408,330.8182144165039,313.63861083984375,113.38454915445217,118.27649219823351,-384.52743171463123,336.9451141357422,313.2923698425293,113.43941957939904,118.33372999153549,-1141.8176147377546,348.1297302246094,307.70859718322754,127.09954378741368,132.58321624309946,-3261.296990726301,357.8633499145508,261.1416721343994,116.27946072993439,121.29630388267812,-417.3032193486836,334.78343963623047,288.89883041381836,130.88731665850173,136.53441146129146,92.75995223117519,343.10569763183594,291.42210960388184,158.5552941467404,165.39611570523397,-864.4535289791393,353.4528350830078,287.7622604370117,175.2301575920135,182.79041123226267,-3468.415441777482,1155.6560636127558,1223.3061131310278,1318.632312146111,1581.464057250552,2034.330557640516,1480.8905140205325,1639.4721898317182,1649.8550271306842,1914.8025158585694,1418.654458700573,1507.0803728044013,1551.2561730202456,1760.4086904381247,1362.595248880237,1479.8130437965656,1527.5849626316628,1670.154652761915,1303.2774136530913,1446.7971699101465,1501.0227404818788,1640.9896479884853
295,11.8,424.7954559326172,235.8061122894287,42.94413593196397,44.79694805328219,-385.56534894782857,430.2101135253906,275.908899307251,90.14391171161333,94.0331442845291,652.8951324677198,414.88121032714844,305.88669776916504,200.3085213462446,208.95077361886305,1209.1886009341672,391.7924118041992,323.79841804504395,293.3898356268635,306.0480538427854,1268.2796835596257,371.3169860839844,330.9312915802002,343.81790420847744,358.65182661997824,1026.894731635116,407.70137786865234,316.9505023956299,145.83912583517807,152.13131204979808,448.50541256817064,387.1807098388672,360.2754020690918,268.89586137188496,280.497294268601,-4102.7489140935895,368.1952667236328,370.7051181793213,304.02332637194485,317.1403234203394,-3436.2701959574465,358.05728912353516,366.7462921142578,437.45815589905084,456.3321594441074,-735.9567193999637,388.4975814819336,298.84735107421875,106.56555000938637,111.1632893395046,-543.7899701744211,347.44091033935547,334.49469566345215,162.817288270565,169.8419923127141,1872.2593998119958,337.96741485595703,339.8795700073242,176.3041943923114,183.91078703459536,2705.270553423739,338.5308837890625,338.6977958679199,218.69905288031904,228.13475923006231,3473.499204220682,372.0939254760742,280.1843547821045,92.6588558337394,96.65659493153427,-709.8225043033718,335.91075897216797,315.2292823791504,133.37973514880326,139.13436461470846,521.4468104118737,338.57006072998047,319.1378974914551,151.67944185123267,158.22360678359937,997.2469198015968,347.4995803833008,316.41589164733887,218.2516691047932,227.66807321305026,2377.1214242487704,361.1830520629883,263.11022758483887,96.48715236948465,100.65006219598314,-516.1560421673745,338.8901138305664,291.5903663635254,122.7526443375815,128.04877109427918,-212.141009175307,344.3741226196289,297.1742248535156,147.25770734227967,153.61109783903032,-294.62544665509114,353.15486907958984,295.7530975341797,199.90976285043692,208.53481080496917,643.6099893176624,1157.4479415348871,1227.067438902409,1326.9903430908653,1593.7059794042634,2048.676630705315,1486.9757665025245,1650.6920816024622,1662.5406400674976,1933.0558022363339,1423.1009902741532,1513.8740524969098,1558.6126045016294,1769.5340808073272,1366.4615126774984,1485.378418381154,1533.9139069030068,1679.261375690437,1307.3034161409307,1451.9191207539177,1507.16718439544,1649.3310404206838
296,11.84,425.3050231933594,235.8491849899292,12.784611128929118,13.33619941803913,-786.5187158810766,431.4560317993164,275.2397918701172,35.3554902714022,36.88089250638453,-1428.8062944536143,416.6410827636719,305.994815826416,44.079760854179625,45.9815691789489,-4074.2301109978544,393.59683990478516,324.84838485717773,52.19189997479593,54.44370415735381,-6290.10874213579,373.65299224853516,333.1933879852295,81.29423775115353,84.80165374241469,-6846.254321939088,410.1665496826172,314.80908393859863,81.6346475174635,85.15675038802836,-1674.3640415442433,389.62474822998047,359.6341609954834,63.16898849375205,65.89439593373551,-5365.072458371638,371.71085357666016,367.2498321533203,123.23339757005891,128.55026628365397,-4714.751428417137,363.5699462890625,360.9553813934326,199.88127101045535,208.50508969292682,-6195.676743779514,390.1249694824219,298.05819511413574,45.21586304514559,47.166688164985864,-1599.9150293629684,350.80379486083984,335.2372741699219,86.09738360974596,89.81202991718715,-2000.7490598881739,341.86195373535156,338.6119079589844,102.39140635301376,106.809053482071,-1927.5433388131091,343.04630279541016,335.7816982269287,134.3796726040628,140.17744407754267,-2198.932878812991,373.4859848022461,280.6995677947998,37.108570573661574,38.70960894296539,-1448.6746497142221,338.9957046508789,315.83913803100586,78.61621078337369,82.00808408831836,-1428.1570131597525,340.98411560058594,319.2766857147217,60.451029195185576,63.05917108017889,-2379.110892585512,349.1415786743164,315.9634780883789,42.57960497724417,44.41668951767521,-4581.284592384377,362.1043395996094,264.76698875427246,47.392169037170135,49.43689023930926,-1280.3292989168472,338.85311126708984,294.9301528930664,83.49978762176382,87.10236141386913,-1023.6602420102511,343.14083099365234,301.18237495422363,104.83998361941143,109.36327389486596,-1106.1955986041091,350.77396392822266,300.54253578186035,133.71478056892505,139.4838654709945,-1726.273633349367,1157.9813895116085,1228.5426746026644,1328.8296058580233,1595.8837275705578,2052.0686968550117,1490.3820365180457,1653.3278574398116,1667.682650718844,1941.396005824051,1424.9876578007527,1517.4665336935973,1562.8849666409124,1775.1411785704288,1368.0098970352171,1488.6587417446865,1536.436273746214,1681.038043271144,1309.280891750503,1455.4032152104724,1511.5417153512346,1654.9103950395238
297,11.88,424.69669342041016,237.72027969360352,49.18752701889046,51.30970841340385,949.337724884118,430.81363677978516,276.1189556121826,27.22131800722832,28.395773770919924,-212.12796838661507,417.27474212646484,306.9961166381836,29.623971540181802,30.902089084290573,-376.9870023664582,394.8530578613281,326.3034439086914,48.05778031269273,50.13121911765725,-107.81212599241385,375.82286834716797,334.98061180114746,70.27860294749365,73.31075261320639,-287.2725282302074,412.13001251220703,315.92007637023926,56.399747707457124,58.833098243540135,-658.0913036122056,390.44322967529297,360.18407821655273,24.651582433353287,25.715167711086075,-1004.4807055662359,370.88321685791016,365.5245780944824,47.837512122809294,49.90144752146932,-1966.2204690546162,362.30831146240234,356.57283782958984,114.01318598308465,118.93225137804899,-2239.3209578719457,391.6367721557617,299.4846439361572,51.96334985451272,54.20529330931348,175.96512860819047,352.6295852661133,338.6913585662842,97.67359424756931,101.88769276014214,301.89157107387496,342.3591995239258,341.28710746765137,68.02548137199634,70.96042076964132,-896.2158178107419,343.63990783691406,336.3863468170166,21.18323132211727,22.097175610680623,-2952.0067116715513,374.7108459472656,282.1483039855957,47.428376099522204,49.47465944472341,269.1262625439505,340.4805374145508,317.67059326171875,58.94359909152067,61.48670334780176,-513.0345185129149,343.89232635498047,318.16981315612793,77.79322212178852,81.14958782284734,452.2604185667111,353.72100830078125,311.98113441467285,151.71980102983133,158.26570724709504,2846.2254432354957,362.5628662109375,265.77392578125,27.660540820752434,28.853946723623604,-514.5735878921413,339.3701171875,296.25426292419434,35.536622801983796,37.069839946753994,-1250.8130366778785,345.2359390258789,300.4240322113037,55.7032392597121,58.106539143556425,-1281.4183687827383,354.447021484375,297.21470832824707,123.90971353123936,129.2557616981759,-255.70259432046498,1160.0337778481446,1229.6785055535013,1330.0656894213948,1597.8889763352638,2055.0011269595398,1492.7353604477873,1654.356464148255,1669.6787086197028,1946.153295879173,1427.1558695331253,1521.5420414040032,1565.723383471698,1776.025065594856,1369.988883413006,1491.1182098785985,1539.6822572591277,1687.368671561028,1310.435049619448,1456.8860088083425,1513.8659769169767,1660.0806255074508
298,11.92,426.2540054321289,238.33937644958496,41.896460882082934,43.70407137133904,-190.14092605162017,430.4959487915039,277.1805667877197,27.70315805467256,28.89840266557384,12.56572236634792,416.8296432495117,307.0434379577637,11.19018312941451,11.67298029116897,-480.7277198280401,397.56237030029297,326.4467239379883,67.82746060190584,70.75385645163364,515.5659333494096,379.8517608642578,336.3160514831543,106.11130376443482,110.6894447738407,934.4673040158578,413.90960693359375,318.1193447113037,70.72719394193051,73.77869793423451,373.6399922673595,393.65291595458984,360.45825004577637,80.53437233352,84.00900415470045,1457.3459110903593,373.9289855957031,367.0323371887207,84.96339171363458,88.62911227405596,968.1916188146658,364.75292205810547,359.329891204834,92.1190272099401,96.09347556044426,-570.9693954401182,393.69911193847656,302.5866222381592,93.12463008469895,97.14246487563673,1073.4292891580812,359.95277404785156,344.65819358825684,236.15701094877645,246.34593576760125,3611.4560751864774,345.45284271240234,350.9879779815674,254.5553929223616,265.53811052321623,4864.442243839373,343.0760192871094,345.1604175567627,219.80429881298585,229.28769067360602,5179.762876573134,376.1069107055664,285.1669692993164,83.14647123311191,86.7338012934865,931.4785462190772,342.3634719848633,319.2745113372803,61.83645662749696,64.50437237180974,75.44172560019948,345.0226593017578,320.6447696685791,68.02142267833173,70.95618696483159,-254.83502145039375,355.4348373413086,314.368314743042,73.4669989702327,76.63671104511471,-2040.7249050495082,362.35973358154297,267.4728584289551,42.775832886126565,44.62138362200496,394.18592245953397,339.42596435546875,297.570161819458,32.92708619744429,34.3477156524872,-68.05310735666978,345.21541595458984,300.8409118652344,10.434613143178996,10.884811459977785,-1180.543192089466,355.43750762939453,295.750036239624,44.20355705898459,46.110706534620185,-2078.6263790888925,1161.7819407029983,1230.8344416601242,1330.5326086330417,1600.7191305933293,2059.428704750493,1495.6865083651567,1657.7168243144433,1673.223873110665,1949.9970349015907,1431.0415681281509,1531.3958788347072,1576.3449078926267,1785.1965732218002,1373.4582354647455,1493.698384773471,1542.520504737721,1690.4341400028325,1312.2199049643282,1458.259917434442,1514.3013693753758,1661.9250537688358
299,11.96,424.29561614990234,238.33909034729004,48.959732578124814,51.07208584845175,184.2003619278177,430.0718307495117,276.98204040527344,11.707071529381748,12.212169689212997,-417.155824409021,418.424072265625,306.2445259094238,44.58464105220633,46.5082322847095,870.8812998385133,400.5286407470703,325.72108268737793,76.34344924423779,79.63726492065669,222.0852117255763,383.53538513183594,335.6756401062012,93.47196931574419,97.50478995570475,-329.6163704533989,414.95677947998047,317.6634407043457,28.552788890343223,29.784690573899784,-1099.8501840083684,394.62066650390625,360.3431510925293,24.36427834377587,25.415467971017126,-1464.8384045920832,376.0021209716797,366.8041133880615,52.1414925366114,54.391121905066115,-855.949759224746,367.97142028808594,358.64524841308594,82.26279007196985,85.81199396840582,-257.03703980096117,394.0180206298828,303.12975883483887,15.7460335502953,16.425391539262442,-2017.9268334093572,361.61800384521484,346.2895202636719,58.27851769706419,60.792927212082716,-4638.825213887963,347.25975036621094,353.11366081237793,69.74705534373304,72.75627154433042,-4819.545974472146,344.9746322631836,346.98500633239746,65.83053733398437,68.67077651631503,-4015.4228539322744,376.15257263183594,286.45957946777344,32.335410727919076,33.730512518752846,-1325.0822193683412,344.1866683959961,321.48427963256836,71.62018340012463,74.71021516010738,255.14606970744111,346.1962890625,322.9598808288574,64.8900343838761,67.68969584288601,-81.66227804863944,355.8551025390625,316.38696670532227,51.54839098641397,53.772431162828134,-571.6069970571643,361.87217712402344,268.85467529296875,36.63271373497305,38.21322140085019,-160.2040555288694,339.9909973144531,299.5979118347168,52.62504375960566,54.895535803436154,513.6955037737238,345.2036666870117,303.4138584136963,64.32433436563247,67.09958886364326,1405.369435091637,354.8347854614258,298.5299491882324,71.11254290560136,74.18067266566926,701.7491532762269,1163.8248241369363,1231.322928447693,1332.39293792443,1603.9046211901555,2063.3288963487216,1496.8778959881126,1658.733443033284,1675.3995179868675,1953.4295146603267,1431.6985837897214,1533.8275959231905,1579.2551587543996,1787.9434042824528,1374.8074559654956,1496.6867933798753,1545.2280925714365,1692.5850372493455,1313.7484338203622,1460.4557388665794,1516.9853529299216,1664.8922806754626
300,12.0,422.17174530029297,235.39772987365723,90.70015442954704,94.61338593102003,1088.5325020642072,427.50572204589844,274.33399200439453,92.18552696924952,96.16284443232142,2098.7668685777107,416.23191833496094,305.4209232330322,58.544108501012445,61.06997685319667,364.04361421217925,396.9224548339844,324.51802253723145,95.03923717539621,99.13967712646169,487.560305145125,378.75247955322266,333.517541885376,131.18110978876427,136.84088020979843,983.402256352342,414.13230895996094,315.66493034362793,54.047405697900764,56.37926512945447,664.864363888867,392.60814666748047,357.6434326171875,84.18252467892717,87.81455496067264,1559.977174741388,373.2727813720703,361.40275955200195,151.29424541334862,157.82179115863164,2585.766731339138,363.5001754760742,352.1315288543701,197.51672818165733,206.03852935883972,3005.6633847608477,393.9352035522461,300.87541580200195,56.3965933038547,58.82980774412153,1060.1104051214772,361.34593963623047,340.77043533325195,138.1446646703162,144.10487561977183,2082.798710192228,348.1591033935547,344.5389461517334,215.54374176032206,224.84331313929954,3802.176039874228,345.99456787109375,338.53217124938965,212.8536609751092,222.03716960936026,3834.159827326131,375.4855728149414,284.4334030151367,53.328461988867026,55.6293028054286,547.4697571668938,345.11566162109375,321.06388092041016,25.492198432334405,26.59205184024342,-1202.954082996599,344.0756607055664,322.8331661224365,53.11026998762932,55.401696974435225,-307.19997171126965,350.91766357421875,316.4102554321289,123.4373472058639,128.7630152665446,1874.764602592912,360.8455276489258,268.4176254272461,27.89513543889065,29.0986628576021,-227.86396358120217,339.5476531982422,300.86339950561523,33.52250224266166,34.96882074795241,-498.16787638709366,343.2139205932617,304.9368095397949,62.64218651435347,65.34486523778968,-43.86809064633965,350.3025436401367,300.2881908416748,121.5335078243378,126.77703529453782,1314.9090657217141,1167.6093595741772,1235.1694422249857,1334.8357369985579,1607.870208275214,2068.8025315571135,1499.133066593291,1662.2460252317107,1681.712389633213,1961.6710558346804,1434.0517760994862,1539.5917909479813,1588.2488912799718,1796.8248910668271,1377.0326280777126,1497.750475453485,1547.4441604504138,1697.7355578600075,1314.9123803346663,1461.8544916964977,1519.5991475394333,1669.9633620872441
301,12.04,421.243896484375,233.65490913391113,49.360457074017624,51.49009948492654,-1078.0821611523374,425.88680267333984,272.33593940734863,64.28993950945674,67.06371005150824,-727.4783595203296,413.91021728515625,304.4982719421387,62.45789166136119,65.15261903753867,102.06605460854999,393.59981536865234,324.96296882629395,83.8074810828828,87.42333021892134,-292.9086726885089,373.5950469970703,333.7806701660156,129.10351240219146,134.6736454946935,-54.180867877623484,413.4791946411133,314.39515113830566,35.69749241677105,37.237650233783484,-478.54037239177455,390.47584533691406,355.3366184234619,78.53383303037731,81.92215217138396,-147.31006973221702,371.07460021972656,357.9284477233887,102.78266834978022,107.21719636267613,-1265.1148698988877,361.4136505126953,348.05580139160156,114.46926654556987,119.40800940233734,-2165.7629989125594,393.5338592529297,298.98324966430664,48.35655293775197,50.4428821998002,-209.67313860803324,358.4183883666992,337.0162296295166,119.01842531120204,124.15344028568352,-498.7858833522079,349.4301986694336,336.8441677093506,194.97643844468897,203.38863956789027,-536.3668392852319,350.7304382324219,329.51685905456543,254.58829761186544,265.57243487587635,1088.3816316629022,375.10921478271484,282.37812995910645,52.23619855560815,54.48991398741356,-28.484720450376066,344.01885986328125,317.91452407836914,83.37199250366977,86.9690526129704,1509.4250193181745,345.56041717529297,317.083740234375,148.45117003729484,154.85605213120252,2486.358878919182,353.49830627441406,310.1254177093506,169.85085727581847,177.17902258517543,1210.4001829657705,360.62549591064453,266.6186714172363,45.309005009912795,47.26384871244379,454.1296463710422,339.2030715942383,298.57638359069824,57.82072658712829,60.31538483927674,633.6641022831083,344.77474212646484,300.7159423828125,112.50523158781169,117.35923673365649,1300.3592873966702,352.68184661865234,295.0859069824219,143.01407276868088,149.1843728991737,560.1834401158967,1169.6689635535743,1237.851990627046,1337.4418417600596,1611.367141483971,2074.1894773769013,1500.6225726026425,1665.5229113185662,1686.0010774877198,1966.4473762107739,1436.0694913874781,1544.5579285594088,1596.3844368626876,1807.447788461862,1379.2122246372091,1501.229237558004,1553.638402535662,1704.8227187634143,1316.802934283164,1464.2671070900687,1524.2935170087794,1675.930737003211
302,12.08,421.36791229248047,232.20273971557617,36.43638240316393,38.00841941144193,-337.04200183711527,426.6639709472656,271.0949993133545,36.60535175079394,38.18467889190674,-721.9757789900374,414.8171615600586,302.4749565124512,55.432127675370104,57.82373052960148,-183.22221269842984,395.35133361816406,322.26210594177246,80.47700175888104,83.94915834348284,-86.85429688596251,376.2746810913086,331.369686126709,90.11549158162117,94.00349797638256,-1016.7536879577732,413.4760284423828,314.01915550231934,9.400224169373708,9.80579407795721,-685.7964038956569,390.37437438964844,354.867582321167,11.997166811246407,12.514781046739945,-1735.1842781161004,370.8738708496094,357.8041076660156,5.90300399665159,6.157687368893929,-2526.487724844555,361.37969970703125,347.9742622375488,2.208122908840573,2.303391722662837,-2927.6154419918626,393.2817077636719,299.6766185760498,18.444864144708962,19.240662386348465,-780.0554953362935,359.3638610839844,336.8242835998535,24.119001034376396,25.159608244203095,-2474.8458010370105,348.2120132446289,338.12450408935547,44.18170559724483,46.08791229798691,-3932.5181817475836,347.6675796508789,331.74951553344727,94.75579679901001,98.84400779835386,-4168.2106769380625,374.84500885009766,283.2784080505371,23.45614813780383,24.468156754254093,-750.5439308289866,343.5935592651367,317.93457984924316,10.644330437122601,11.103576944922002,-1896.63689170121,342.91744232177734,319.20435905456543,84.71400510269018,88.36896595108978,-1662.1771545028184,349.7845458984375,313.4999656677246,125.44817170235052,130.8605961948485,-1157.960659758173,360.4389190673828,267.2600269317627,16.698574311428676,17.419029391534725,-746.1204830227266,338.23741912841797,298.48597526550293,24.246885753760616,25.29301051221332,-875.5593581765854,341.26270294189453,302.73616790771484,101.29082635357538,105.66098928207329,-292.45618628958,347.9560089111328,299.20214653015137,156.67835294821714,163.43819443042892,356.34553828138064,1171.189300330032,1239.3793777827223,1339.7547909812433,1614.72510781771,2077.9496172959566,1501.0148043657607,1666.0235025604356,1686.2473849824758,1966.5395118796805,1436.8391178829322,1545.564312889177,1598.227953354607,1811.4015487737963,1380.1909509073794,1501.6733806358006,1557.1731611737057,1710.0571426112083,1317.4996954588255,1465.2788275105572,1528.5199565800622,1682.4682647804282
303,12.12,421.64722442626953,230.5272102355957,42.466268278227446,44.29846294009482,157.25108821632236,425.15541076660156,269.21473503112793,60.26580492753622,62.86595536594864,617.0319118510475,412.2647476196289,301.06332778930664,72.91910147256712,76.06517467096731,456.0361035341458,391.51744842529297,320.1587104797363,109.32448302481934,114.04125570889767,752.3024341353707,370.8084487915039,329.0525436401367,148.42684405647944,154.83067661309545,1520.6794659178222,412.28660583496094,313.22876930236816,35.70221005168575,37.24257140966983,685.9194332928155,386.15875244140625,351.75679206848145,130.97825298189932,136.62927120563123,3102.8622539722824,365.4334259033203,352.6654815673828,187.08941611424817,195.16133397739972,4725.091165212645,355.2376174926758,343.83710861206055,185.1371350661325,193.12482233733783,4770.535765366875,393.8266372680664,298.62284660339355,29.65829916645923,30.937897765913103,292.43088448911595,356.7909240722656,330.6031322479248,168.30539394556817,175.5668806938318,3760.1818112407173,345.85693359375,329.02685165405273,234.93839617487188,245.07474421748947,4974.670797987564,346.3343811035156,323.11288833618164,218.4730356806645,227.89899058476664,3226.3745696603196,376.31507873535156,281.58599853515625,56.0432613884249,58.461231427062735,849.8268668202162,342.5510025024414,311.724271774292,157.43024445219672,164.22252607232855,3827.973728185164,339.9412155151367,312.4977207183838,183.43412267232938,191.34833397440605,2574.484200582907,345.72887420654297,308.5205841064453,160.55122548045784,167.4781609096389,915.4391178697595,361.8824768066406,265.1378631591797,64.16501200145446,66.93339258289575,1237.8590797840257,339.03594970703125,293.87011528015137,117.11056338283011,122.16326421522966,2421.756342575409,339.86183166503906,297.64065742492676,132.11422002977656,137.8142492178706,803.8314983949331,345.10730743408203,295.41881561279297,118.39735252422044,123.50557149587249,-998.3155733639109,1172.9612388476357,1241.8940159973602,1342.7973979680821,1619.286758046066,2084.1428443604805,1502.5045072221474,1671.488673408661,1694.0538383415717,1974.2645047731742,1438.0766337935688,1552.5869881169303,1608.0309431233068,1820.5175083971872,1382.529400164462,1508.2422816786939,1564.8270945326817,1716.7562690475938,1320.1770311621412,1470.1653580791667,1534.0325265487772,1687.408487640263
304,12.16,420.8549118041992,231.15989685058594,25.34822039956325,26.441861917570822,-446.4150255631,423.4465026855469,269.17840003967285,42.73235791746443,44.576032938599404,-457.24806068373096,410.4346466064453,300.01044273376465,52.78397400394888,55.06132304645387,-525.0962906128359,388.5690689086914,316.8639278411865,110.5343114410772,115.30328181654484,31.550652691179337,367.0737838745117,323.0232524871826,177.30636242338932,184.95619331078595,753.1379174422625,411.24900817871094,312.3687744140625,33.69161713400832,35.14523205157475,-52.433483952376925,379.47338104248047,348.11302185058594,190.3471370654106,198.55960834139015,1548.258428393973,359.49413299560547,346.33069038391113,217.08981376066214,226.45608996162505,782.3688996056333,351.5377426147461,336.6753673553467,201.52483088389621,210.21956047398143,427.36845341609,394.07909393310547,297.28148460388184,34.12281477853858,35.59503359172734,116.428395645356,354.2253875732422,327.10824966430664,108.38640886055262,113.06270861056137,-1562.6043020817606,345.9429931640625,322.55401611328125,161.83519044756005,168.81752216782408,-1906.4305512416347,348.68152618408203,316.26431465148926,180.99042022971838,188.79919870823707,-977.4947969132392,377.0847702026367,280.0258255004883,43.49256296279741,45.36903680715034,-327.30486549780994,340.75157165527344,308.4657096862793,93.05971958631353,97.07475383287897,-1678.6943059862394,340.33748626708984,306.1212730407715,159.7187283441207,166.60974592906774,-618.4647011334575,347.806396484375,300.7075023651123,202.11436291064214,210.83452768672785,1083.9091694272242,362.5841522216797,263.71707916259766,39.615145091664836,41.32432888173813,-640.2265925289404,338.2681655883789,291.34961128234863,65.87124209297599,68.71323747016815,-1336.2506686265376,340.56053161621094,292.18308448791504,137.5529079676487,143.48758774811517,141.8334632561141,347.2172546386719,288.06867599487305,191.1747067623495,199.4228832896386,1897.932794844153,1174.0189133243387,1243.6770573149042,1344.9998508899403,1623.898889318728,2091.5410920929116,1503.9103165042104,1679.4310577423166,1703.1120819400367,1982.6732871921333,1439.500435137238,1557.1094964613526,1614.7836440100198,1828.0694763455165,1384.344161636748,1512.125271832009,1571.4914843698446,1725.1896501550627,1321.8300043174108,1472.9138875779734,1539.7720300587018,1695.3854029718486
305,12.2,419.2756652832031,229.90792751312256,50.38257880971083,52.556320362452645,652.8614611220456,422.8567123413086,267.81978607177734,37.02773085740509,38.62528142091393,-148.7687879421369,411.19861602783203,299.1493320465088,28.778908211138504,30.020565746322806,-626.0189325032767,388.5611343383789,316.1840057373047,16.999209995488506,17.732635913811194,-2439.2661475683412,366.64295196533203,322.7972602844238,12.162663402684055,12.687417939967302,-4306.719384270466,412.7469253540039,311.5298366546631,42.92123912021716,44.773063365323104,240.6957828437088,378.51078033447266,344.1925621032715,100.92263359056916,105.27691095053775,-2332.0674347713098,358.46099853515625,343.29700469970703,80.1195031028362,83.57623551300998,-3571.996361215377,349.90123748779297,335.02564430236816,58.09332568200401,60.59974514197012,-3740.495383300283,396.16283416748047,295.53614616394043,67.95301517542416,70.88482804031952,882.2448612148044,354.5564651489258,324.8216915130615,57.76006698049492,60.25210809174611,-1320.2650129703816,343.78662109375,322.59278297424316,53.91801284782212,56.24428966289431,-2814.330812623244,343.97003173828125,318.0623245239258,126.0729437027202,131.51232379952185,-1432.1718727178804,378.9424514770508,278.37684631347656,62.09927574309182,64.77853074089104,485.2373483435176,341.00048065185547,307.4729633331299,25.586874201811643,26.690812367964732,-1759.598536622856,338.5327911376953,306.7486095428467,47.765544569911256,49.826374949656426,-2919.584274485283,344.63172912597656,302.48754501342773,90.99129308037638,94.91708567335894,-2897.9360503342227,363.5786437988281,262.61667251586914,37.08021950096408,38.68003467157018,-66.10735525419872,337.38269805908203,290.9905815124512,23.887171257703056,24.917776239961746,-1094.8865307551603,337.8174591064453,293.2766532897949,73.82555247963306,77.01073424028104,-1661.9213376958535,343.19976806640625,290.37025451660156,115.75151740370573,120.74558259682873,-1966.932517320247,1176.1211661388368,1245.222068571741,1346.200673519793,1624.6081947552802,2092.0485888105104,1505.7012390388234,1683.6421341803382,1706.455131360557,1985.097276997812,1442.3358282588506,1559.5195807850223,1617.0334155965354,1833.3299692974972,1386.9353028663836,1513.1929043267278,1573.4845393678306,1728.9863335819973,1323.3772057042736,1473.910598627572,1542.8524594283133,1700.2152262757218
306,12.24,419.58335876464844,228.25095176696777,42.13255794119573,43.95035476866632,-215.14913984465807,423.5346221923828,265.3981304168701,62.8688012706204,65.58125722110213,673.8993950047052,411.11927032470703,296.7787742614746,59.297132902814944,61.855490271462756,795.8731131284987,388.5053253173828,313.62290382385254,64.04274772521475,66.80585325039738,1226.8304334146546,366.65538787841797,319.93778228759766,71.48762596713547,74.57193857563729,1547.1130158917497,413.458251953125,310.083646774292,40.29152129096874,42.02988713333962,-68.57940579958708,377.0461654663086,341.4554500579834,77.6083076275841,80.95669524714624,-608.0053925847878,356.866455078125,340.62028884887695,77.89165785903424,81.25227054104124,-58.099124299218374,347.2198486328125,333.17479133605957,81.45360218594844,84.9678939089035,609.2037191733347,396.6807174682617,294.59924697875977,26.762651172159156,27.917317890077218,-1074.1877537560576,354.94850158691406,323.46479415893555,35.309904757240346,36.833340218614055,-585.4691968283014,343.36925506591797,321.7321300506592,23.912834629937063,24.944546850847022,-782.4935703011822,342.1592712402344,317.3751640319824,48.41902468926087,50.50804927666433,-2025.1068630714378,379.15889739990234,277.5438594818115,21.516213352470164,22.444524052852735,-1058.3501672009577,341.36756896972656,307.38887786865234,9.414888423855345,9.82109101738789,-421.74303376442106,338.01464080810547,306.10462188720703,20.663976273189686,21.555517455302535,-706.7714373588473,342.73521423339844,301.00401878356934,60.195612446259794,62.792734450700685,-803.1087805664564,363.5580062866211,261.52098655700684,27.39700744787311,28.57904328083727,-252.5247847683229,336.26434326171875,290.2635097503662,33.34807715602576,34.78687014222601,246.72734755660653,336.3245391845703,291.0399055480957,67.2302496701067,70.1308790297327,-171.99638026370855,341.4250946044922,286.58294677734375,104.56208026892494,109.07338048601265,-291.80505277040186,1177.8791803295833,1247.845318860585,1348.6748931306515,1627.2804288852963,2095.031466353536,1507.382434524157,1686.8804019902238,1709.7052221821987,1988.4959927541684,1443.4525209744536,1560.9929143937668,1618.0311974705694,1835.350291268564,1387.8330838284976,1513.5857479674232,1574.3467600660429,1731.4980429600255,1324.520367435507,1475.302073433261,1545.6576945895026,1704.5781614951622
307,12.28,418.49334716796875,227.8476619720459,29.055635636485498,30.30923249509213,-341.02805683935486,422.6568603515625,264.9121284484863,25.08315872344905,26.165364233355792,-985.3973246936587,410.3011703491211,296.26407623291016,24.163526629274415,25.20605488280465,-916.2358847164526,387.31021881103516,313.08926582336426,32.720875189621225,34.13260773134752,-816.8311379762464,365.0818634033203,318.8887023925781,47.27940817539879,49.31926434330294,-631.3168558083587,413.21971893310547,308.4260845184326,41.86593658400331,43.672230111391414,41.05857445129484,376.4167785644531,338.5546016693115,74.20852901742259,77.41023418821722,-88.66152647322565,356.3156509399414,338.5463333129883,53.64627645211875,55.960829280275476,-632.2860315191441,346.1784362792969,332.1706295013428,36.16697976363209,37.72739347421863,-1181.0125108671218,396.2697219848633,293.2371711730957,35.56831268620041,37.10289708170986,229.63947979081613,354.3311309814453,322.4238967895508,30.255307365908713,31.560663708636753,-131.81691274943256,343.5927963256836,320.8480453491211,22.797703479617322,23.78130369484051,-29.081078900162805,343.3034896850586,316.0030746459961,44.664479263534275,46.59151509219667,-97.91335461169143,378.6750030517578,276.86448097229004,20.85229153123606,21.751957519801884,-17.31416332627127,340.0935745239258,307.1714115142822,32.31053875299696,33.70456744978386,597.0869108098992,337.4409484863281,305.75119972229004,16.8454390474264,17.572230563396054,-99.58217229766203,342.8615951538086,300.206823348999,20.178774398230118,21.049381688073353,-1043.5838190656832,362.87288665771484,261.2811756134033,18.146938353766565,18.929882674731402,-241.22901515264664,335.04085540771484,290.50254821777344,31.16550494733199,32.51013149715716,-56.91846612672116,336.47003173828125,289.8607063293457,29.70352336724909,30.98507315155235,-978.6451469545087,342.86102294921875,283.7746238708496,78.85337563449988,82.25548134723157,-670.4474784695271,1179.091549629387,1248.8919334299192,1349.6831353259636,1628.6457331945503,2097.004236927268,1509.1293237286125,1689.9768113577527,1711.9436553534097,1990.0050884931372,1444.936636857722,1562.2553409421123,1618.9824496183633,1837.2139518722515,1388.7031621292897,1514.9339306654147,1575.0496492885786,1732.3400182275482,1325.2775627424965,1476.602478693147,1546.8970975155648,1707.8683807490515
308,12.32,416.5756607055664,227.8532838821411,47.94236757526122,50.01082693159494,492.5398609125703,421.1244583129883,264.51470375061035,39.57747464079341,41.28503315033712,377.99172292453324,409.3892288208008,295.34708976745605,32.33130766862432,33.72623243417092,213.00443878415666,387.59315490722656,311.8043804168701,32.891710034118454,34.31081319499353,4.455136591150222,366.41353607177734,317.7092170715332,44.47286896578009,46.391637824469896,-73.19066297082611,412.08778381347656,307.8996276855469,31.209312632023316,32.555829251527186,-277.91002149660574,375.3011703491211,336.8701457977295,50.509734664613795,52.688962319337826,-618.0317967219847,355.40863037109375,337.8009510040283,29.350054288953288,30.61635375377602,-633.6118881624864,344.74361419677734,332.75553703308105,38.73653983296854,40.407816457422165,67.01057458008836,395.3199768066406,293.10439109802246,23.97454968155868,25.00892458022966,-302.34931253700506,354.2181396484375,322.0430660247803,9.930984113198834,10.359453503541323,-530.0302551273857,342.6190185546875,321.3054656982422,26.89652072150997,28.0569632017837,106.89148767357972,340.9413146972656,316.77964210510254,62.16373385814349,64.8457698823691,456.3563697543106,377.75569915771484,276.9492244720459,23.08003886415485,24.07582035655118,58.0965709187324,340.31978607177734,307.74850845336914,15.496220133569775,16.164799996105167,-438.4941863419673,335.95958709716797,307.39874839782715,55.38980165359071,57.77957836405418,1005.1836950164532,339.4114303588867,302.37353324890137,101.85243278406857,106.24682605692541,2129.9361092213016,361.72664642333984,261.328125,28.680033557793514,29.91742517512354,274.68856250980343,334.5404052734375,290.81774711608887,14.785987505013656,15.423924589563496,-427.1551726898416,335.3267288208008,290.70653915405273,35.55431345553612,37.08829385835365,152.58051767003255,340.9374237060547,284.67023849487305,53.04691086120141,55.33560423712205,-672.996927752738,1181.0919827066507,1250.5433347559326,1351.0321846233305,1630.01816572235,2098.8599024402465,1510.4315568986735,1692.084369850526,1713.168309503561,1991.6214011514342,1445.9369938409313,1562.6697190822542,1620.1047281464346,1839.8077826675465,1389.6661949435518,1515.580522665259,1577.360832423141,1736.589891269825,1326.4742597495015,1477.2194356767297,1548.380629269899,1710.0818049185366
309,12.36,415.0540542602539,228.58617782592773,42.222770125073275,44.04445913069931,-149.1591950223908,420.14148712158203,264.83405113220215,25.838623140370686,26.95342294047608,-358.290255246526,408.0735778808594,295.7399654388428,34.32645380148042,35.807458560454144,52.030653157080664,386.6227340698242,311.9671154022217,24.59927942443182,25.660608104219207,-216.255127269358,366.3234329223633,319.14939880371094,36.074939355742444,37.631382009985934,-219.00639536209906,409.45823669433594,307.16952323913574,68.22559341281901,71.16916658564217,965.3334333528746,372.99983978271484,335.40621757507324,68.18727986657957,71.12920001271253,461.0059423343676,352.03712463378906,339.14883613586426,90.77391305223243,94.69032684779977,1601.8493273505935,338.8516616821289,336.83323860168457,179.13464649088618,186.8633581569493,3661.388542488178,393.614501953125,292.4303340911865,45.84619207496113,47.824212555507025,570.3821993819341,353.2579040527344,321.93211555480957,24.16560580197162,25.2082237607967,371.2192564313844,337.713623046875,324.46529388427734,145.87541613764395,152.1691680866963,3102.8051221228147,331.65042877197266,320.8856964111328,253.94419076944436,264.9005382330748,5001.369208767644,376.9811248779297,275.83394050598145,33.94686693813906,35.41149453347381,283.3918544230657,340.6488800048828,308.1431007385254,12.845375829254133,13.399585793497831,-69.1303550651834,332.15431213378906,311.51681900024414,140.17538798191666,146.22321389171842,2211.090888191606,331.71791076660156,307.70273208618164,233.97462998707917,244.06939662082434,3445.564264097473,361.5359878540039,259.38374519348145,48.8426268876529,50.94992766738774,525.8125623066051,335.12939453125,289.1370677947998,44.5224053625474,46.44331145451447,775.4846716237744,334.2732238769531,291.03718757629395,27.60435932332581,28.79534129200511,-207.32381415871356,338.62438201904297,285.17374992370605,59.180262782554216,61.733577824217456,159.94933967738518,1182.8537610718786,1251.6214716735515,1352.4644829657489,1631.0445900465188,2100.365157720646,1513.2783235620993,1694.9295378510346,1716.9559225774728,1999.0959354777121,1447.8499623431517,1563.678048032686,1626.1914948699023,1850.4038041968693,1391.0826547248905,1516.1165060969988,1583.2097609788095,1746.3526671346583,1328.512256856197,1479.0771681349104,1549.532442921579,1712.5511480315054
310,12.4,414.84954833984375,228.9953899383545,11.436706924405037,11.930140282828477,-802.8579711967709,418.84620666503906,265.21376609802246,33.74476733852675,35.20067540604358,206.18131163918747,406.01131439208984,295.91217041015625,51.73602014830283,53.968155529752934,454.01742423246975,384.2420196533203,311.80206298828125,59.660725315618535,62.23476977203845,914.354041695481,364.5439910888672,319.2985725402832,44.642090862204185,46.568160749872284,223.41946849715873,406.85985565185547,307.70236015319824,66.31128872083892,69.17226978043813,-49.92242013010113,369.53025817871094,333.5206890106201,98.72061105150162,102.9798827963086,796.2670695899018,348.20350646972656,339.09215927124023,95.85092753467994,99.98638762769963,132.4015194974965,334.2945098876953,339.0032386779785,126.18570840388644,131.62995370057266,-1380.8351114094157,392.9197311401367,292.74338722229004,19.051062068066447,19.8730145409168,-698.7799503647557,352.4846649169922,320.9500980377197,31.247571554788728,32.595738844269064,184.68787708680912,334.9966812133789,324.0885543823242,68.57343499368488,71.53201568926616,-2015.9288099357532,327.7178192138672,320.0068759918213,100.7402081653019,105.08661483392144,-3995.348084978835,377.6627731323242,275.5781936645508,18.201146763680732,18.98642989055671,-410.6266160729274,341.7966079711914,307.4515628814697,33.49910532749345,34.944414379756815,538.6207146564745,329.7540283203125,311.4989376068115,60.00876045143681,62.59782078148637,-2090.634827755801,327.23716735839844,306.97800636291504,113.47436071674973,118.3701786539862,-3142.4804491709533,362.89989471435547,258.5171699523926,40.397977766392316,42.140936642102375,-220.22477563213414,337.36705780029297,287.56336212158203,68.39081833268023,71.34152008610278,622.4552157897076,333.9397430419922,290.72959899902344,11.341852807013588,11.831193712424625,-424.1036894895121,337.0978546142578,285.36126136779785,38.45001998719811,40.10893479712873,-540.6160756772181,1183.3309666831917,1253.0294986897932,1354.6232091869388,1633.5339808374003,2102.227884150641,1516.0452143533166,1699.048733162887,1720.9553780825809,2004.3611336257352,1448.6448829247881,1564.981877586457,1629.0527754974728,1854.607268790226,1391.842111920513,1517.5142826721892,1585.713673810069,1751.0874742808178,1330.197894321881,1481.9308289383546,1550.005690670076,1714.1555054233904
311,12.44,414.7467041015625,228.01852226257324,24.556661435009747,25.616151374171114,342.1502772835659,418.9495086669922,264.20056343078613,25.461379436589016,26.55990316798587,-216.01930595144276,405.88890075683594,294.87396240234375,26.13499767531648,27.26258446761256,-667.6392765535094,384.10526275634766,310.9017848968506,22.76514730321919,23.7473428917816,-962.1856720064212,364.39884185791016,318.6287784576416,17.13352730009794,17.872748299045313,-717.3853112706743,406.8653106689453,306.89074516296387,20.29083305313934,21.166275080708893,-1200.1498674932309,369.32003021240234,332.7743339538574,19.384943715637487,20.22130141402749,-2068.9645345570275,348.3401870727539,338.2793998718262,20.60429913543266,21.493265564979133,-1962.3280515680121,334.86854553222656,337.95241355895996,29.93482871122665,31.226358096603416,-2510.089890099231,393.1047821044922,292.15344429016113,15.457128666446678,16.124021939124013,-93.72481504481965,352.7758026123047,320.0071048736572,24.6728249434028,25.73732672298742,-171.46030303204114,336.4375686645508,322.6581001281738,50.75896484958059,52.94894546737359,-464.57675554731424,330.0665283203125,318.46641540527344,70.22042653942694,73.25006620111463,-795.9137158201703,377.99415588378906,274.9633312225342,17.461929134746057,18.215318934315317,-19.277773906034845,342.2799301147461,307.01130867004395,16.3444192526156,17.049594416813353,-447.37049907358653,330.7005310058594,311.2195873260498,24.671642541452037,25.73609330665206,-921.5431868708578,328.51375579833984,306.81690216064453,32.167846999966926,33.5557193030137,-2120.3614837743125,363.3794403076172,257.9197597503662,19.151744788365868,19.978041187587763,-554.0723863628652,338.4975814819336,287.25605964660645,29.288634803840658,30.552284343032518,-1019.7308935767564,334.7406768798828,290.7208442687988,20.024542098065435,20.888495080654785,226.432534205754,337.4678039550781,285.6969165802002,12.488167809626995,13.02696613886549,-677.0492164565811,1184.3556127381587,1254.0918948165126,1355.7137125656434,1634.4838745530715,2102.9427940826026,1516.891865356545,1699.857585219448,1721.8151087051801,2005.6101879495993,1449.289843802353,1566.0113706553761,1631.1707333161678,1857.5372714382706,1392.5707246778857,1518.196266448862,1586.7431175423349,1752.4297030529383,1330.9970159693846,1483.1529203120758,1550.8412304733022,1714.676584068945
312,12.48,414.7721862792969,229.1860055923462,29.194034778955906,30.453602827881873,120.93628634276898,418.9299774169922,264.6566963195801,11.413771341182331,11.906215150609563,-366.34220043440763,406.40846252441406,295.0683403015137,13.868291126131446,14.466634470172067,-319.8987499360123,384.7749710083008,311.02020263671875,17.002424530224992,17.73598913870397,-150.2838438269407,365.1189422607422,318.63292694091797,18.002808809883458,18.77953470404447,22.669660124978908,405.7837677001953,306.3599109649658,30.11976239756044,31.419270692472654,256.324890294094,366.87950134277344,332.42631912231445,61.63042819128606,64.28945489928077,1101.703837131332,345.0062561035156,338.148136138916,83.41285076062775,87.01167368741451,1637.9602030608844,331.75750732421875,337.05897331237793,80.91969092060125,84.41094719895659,1329.6147275588294,393.38390350341797,291.42640113830566,19.469535497768998,20.309542883733233,104.6380236152305,351.163330078125,320.50612449645996,42.198106129200625,44.018731013974744,457.0351072746831,332.0008850097656,324.10789489746094,116.68886709346471,121.72337396341759,1719.3607124010998,324.72572326660156,318.6818218231201,133.6286798992684,139.39405001325488,1653.5995953035062,379.1355514526367,274.0529537200928,36.49975206710757,38.074523140908845,496.4801051648382,343.01700592041016,307.23730087280273,19.2735767795429,20.105129584211507,76.38837918495386,328.46874237060547,311.10300064086914,55.870793843977125,58.28132282110675,813.6307378613673,325.1251220703125,304.47790145874023,102.93736817305854,107.37857066435564,1845.5712840335484,364.6931838989258,257.21506118774414,37.27031566697897,38.878332480788856,472.50728233002735,339.2842102050781,287.3166847229004,19.72403590723198,20.57502363855188,-249.43151761201597,333.23585510253906,291.91906929016113,48.08996636115154,50.164793823715705,731.907468576523,334.6548843383789,286.85834884643555,76.08154210723463,79.36405787721534,1658.4272934587464,1185.5737568512739,1254.5681434225369,1356.2923779444502,1635.1933141186196,2103.6939754707646,1518.148636184244,1702.4291634154192,1725.2955756526767,2008.9866258375578,1450.1022255177024,1567.7721198959352,1636.0396682747046,1863.1130334388008,1394.093705603522,1519.0004716322303,1589.0743704551794,1756.7248458795125,1332.552149268616,1483.975921257618,1552.8478222262506,1717.8511463840339
313,12.52,416.38084411621094,229.17859554290771,40.21687258708799,41.95201773307299,287.46037262977796,419.0401840209961,264.9656581878662,8.20072144771923,8.554539163971826,-83.79189966594342,405.70140838623047,294.9968147277832,17.76656730385785,18.53310062768478,101.66165393781785,384.3745422363281,311.6934585571289,19.583423088655493,20.428344121251172,67.30887456368002,365.3456497192383,320.2854537963867,41.70012949457706,43.499269323831015,617.9933654946636,406.52889251708984,307.1389389038086,26.950133606460664,28.11288919889604,-82.65953733941541,369.60643768310547,333.0541706085205,69.95703723069343,72.97531303807935,217.14645346996448,347.36175537109375,341.41058921813965,100.59813894183395,104.93841607556836,448.16855970384603,331.8634033203125,343.68475914001465,165.66580024951642,172.81340250367475,2210.061382617954,394.5536804199219,292.51696586608887,39.98210115062613,41.70711715199625,534.9393567065755,354.7018051147461,321.86081886291504,94.72328914823355,98.81009761454031,1369.7841650141393,334.16099548339844,328.1550121307373,114.6877150084653,119.63588275995129,-52.187280086657495,323.43544006347656,325.9661865234375,184.94391013138357,192.92326076957778,1338.2302689080725,380.60951232910156,274.94771003723145,43.107058096735805,44.966899446961996,172.3094076513288,347.40875244140625,308.1910514831543,112.35289752446104,117.20033026192132,2427.3800169427454,331.9087600708008,314.5829772949219,122.33141279534743,127.6093656409768,1733.2010704967515,325.6721496582031,310.805139541626,158.7710240791615,165.62115324217535,1456.064564445493,366.01757049560547,257.51938819885254,33.97255130207121,35.43828704173787,-86.00113597627458,345.7284927368164,287.2067070007324,161.13052249698148,168.08245152565559,3687.685697177593,338.1256866455078,292.80956268310547,124.25636553485313,129.6173699005869,1986.3144019217798,335.6275177001953,289.24853324890137,64.51258178792129,67.29595816563125,-301.7024927896024,1187.2518375605969,1254.910324989096,1357.0337019695573,1636.0104478834699,2105.433946243718,1519.2731517522,1705.3481759369422,1729.4931122956993,2015.8991619377048,1451.7705102037821,1571.7245238005169,1640.8251035851029,1870.829963869584,1395.8923815814005,1523.688484842707,1594.1787450808185,1763.3496920091993,1333.9696807502855,1490.699219318644,1558.0325170222743,1720.542984710659
314,12.56,417.0891571044922,227.69840240478516,41.02346139339828,42.79340657633405,21.034721081526442,419.11144256591797,263.54870796203613,35.468522335871036,36.998801306048996,711.1065535519293,406.0095977783203,293.7128162384033,33.01167238764314,34.43595128899799,397.57126653283024,385.73028564453125,311.0251808166504,37.78752544909245,39.41785712691735,474.7378251416544,367.0546340942383,320.25163650512695,42.73297324068301,44.57667480975738,26.935137148159072,407.2886276245117,306.59491539001465,23.360744543598656,24.368637000020907,-93.60630497187827,371.60633087158203,332.56616592407227,51.4643161408853,53.68472893280301,-482.2646026319085,350.2644348144531,343.5447120666504,90.06951580389413,93.9555385872401,-274.5719372082064,334.5767593383789,348.9891815185547,148.9530077967829,155.37954153330804,-435.8465242591677,395.1420593261719,292.46581077575684,14.764962338819743,15.401992298754513,-657.6281213310434,358.9247131347656,322.6130962371826,107.23476987834974,111.86138250299663,326.2821222114081,338.29357147216797,332.2715663909912,145.8256734952925,152.1172793126625,812.0349138177804,325.52093505859375,334.0943241119385,209.78547082713646,218.8366032993504,647.8335632443155,381.31690979003906,275.0122833251953,17.75846413086036,18.52464784567025,-661.0562900322936,352.15572357177734,308.15600395202637,118.6775127235958,123.79781912469655,164.93722156938054,335.8028793334961,316.87628746032715,112.98074046835882,117.85526130507859,-243.85260839745547,327.01515197753906,316.4176082611084,144.2728759090529,150.49748673101078,-378.0916627791143,366.9572067260742,257.2848701477051,24.211502456522666,25.25610061301699,-254.55466071802206,350.08644104003906,286.4215278625488,110.70292366453099,115.47916876481584,-1315.0820690209937,342.4744415283203,291.8250274658203,111.47022759704801,116.27957779995164,-333.44480251588175,338.71700286865234,288.40710639953613,80.0504440530652,83.50419693083659,405.20596913013344,1188.9635738236502,1256.3902770413379,1358.4111400211175,1637.5871621685465,2107.217013236108,1520.2478972322008,1707.4955650942543,1733.2513338391886,2022.114343599037,1452.3865898957324,1576.1989791006367,1646.9097947576092,1879.583428001558,1396.633367495227,1528.640397607695,1598.8929555330217,1769.3695914784396,1334.9799247748065,1495.3183860692368,1562.6837001342722,1723.8831525878925
315,12.6,417.3356628417969,225.0644016265869,66.13775953489558,68.99125372877633,654.9461788110569,419.9150085449219,260.3042507171631,83.56218154921261,87.16744730897695,1254.2161500731988,407.3252487182617,290.4462146759033,88.03984596439894,91.83829923914311,1435.058698753628,387.3973083496094,307.20096588134766,104.29400920785936,108.79374357781712,1734.3971612724943,368.3784866333008,314.0540027618408,158.43620475032907,165.27188823182092,3017.380335551589,410.1077651977539,304.51918601989746,87.52210104751022,91.29821637000681,1673.2394842496476,375.50209045410156,331.96383476257324,98.55120988889962,102.80317287034177,1227.961098438469,354.686279296875,343.7124538421631,110.6256240942196,115.39853412726563,536.0748885006384,339.02339935302734,350.6433963775635,118.6092171261316,123.72657693375531,-791.3241149888183,396.8824005126953,290.18506050109863,71.72259607710492,74.8170464019317,1485.3763525794297,360.3982162475586,318.794002532959,102.33733478382645,106.75264901092547,-127.71833730177917,339.44141387939453,328.6640739440918,94.64256424260172,98.72588985658413,-1334.7847364019592,324.97100830078125,333.51207733154297,20.022343023468537,20.886201127630823,-4948.7600542929895,382.00767517089844,273.14735412597656,49.71869448137997,51.86379293992533,833.4786273563772,355.2117919921875,304.7749900817871,113.93750749034115,118.85330775898183,-123.61278414286794,338.5771942138672,315.93249320983887,73.26139264093679,76.42223389117949,-1035.8256853474775,327.23690032958984,320.7298278808594,107.94793415288946,112.6053160405261,-947.3042672621169,366.55513763427734,255.71102142333984,40.609876891007374,42.36197809216102,427.6469369786007,353.63502502441406,283.66458892822266,112.34200177851525,117.18896442221951,42.74489143509186,348.9231872558594,288.0432415008545,186.89607162682984,194.95964769890548,1967.001747473846,345.63045501708984,285.93807220458984,183.52784268427288,191.44609750871578,2698.5475144469797,1191.7232239728012,1259.8769749336968,1362.084671990683,1641.938911911659,2113.827888765381,1523.899825887001,1711.607692009068,1737.8672752042794,2027.0634066763873,1455.37927175181,1580.4690850610737,1650.8588303518727,1880.4188760466632,1398.7079192128242,1533.394529918054,1601.9498448886688,1773.8738041200609,1336.6744038984928,1500.0059446461255,1570.4820860422283,1731.540996488241
316,12.64,420.4240036010742,219.19475555419922,165.8135128323949,172.96748810252132,2599.405859343625,425.02540588378906,253.95026206970215,203.85247835929556,212.64763361549285,3137.0046576628974,413.57357025146484,285.5832767486572,197.942048442433,206.48219993724328,2866.0975174525042,393.731689453125,303.5365104675293,182.9491347418021,190.84242138217883,2051.2169451090426,376.31526947021484,311.9468879699707,205.29316620757783,214.1504795174978,1221.9647821419223,418.60958099365234,295.18406867980957,315.6593175210794,329.2783459871936,5949.503240429669,386.95030212402344,327.8363800048828,304.2382220564553,317.36449071598935,5364.032946141189,365.9910583496094,341.31717681884766,288.89377529808075,301.35801231273825,4648.986954636815,350.4759979248047,349.2102527618408,288.5479971659428,300.99731568473095,4431.76846877439,404.8194885253906,280.46167373657227,313.78895803333944,327.3272903891489,6312.75609968043,368.48289489746094,312.70359992980957,253.0501836847732,263.96795947552965,3930.3827616151048,347.16617584228516,323.98472785949707,225.78782512949772,235.529374474181,3420.0871154399215,333.3457946777344,329.37984466552734,233.4689402063022,243.5418890031037,5566.392196886823,389.0835952758789,264.4727611541748,279.8629224264301,291.9375259485673,6001.84332521605,362.0458984375,300.49089431762695,201.64710421668107,210.34710925376692,2287.3450373696273,342.1429443359375,317.27285385131836,95.23372755447438,99.34255873577459,573.0081211148776,327.9343795776367,326.90717697143555,155.4150070945095,162.12034189122468,1237.8756462674644,372.0280456542969,249.0538215637207,215.4516073369308,224.74720360329405,4559.630637778326,359.48204040527344,279.37265396118164,181.32893906054312,189.15232283450985,1799.0839603072584,355.3138732910156,282.34225273132324,214.10006560931757,223.33735000512982,709.4425576556084,352.957763671875,278.6737060546875,257.9492048862727,269.0783475066963,1940.8062499495124,1198.641923496902,1268.3828802783166,1370.3439599881729,1649.5726087669461,2122.393907946081,1537.0709597264888,1724.3022716377077,1749.921595696789,2039.1032993037766,1468.4723633673757,1591.0278034400949,1660.2800053308397,1890.1605516067875,1410.3854202507669,1541.8084142882049,1605.9235472381,1780.35861779571,1345.6642920426245,1507.5720375595058,1579.4155800424335,1742.3041303885088
317,12.68,426.58153533935547,207.69365787506104,326.14264989899226,340.21397865896677,4181.1622639111365,428.47286224365234,241.63744926452637,319.6583278757008,333.44989246805255,3020.0564713139925,413.38417053222656,272.28200912475586,332.5654001999966,346.9138366337349,3510.79091741229,392.0874786376953,290.37506103515625,331.59385960698285,345.90037920742077,3876.4489456310484,374.5338821411133,301.49688720703125,265.0186983517846,276.45285218969394,1557.5593168049031,423.84471893310547,279.8327922821045,405.48455294548404,422.97906478977757,2342.5179700646,391.76361083984375,312.6442623138428,398.40963587446925,415.5989025014119,2455.8602946355636,371.7823791503906,326.781005859375,391.18383049131916,408.0613418690377,2667.583238907486,356.46846771240234,336.53700828552246,350.4647090933377,365.58540594776167,1614.702256575768,410.4361343383789,262.5923538208008,468.2809683037165,488.4848130295797,4028.9380660107695,375.6630325317383,294.2875671386719,494.15625072656974,515.476476906505,6287.712935774384,353.8192367553711,305.15313148498535,499.3071709414925,520.849632059983,7133.006439645051,338.00437927246094,310.2234363555908,492.8681300327887,514.132780624035,6764.772290523282,395.6711196899414,244.3535614013672,529.2551821895815,552.0897414501269,6503.805387538989,369.40807342529297,280.69579124450684,527.996050071834,550.776284447282,8510.729379837878,348.76861572265625,303.48060607910156,382.52910014713484,399.03320572821906,7492.266174811112,332.68932342529297,320.58122634887695,197.84328121238644,206.37917142408912,1106.470738321611,379.32342529296875,227.76050090789795,562.7099989248659,586.9879564193823,9056.018820402205,369.6722412109375,250.99348068237305,753.830911266081,786.3547243433997,14930.060037722245,364.92305755615234,261.6840076446533,569.5938861934183,594.1688469806118,9270.78742438705,359.93656158447266,269.4275665283203,289.6061079789313,302.10107837771324,825.568271775424,1212.2504826432605,1281.7208759770388,1384.2205134535222,1663.408623935243,2133.452022033669,1553.9901223180798,1740.926227737764,1766.2440493715505,2053.726715541687,1488.011755888559,1611.6468625163552,1681.113990613239,1910.725862831749,1432.4690099087718,1563.839465666096,1621.8848754672288,1788.6137846526733,1369.1438102993998,1539.026226533242,1603.182333921658,1754.3881735236175
318,12.72,427.42591857910156,195.00540733337402,317.90789238412367,331.62393495173336,-214.75109268083514,428.51268768310547,228.5193157196045,327.95484994892223,342.10436554735315,216.36182698251503,411.60411834716797,257.8656578063965,363.1457791953993,378.8135970917651,797.4940114507547,387.05677032470703,273.9975643157959,428.3182410041543,446.7979056077565,2522.438160008393,368.37013244628906,281.0105037689209,534.8385952052075,557.9140491790628,7036.529924734221,420.46627044677734,261.3723850250244,469.17517402353803,489.41759899233034,1660.9633550638193,384.5079803466797,288.9513301849365,619.4751844900096,646.2022592295581,5765.083918203655,362.8244400024414,301.47125244140625,671.2061400273866,700.1651316372356,7302.594744204948,347.21920013427734,310.2143383026123,697.5098143399819,727.6036702460598,9050.456607457452,406.2007141113281,242.4799346923828,513.8386101788575,536.0080259717149,1188.0803235533804,368.3458709716797,273.2234573364258,557.4706130467098,581.5225187776352,1651.1510467782557,346.12850189208984,288.4288787841797,460.1956317274856,480.050636983459,-1019.9748769131006,331.016845703125,298.0694389343262,350.4865178386898,365.60815562502125,-3713.1156249753444,391.2544250488281,224.61816787719727,505.58935233218597,527.4028563201254,-617.1721282500386,357.83111572265625,255.3285312652588,697.102856696646,727.1791545348276,4410.07175218864,339.73438262939453,273.4635257720947,783.6782175025198,817.4897838337678,10461.414452638717,328.8405227661133,285.24338722229004,888.6704045407663,927.0118279192341,18015.816412378623,376.13399505615234,209.80111598968506,456.0098490411497,475.6842599335357,-2782.592412146164,358.7126159667969,233.6781406402588,512.3075164549913,534.4108736591988,-6298.59626710502,358.15433502197266,242.70458221435547,503.7572545438854,525.4917132112952,-1716.9283442329147,361.12571716308594,246.6433811187744,570.3799149288083,594.9887886947363,7322.192757925576,1225.51544004133,1295.4050505989328,1399.373057337193,1681.280540159553,2155.768584000831,1573.566826277773,1766.7743181069466,1794.25065463704,2082.8308623515295,1509.4520769274275,1634.9077632674607,1700.3160160925775,1925.3501890567497,1453.565124161577,1592.926631847489,1654.5844668205796,1825.6942577694426,1388.1711806967412,1560.4026614796096,1624.2020024501098,1778.187725071407
319,12.76,427.85228729248047,178.66868019104004,408.5572511922444,426.18433369917204,2364.009968685967,429.0181350708008,212.1072292327881,410.496696022384,428.2074553064066,2152.577243976336,408.9858627319336,238.94187927246094,477.6012042411444,498.2071678068364,2984.8392678767837,380.6412124633789,251.1686897277832,592.8305500031506,618.4080498199772,4290.253605305518,359.9565887451172,255.12145042419434,680.547022942586,709.9090242000506,3799.874375524695,407.7775192260742,233.59296798706055,763.5036094012638,796.4447481963268,7675.678730099912,365.0345230102539,258.0663299560547,912.7906317208051,952.1727152107937,7649.261399530891,341.2428665161133,268.3073043823242,989.1953058582743,1031.8738465547033,8292.717872936691,324.18384552001953,274.6208667755127,1059.930061830455,1105.6604327807602,9451.41906336751,392.3487854003906,214.1799545288086,787.7042617123149,821.6895305375352,7142.037614145508,352.35652923583984,245.29234886169434,804.5984517807177,839.3126154703774,6444.752417318554,331.15966796875,260.05494117736816,802.0077634988029,836.6101527040744,8913.987893015385,316.75148010253906,268.4576225280762,821.7208796923675,857.1737855011227,12289.140746902536,377.81341552734375,197.37369060516357,759.4908980622291,792.2589096061096,6621.401332149606,344.0538787841797,227.8384780883789,768.7308051776832,801.8974697979811,1867.9578815788375,329.0402603149414,244.6874713897705,767.4737609077285,800.5861907225085,-422.5898277814821,319.9739456176758,255.0022029876709,787.855242986208,821.8470258541095,-2629.120051628115,365.4599380493164,183.77134323120117,703.3333859395439,733.6784981304409,6449.855954922628,343.28258514404297,206.899094581604,772.6590285350203,805.9951751973658,6789.607538454175,336.4911651611328,221.5770149230957,756.4997637418292,789.1387236747024,6591.175261585181,333.0643844604492,231.18370056152344,800.9526031468375,835.5094677688888,6013.0169768538135,1242.562813389297,1312.5333488111892,1419.3013440494665,1706.0168621523521,2184.1649449688334,1605.4246162056263,1804.8612267153783,1835.5256084992282,2127.05727966276,1542.319658148929,1668.480267886276,1733.7804222007405,1959.6371404767947,1485.2554805458215,1625.0025306394082,1686.60791444948,1858.568138803607,1417.5183206219588,1592.6424684875042,1655.767551397098,1811.6081037821627
320,12.8,424.81536865234375,166.97911262512207,301.94045843610786,314.96759075967157,-2780.418573487512,419.82261657714844,197.85226821899414,424.0883412332031,442.3855080545704,354.45131870409483,398.1333923339844,215.86478233337402,637.5384875021168,665.044898140399,4170.943258339065,371.66648864746094,219.11364555358887,832.1927077687428,868.0974175216501,6242.23419254182,353.34766387939453,215.62419891357422,1001.1589424180952,1044.3536506971761,8361.11566242814,384.21268463134766,207.0657205581665,887.0584414338872,925.3303171379467,3222.139223540498,349.0503692626953,224.68513011932373,925.2694450690291,965.1899232927689,325.4302020493782,329.01737213134766,234.3739128112793,901.712875748774,940.6170127136654,-2281.4208460259465,314.1888618469238,241.39546394348145,867.4052873283197,904.8292334755563,-5020.779982630097,371.1599349975586,191.45955562591553,776.6852273042228,810.195083128961,-287.36118521435685,333.865966796875,213.22465896606445,925.4180253240763,965.3449139992447,3150.8074632216817,314.36498641967773,226.51433944702148,937.7610612412427,978.2204865728111,3540.258346718417,301.87116622924805,236.68351650238037,877.1464938580012,914.9907214975248,1445.4233999100525,362.02075958251953,176.2487554550171,659.3893324932766,687.8384914156273,-2610.510454762056,326.07410430908203,196.59676551818848,901.1509635230963,940.0308569501855,3453.334678805109,314.4584846496582,210.9738063812256,918.2998522613107,957.9196294520793,3933.335968239271,310.2431106567383,221.32481575012207,876.3759040021083,914.1868847688149,2308.496472867637,356.78550720214844,162.46192932128906,575.1830533112127,599.9991570707627,-3341.983526491953,333.93192291259766,173.73538970947266,861.4182364756124,898.5838730737078,2314.7174469085485,332.11849212646484,182.50874519348145,982.805286264148,1025.2081314435402,5901.735194220944,335.33782958984375,188.37059497833252,1071.8356224352399,1118.0796552981885,7064.254688232492,1255.1615170196837,1330.2287691333718,1445.9031399750822,1740.740758853218,2225.9390909967206,1642.437828891144,1843.468823647089,1873.1502890077747,2163.2504490017823,1574.7274614740872,1707.0940644462455,1772.909241663653,1996.2367693366957,1512.7690202024467,1662.6037649174157,1724.9246996275633,1895.1356141943597,1441.5182869047892,1628.5858234104526,1696.7758766548397,1856.3312899940904
321,12.84,424.65831756591797,155.8027696609497,279.43615896183763,291.4923498997425,-586.8810214982261,410.95481872558594,185.92878341674805,371.4896773175283,387.5174902456771,-1371.700445222332,381.9285202026367,200.05273818969727,566.0270647211306,590.4481360443725,-1864.9190524006626,354.58919525146484,207.02496528625488,523.0739314014091,545.6418024136829,-8061.39037769918,335.05706787109375,213.1446075439453,461.4476376708457,481.35666035521723,-14074.924758548974,377.38990783691406,187.55780696868896,516.6653751469513,538.956750883427,-9659.339156362992,340.8262634277344,202.34813690185547,595.0720454185893,620.7462538962255,-8611.091734913583,321.9651794433594,213.24688911437988,556.8238904704659,580.847893545944,-8994.227979193036,311.52915954589844,222.31046676635742,481.7358804241904,502.5202333784082,-10057.725002428702,370.572509765625,166.4999771118164,624.1622525456576,651.0915494586993,-3977.588341756541,323.51097106933594,176.9384479522705,943.3699719141654,984.0713920479728,468.16195121820385,305.30906677246094,190.40419578552246,930.7094591999916,970.8646452343147,-183.89603346240904,298.62878799438477,202.68681049346924,853.7743539989978,890.6101975345655,-609.5130990739818,366.4285659790039,149.44252967834473,679.155034592076,708.4569789213341,515.4621876426688,321.15455627441406,155.68442344665527,1030.1764674812853,1074.6231283494906,3364.8067849826275,305.94818115234375,170.1931858062744,1041.4786003846086,1086.412888454656,3212.3314750644167,302.0603561401367,182.76241779327393,985.5252431005031,1028.045440018066,2846.4638812312787,366.34281158447266,137.6504373550415,664.7143186397639,693.3932225241205,2334.8516363339427,330.99815368652344,142.6689577102661,780.1162569743949,813.7741435656984,-2120.2432377002337,320.5004119873047,152.42455959320068,806.2405074449281,841.0255171435364,-4604.565357500095,319.52659606933594,161.41385078430176,781.2894641962258,814.99796846825,-7577.042170748465,1266.8212110156735,1345.729468743199,1469.5210654168573,1762.5664309497652,2245.1933574109294,1663.9960989264812,1868.298673802938,1896.3842047496125,2183.3512583369184,1600.7711234524354,1746.4569201281647,1811.7438274730257,2031.8611772380784,1541.1072993593,1705.5886900513954,1768.3812151657496,1936.2574317950825,1469.254015805754,1661.1367891530806,1730.416897340581,1888.9312087328203
322,12.88,418.84979248046875,146.85851097106934,266.6209003198565,278.1241806907096,-334.20423022582355,404.9607849121094,179.35904502868652,222.3312616410893,231.92367857012508,-3889.8452918888006,371.0169219970703,194.2611837387085,308.83357002446303,322.1581036212702,-6707.250810577559,339.3075180053711,202.29602336883545,399.9160467461468,417.1703070273371,-3211.7873846586435,316.5412902832031,212.96931266784668,462.9151839010436,482.88752343613044,38.27157702283017,368.2588577270508,176.77785873413086,353.18493743415314,368.4229977407281,-4263.343828567475,327.73365020751953,194.20208930969238,385.49855083055314,402.13077248850084,-5465.387035193117,311.2205123901367,203.31597805023193,365.7790185417835,381.560446775706,-4982.18616925595,306.78869247436523,208.6662483215332,361.10656756902455,376.6864042791984,-3145.845727480244,362.96520233154297,153.04440021514893,386.42890356666146,403.1012650199305,-6199.75711096922,314.16881561279297,165.3932762145996,371.28733737037345,387.30642040098024,-14919.124291174814,299.90169525146484,177.5520372390747,348.58432092277695,363.6238889823238,-15181.018906299772,300.06811141967773,185.92692375183105,420.5394270421744,438.6834770039762,-11298.168013264733,360.4250717163086,134.59266185760498,400.4376649801887,417.7144303267567,-7268.563714864435,314.02164459228516,141.34832382202148,400.31408099803025,417.58551435001567,-16425.94034998687,303.3190727233887,155.64027786254883,369.7121690837295,385.6632919416312,-17518.739912825622,305.75828552246094,165.51959037780762,440.8725574047826,459.8938742991376,-14203.78914297321,361.1906051635742,123.39214324951172,379.0153210980828,395.36782571497406,-7450.63492022866,323.3917999267578,128.3123016357422,406.17898699408477,423.7034599912757,-9751.767089360568,314.2595863342285,140.0835657119751,345.7311408527414,360.6476092968614,-12009.447696166875,316.8466377258301,149.36468124389648,308.59020494050526,321.90423862230244,-12327.343246148688,1277.9461782433018,1355.006415886004,1482.4073895617082,1779.2532432308587,2264.5088583483744,1678.7330188361104,1884.383904702478,1911.6466226206408,2198.4187145080864,1616.8951740532327,1761.9491769442038,1826.2887830323184,2049.4085163182376,1557.8158765723701,1722.292110625396,1783.8077468434149,1954.653186767048,1485.0687288343531,1678.0849275527316,1744.8428017124554,1901.8073782777124
323,12.92,419.97894287109375,146.78051948547363,28.29601646515388,29.516839777904128,-6215.183522820136,403.7093734741211,179.89716053009033,34.055092130059734,35.52438906948701,-4909.982237515952,371.30550384521484,193.5230255126953,19.814089836992316,20.668962918640293,-7537.228517565747,341.1921691894531,201.92363262176514,48.027238067094466,50.09935913585057,-9176.773697287163,320.1561737060547,213.21578979492188,90.58191436131949,94.49004442980558,-9709.936975158122,361.83658599853516,175.19418239593506,165.36626942005952,172.5009485046283,-4898.051230902494,320.2632141113281,188.73916625976562,231.36948766623883,241.35185620033522,-4019.4729072041405,307.2381019592285,197.02147006988525,186.21295530060215,194.24705851958538,-4682.834706403016,305.9323310852051,201.5225601196289,179.8708494220071,187.6313243471259,-4726.376998301813,358.3135986328125,151.72508239746094,120.87704619289794,126.09225081897695,-6925.225355023839,311.7358207702637,163.58741283416748,75.74878898602898,79.01694822040835,-7707.236804514298,300.05306243896484,175.090970993042,61.64291875802331,64.30248436784828,-7483.035115361889,301.0416030883789,182.10383892059326,98.62702360367281,102.88225754555333,-8395.030486460571,357.8001403808594,133.6003875732422,70.15550927774183,73.18234810325663,-8613.302055587503,312.69237518310547,138.67714405059814,74.59121317823804,77.80942914466068,-8494.402130133874,301.6048240661621,151.0246753692627,123.0915178709327,128.40226522661465,-6431.525667875414,303.4764862060547,159.74694728851318,155.18137846712395,161.87663342538593,-7450.431021843792,360.2817916870117,122.06790447235107,40.1524460191837,41.88481149983471,-8837.075355378483,325.87535858154297,123.70741367340088,130.7981668867012,136.44141534879225,-7181.551116062085,315.3704833984375,133.8070821762085,159.35090575130363,166.22605373860534,-4860.538888956401,315.7876205444336,142.66738414764404,169.51273142813702,176.82630839718817,-3626.9482556278567,1279.126851834418,1356.4273914487835,1483.2341480784537,1781.2572175962925,2268.2884601255664,1685.6330567762955,1894.0379789504916,1919.4165049614242,2205.9239674819714,1621.9388640859918,1765.1098548730201,1828.8608824070325,2053.52380662006,1560.7431704965004,1725.4044877911824,1788.9438374524793,1961.1282521040637,1486.7441212943463,1683.5425841666831,1751.4918438619995,1908.8804306135999
324,12.96,420.29834747314453,147.84911155700684,27.88265943147775,29.085648576516704,-10.779780034685604,402.42156982421875,180.2401828765869,33.317624567353796,34.75510368556736,-19.232134597991113,369.5701599121094,192.8087568283081,46.9148052302135,48.93893071122299,706.7491948145673,339.9207305908203,199.45518493652344,69.41627188954183,72.41121653524222,557.7964349847912,318.165340423584,208.41469287872314,129.93736172990725,135.54347100654283,1026.3356644184314,360.50785064697266,180.34761428833008,133.0493280329847,138.78970218100133,-842.7811580906741,319.44543838500977,189.51064109802246,28.106166634509805,29.31879893212344,-5300.826431705294,301.5752601623535,194.54509735107422,154.51577399028318,161.18231163904687,-826.6186720134626,291.82668685913086,197.25468635559082,368.429051428448,384.3248145522861,4917.337255129005,358.1382751464844,156.75796508789062,125.8983878483086,131.33023678408253,130.94964912763947,309.7122001647949,165.10554313659668,63.24436719004844,65.97302682172597,-326.0980349670597,296.425724029541,174.8124361038208,90.95041788316193,94.87444692777598,764.2990639981924,294.91424560546875,180.14476776123047,160.82301905126596,167.76168093416555,1621.9855847153055,358.21414947509766,137.36093044281006,94.58159904273717,98.66229433109221,636.9986556958896,311.81278228759766,140.53978443145752,51.49704390930958,53.7188687311756,-602.2640103371272,300.98981857299805,151.8204689025879,25.143576519463306,26.228388737419216,-2554.3469122298857,302.4342346191406,158.76595973968506,35.78254586195529,37.32637328485866,-3113.756503513182,360.96435546875,124.63994979858398,66.52682953298532,69.39711003756618,687.8074634432867,325.43766021728516,127.03853130340576,83.99376659536748,87.61765296508337,-1220.594059592722,315.9374809265137,136.3478422164917,65.08142870255112,67.88934781317974,-2458.4176481356403,316.96910858154297,143.607759475708,37.75099120771511,39.37974662643506,-3436.1640442688276,1280.2902777774789,1357.817595596206,1485.1917053069026,1784.1536662577023,2273.7101989658286,1691.1846448635354,1895.2107309077765,1925.863797426986,2221.296960064063,1627.1920735573551,1767.748775945889,1832.6558602841435,2060.234273857426,1564.689662269744,1727.5532425404297,1789.9929730019762,1962.621307035458,1489.520005695849,1687.0472902852864,1754.2074177745267,1910.4556204786575
325,13.0,424.23065185546875,149.1820192337036,103.80167577477812,108.28016856348744,1979.8629996742684,406.19457244873047,181.44458770751953,99.0143291440251,103.2862732695953,1713.2792396006985,373.45027923583984,194.8000431060791,109.03138024906424,113.73550710004042,1619.914409720436,343.95252227783203,200.3910255432129,103.47445895179183,107.93883406685909,888.1904382904218,321.82483673095703,204.56830501556396,132.72766482900053,138.45416091263448,72.76724765229119,363.97438049316406,184.38197135925293,132.97759715042469,138.71487649059864,-1.8706422600672568,321.34765625,196.41098499298096,178.9433895722663,186.6638495147957,3933.6262645668066,304.66819763183594,200.02355575561523,157.28113499482072,164.0669833312449,72.11679230495065,298.12225341796875,200.1578950881958,173.3183112834442,180.79607887669903,-5088.218391889677,360.751953125,161.44489288330078,134.16082870655146,139.94915822440254,215.4730360080002,312.62664794921875,172.19979286193848,191.73938212722027,200.01192140713994,3350.972364635349,302.9062080383301,182.36753940582275,248.84264467240587,259.57888742928355,4117.611012537689,305.8275604248047,187.20544338226318,324.9553628686784,338.97546647873406,4280.344638614213,359.9627685546875,142.17445850372314,128.0325180342462,133.556443389563,872.3537264617694,314.92271423339844,148.898663520813,222.96655626177485,232.5863827904747,4471.687851482477,305.7670593261719,161.49435997009277,269.72925962867794,281.3666492482052,6378.45651276965,308.4005355834961,168.52320671081543,285.92024199602173,298.2561867904346,6523.245337639398,362.5733947753906,128.50908279418945,104.75924072604971,109.27904737310459,997.0484333884602,328.4865188598633,133.45707893371582,177.64658156185803,185.3110911039762,2442.335953472321,320.56793212890625,143.83747100830078,220.13577880599402,229.6334722734737,4043.6031115073492,322.50083923339844,150.70117950439453,224.8842086886722,234.5867717676349,4880.175628529996,1284.6214845200184,1361.9490465269898,1489.7411255909042,1788.4712196203766,2279.2483654023335,1696.7332399231593,1902.6772848883681,1932.4264767602356,2228.528803219131,1632.790039886331,1775.7492528021746,1843.039015781315,2073.7932925165755,1570.0319200053266,1736.8566978520487,1801.2476389719045,1974.5515545070753,1493.8911675907732,1694.4597339294455,1763.3927566654656,1919.839091349363
326,13.04,427.0465850830078,151.66738986968994,93.89670900842867,97.9478549175775,-258.3078411477484,409.42359924316406,183.8174343109131,100.17801356337633,104.5001645111534,30.347281038952545,379.4426727294922,196.67213916778564,156.95047675744746,163.72205894141746,1249.663796034426,352.8725814819336,199.55924034118652,223.9689191983274,233.63199238127933,3142.3289578605063,333.36753845214844,197.88597106933594,333.4362289041438,347.82223698634164,5234.201901842679,371.74007415771484,190.33637523651123,244.64377626606512,255.19886007981225,2912.09958973034,327.9189682006836,200.84518432617188,198.18593618062906,206.73661014021283,501.8190156354286,312.77666091918945,205.41378021240234,243.41540699094222,253.9174931733944,2246.262746053738,310.0216293334961,206.53112411499023,337.4659199524888,352.02578787043626,4280.742724843431,367.52105712890625,168.07321071624756,236.848271988445,247.0670210616295,2677.946570930674,318.1047058105469,180.48401355743408,248.29094635091985,259.0033862458892,1474.7866209687318,306.0000419616699,190.97966194152832,228.77453818554648,238.64494838708606,-523.3484760549374,307.99814224243164,196.46504402160645,237.76515386397938,248.0234615361656,-2273.8001235642114,365.08068084716797,148.56918811798096,204.7644883045345,213.598991961733,2001.0637143042502,318.78137588500977,156.70430660247803,217.68287378081843,227.0747373820205,-137.791135211355,309.9241828918457,169.1163682937622,217.04937114969778,226.4139024660988,-1373.8186695526601,313.2612609863281,176.26104354858398,228.44688984759767,238.30316375790895,-1498.8255758131409,366.20113372802734,133.95731449127197,163.6377831782219,170.69788723197664,1535.4709964718013,330.4985046386719,139.76666450500488,165.56523800217536,172.70850152773252,-315.0647394060918,324.04476165771484,149.15220737457275,158.7741442571987,165.62440803937685,-1600.2266058524215,327.7923583984375,154.75171566009521,166.59647772127073,173.78423378137444,-1520.0634496565115,1288.5393987167213,1366.129053107436,1496.2900079485612,1797.8164993156277,2293.1612548817875,1706.941194326352,1910.9467492939768,1942.5831764871714,2242.6098347339484,1642.6727207287963,1786.1093882520101,1852.5848137167984,2083.714230978022,1578.575879683796,1745.9396873473295,1810.3041950705485,1984.083681057392,1500.7190830800523,1701.3680739905549,1770.0177329870407,1926.7904607006176
327,13.08,426.96834564208984,155.47549724578857,95.22277563039991,99.33113429415523,34.58198441444331,410.86071014404297,186.8320655822754,83.49135226065513,87.09356211158499,-435.16505998921036,381.99954986572266,199.88322257995605,102.61785105944679,107.04526807879945,-1416.9197715654502,355.5936813354492,203.4151554107666,117.98428241882873,123.07467960220596,-2763.932819476834,336.2258529663086,201.97288513183594,124.68166569337407,130.06101950942988,-5444.030436922794,373.79188537597656,196.80092811584473,169.55893740283133,176.87450791507837,-1958.108804118347,329.776611328125,205.6867790222168,129.64344658933933,135.23687498363174,-1787.4933789145275,316.0213088989258,209.01756763458252,121.23073119229883,126.46119545371099,-3186.4074429920856,315.71332931518555,208.95461082458496,154.65432525705916,161.32684065950065,-4767.4736802733905,370.06580352783203,175.13957977294922,187.7653220784466,195.86640170574034,-1280.015483897229,320.17478942871094,188.58043670654297,208.92180653838156,217.93567646873205,-1026.6927444289288,306.71621322631836,196.54498100280762,140.28024971050544,146.33259984876298,-2307.808713458077,306.961669921875,199.9102020263672,89.94230285663376,93.82283707476455,-3855.0156115350264,367.73353576660156,155.3257656097412,181.46793557286557,189.2973163104983,-607.5418912808673,321.2980651855469,163.26059818267822,175.56815685091135,183.1429933698305,-1098.2936003047498,311.3387107849121,173.1290102005005,106.36665429063963,110.95581232343812,-2886.4522535665164,313.4800338745117,179.2879056930542,75.86894958673402,79.14229311490949,-3979.021766074986,368.81359100341797,139.3937873840332,150.78994190899527,157.29572962782342,-335.0539401038304,333.45767974853516,145.1220417022705,152.96401181288317,159.5635991386448,-328.622559727193,327.39002227783203,152.55915641784668,119.36831237804472,124.51842312717551,-1027.6496228050335,331.3862609863281,157.1370506286621,107.83656245539753,112.48913924388368,-1532.377363437269,1292.5126440884876,1369.6127955918994,1500.5718186717131,1802.739486499716,2298.3636956621644,1714.016174642955,1916.356224293322,1947.64162430532,2249.0629083603285,1650.5073767970257,1794.8268153107595,1858.4381177107489,2087.4671444610126,1586.147772336216,1753.2654070821227,1814.742427563486,1987.249372781988,1507.0109122651652,1707.7506179561005,1774.9984699121278,1931.290026270373
328,13.12,428.1965637207031,157.81426906585693,66.04152706336733,68.8908693355516,-761.0066239650909,411.7573928833008,189.02469635009766,59.222407176695754,61.77754052585585,-632.9005396432285,384.6210479736328,201.9656467437744,83.69865115337554,87.30980485409613,-493.3865806175831,358.81858825683594,205.61998844146729,97.66432736955676,101.87802606540174,-529.9163384201055,339.7001266479492,204.47420597076416,107.02564982925031,111.64324003084984,-460.4444869645011,376.03687286376953,202.60170936584473,155.50126995200583,162.21032653435066,-366.6045345181928,334.5915985107422,209.46656227111816,153.03362166825295,159.63621229076264,609.9834326782727,319.63422775268555,209.67769145965576,91.81825154987607,95.77972302294002,-767.0368107692742,315.4472351074219,208.59169006347656,11.250489051838908,11.73588809488939,-3739.7738141152813,372.0050048828125,181.11838817596436,157.13579281771405,163.91537040863042,-798.775782427748,324.45865631103516,193.0798101425171,155.3139497554546,162.01492446298215,-1398.0188001437475,309.9342918395996,198.4449005126953,93.42685676944717,97.45773104185862,-1221.871720172609,307.31964111328125,200.5328607559204,17.95562703175601,18.730317281968833,-1877.3129948198928,369.05765533447266,161.0178279876709,146.10113522886658,152.4046257617594,-922.3172637184724,324.37808990478516,170.1852321624756,189.4681833865569,197.64273246443148,362.49347736502455,313.0405807495117,177.9131555557251,126.94587467776246,132.4229171248835,536.6776200361344,312.7954292297363,182.8653860092163,91.0599010685253,94.98865373298918,396.15901545199216,369.2781448364258,143.9402675628662,114.2538081429993,119.18325511032207,-952.8118629375339,333.53336334228516,151.40132904052734,156.9935856228598,163.76702772615613,105.08571468778314,325.41778564453125,158.292875289917,151.58588621980292,158.12601472195234,840.1897898694209,326.47281646728516,163.11285495758057,193.41046768988804,201.75510546519192,2231.6491555327057,1295.2682788619097,1372.0838972129338,1504.0642108658772,1806.8146075423322,2302.8294252633987,1720.5045877043292,1922.7416727849525,1951.4728132262376,2249.532343884124,1657.063991613371,1801.3074122892785,1862.3364269524234,2088.2163571522915,1592.2439573666863,1761.1711163807,1820.0393442484813,1991.0489189313075,1511.7782424695781,1714.3012990651468,1781.3235105010058,1939.3602304889805
329,13.16,427.72674560546875,160.39156436920166,65.49417980842442,68.3199069441874,-14.27405978410512,411.89659118652344,190.5116844177246,37.337227408487756,38.94813110971627,-570.7352354034894,383.68072509765625,202.1929407119751,24.185089144259514,25.22854770616046,-1552.031428698392,357.1334457397461,202.3158359527588,92.72650973272975,96.72716773810966,-128.77145818230213,337.2007369995117,197.68592834472656,180.84465319522025,188.64714259788389,1925.0975641758512,375.77259063720703,206.16332530975342,89.28519343647297,93.1373768618288,-1726.8237418130464,332.57850646972656,209.37110424041748,50.38385034677349,52.55764675960811,-2676.9641382788636,315.9998321533203,207.89905071258545,101.1570384347532,105.52142912282062,243.54265249701507,309.3394660949707,206.2563943862915,163.4748608527814,170.52793567069617,3969.8011893951693,372.8192901611328,184.52613830566406,87.59217095778865,91.3713094259671,-1813.601524566583,325.2690124511719,193.52694511413574,23.138263178954443,24.13655674229771,-3446.9591930171114,309.3667793273926,196.6611671447754,46.79593451453932,48.81493135346319,-1216.0699922098859,304.2884826660156,198.20504665374756,95.54658558363217,99.66891493263549,2023.4649412666663,370.6534194946289,163.6536741256714,77.03143886610222,80.3549376525213,-1801.2422027309526,326.6634750366211,170.54966926574707,57.85650137980215,60.35270312486447,-3432.250733489175,316.6490936279297,176.84188842773438,94.10425884764005,98.1643594335922,-856.4639422822826,316.2422180175781,181.8160629272461,90.07438550424376,93.96061838937987,-25.700883590232593,370.89473724365234,145.42615413665771,54.89324822596825,57.26160128475927,-1548.0413456390697,335.0852584838867,152.3886251449585,45.98323151127663,47.967164518019494,-2894.9965802034158,330.51605224609375,157.65649795532227,128.4457532691173,133.98750753717172,-603.4626796195155,334.05052185058594,160.98835945129395,196.74714107252248,205.23573864010206,87.01582937275347,1298.0010751396771,1373.6418224573226,1505.0733527741236,1810.6836942518564,2310.375310967314,1724.2300827788024,1924.8439786553367,1955.6936703911501,2256.353461310952,1660.7188439904096,1802.2728745589704,1864.289024206562,2092.203113749597,1595.4581548727872,1763.5852245056947,1823.9659186258248,1994.8073436668826,1514.0687065209684,1716.2199856458676,1786.6830108024928,1947.5696600345848
330,13.2,427.6835632324219,162.11913585662842,43.20277741007993,45.06674854194358,-581.3289600560953,411.6767883300781,192.80643939971924,57.6314460770479,60.117937877228094,529.2451691877956,384.8201370239258,205.68616390228271,91.85881760556582,95.82203928917808,1764.8372895754405,359.68677520751953,207.77835845947266,150.7453222892748,157.2491849077261,1513.0504292404107,340.8574676513672,204.6426773071289,196.48160725960048,204.95874844887544,407.79014627478887,376.56349182128906,209.47654724121094,85.15781030707582,88.8319190005617,-107.63644653167752,336.16870880126953,213.96832466125488,145.8252129674019,152.11679891543145,2488.9788038955835,318.414249420166,214.47765827178955,175.19183798849625,182.75043834071573,1930.7252304473777,309.8031806945801,213.95052909851074,192.70239392595113,201.01648206684885,762.2136599038172,372.26802825927734,188.53943824768066,101.27458377175564,105.64404591883546,356.81841232170905,326.7781066894531,198.74517917633057,135.80162956465205,141.66075095321105,2938.1048552728334,308.30074310302734,203.94447326660156,184.02272498235354,191.96233135807603,3578.685000115321,300.1288604736328,206.43316268920898,230.49450952840104,240.439127387941,3519.255311382638,369.15821075439453,167.96696662902832,114.12750927249198,119.05150711217236,967.4142364912765,325.8815383911133,176.15411281585693,141.46822174952413,147.57182659219967,2180.4780866833803,314.16343688964844,183.12031745910645,168.814173950491,176.0976118625107,1948.3313107229624,312.7996635437012,188.25373649597168,182.50825714724226,190.38252225339804,2410.547596600454,369.17545318603516,149.2361354827881,104.49849140250187,109.00704809663976,1293.6361702970123,333.36509704589844,155.93377590179443,98.51094248050674,102.76116813645041,1369.850090460773,326.18358612060547,162.34342575073242,159.56494541387323,166.44932807949937,811.545513558191,327.84847259521484,167.3907995223999,222.84615465348563,232.46078649018799,680.6261962521482,1299.803745081355,1376.0465399724117,1508.9062343456908,1816.9736616481655,2318.5736609052688,1727.783359538825,1930.9286506119543,1963.003687924779,2264.394120593626,1664.944605827163,1807.939304597099,1871.967517460885,2101.820678845115,1600.220215157274,1769.4880975693825,1831.0098231003253,2002.4226445570187,1518.428988444834,1720.3304323713257,1793.3409839256728,1956.8680914941922
331,13.24,426.9104766845703,164.80965614318848,69.98465109784905,73.00411829741628,698.4342438868175,412.6266098022461,196.85328483581543,103.92039866119856,108.4040137139438,1207.1518959178925,385.5176544189453,211.56550884246826,148.0144153495704,154.40045379086064,1464.4603625420639,359.2744445800781,214.74722385406494,174.5263257976288,182.05621282200119,620.1756978568774,340.0018310546875,212.8414535522461,206.08257735534602,214.97394957718836,250.3800282078231,377.9164505004883,213.75999927520752,112.30109782179878,117.14629567631424,707.8594168938135,338.2938766479492,220.3131866455078,167.28271723301845,174.50008089513582,559.5820494926095,319.43307876586914,222.1136999130249,192.5927458108595,200.90210321606276,453.7916218836756,308.54278564453125,222.00549602508545,203.82450765057663,212.61845611876828,290.0493512979857,372.34989166259766,192.46260166168213,98.10043574623793,102.33295020980039,-82.77739272587681,326.3424301147461,203.4184455871582,117.33827440438571,122.40079976187442,-481.49877978341567,307.1051597595215,210.02536296844482,154.9327255158914,161.61725241566424,-758.6269735602947,298.45306396484375,213.3793544769287,178.63698226195805,186.3442223511529,-1352.3726259197026,368.0009460449219,171.98421478271484,104.51538264798815,109.02466810994736,-250.6709750556251,324.1459655761719,181.5360403060913,141.3713118575161,147.47073555138772,-2.5272760202987854,312.1460723876953,189.95757579803467,178.21661876594186,185.90572239566728,245.20276332891484,310.84985733032227,195.60288906097412,190.0851580433967,198.2863263114804,197.59510145205894,366.790771484375,153.84345531463623,129.69700953369644,135.29274888547826,657.1425197209625,330.7193374633789,161.81423664093018,161.20612246633735,168.16131323346661,1635.0036274254053,323.0187225341797,169.59965229034424,197.90967812813426,206.44843301524944,999.9776233937517,324.8834228515625,175.34284114837646,212.17104833659093,221.32510584920772,-278.3920160245067,1302.7239098132516,1380.3827005209696,1515.0822524973253,1824.2559101610457,2327.1726188883563,1732.4692113658775,1937.9086538477598,1971.039772053421,2272.898858838377,1669.037923835555,1812.835336587574,1878.4322075575117,2109.2744477391607,1604.5812018816716,1775.386926991438,1838.4460519961522,2010.3540976094778,1523.8406984002531,1727.0568849006645,1801.5989212462828,1965.7210957281607
332,13.28,424.1730499267578,167.27744579315186,92.1394697281458,96.11480006508884,577.767044191814,414.7496795654297,201.84927463531494,135.70956878580728,141.56471823912437,829.0176131295144,383.30841064453125,221.225323677063,247.73067620583907,258.41894341009083,2600.462240480755,350.91407775878906,230.28576850891113,441.1222218509572,460.15431044445336,6952.452440561305,327.7379608154297,237.96340942382812,698.8898250346172,729.0432210964598,12851.731787981786,378.78406524658203,214.29114818572998,25.432195549987906,26.529460151175986,-2265.420888128456,332.0248031616211,227.6250171661377,240.7853659633888,251.17397979881008,1916.8474725918563,315.16326904296875,234.6099328994751,330.1392830320074,344.383045353692,3587.0235534407316,310.44477462768555,238.15767288208008,406.5943765840789,424.13677144302596,5287.957883106442,371.7280960083008,191.4144515991211,30.467691795461597,31.782211401972106,-1763.768470195707,322.34012603759766,208.92213821411133,170.1269203747918,177.466996345405,1376.6549145882643,307.4892234802246,220.6155824661255,264.92953538466605,276.35984231256856,2868.564747422608,305.2155303955078,227.99835205078125,402.6832209458857,420.0568701445105,5842.816194833941,366.18053436279297,172.04970359802246,45.53973181026782,47.50453015277778,-1538.0034489292393,319.8263359069824,187.6064157485962,186.26033275349474,194.29648005875634,1170.6436126842157,309.2184066772461,199.95855331420898,260.5172472591358,271.75718731285826,2146.2866229297747,309.70041275024414,208.31919193267822,319.20367867513386,332.97562756137165,3367.2325312472813,363.43631744384766,157.50979900360107,124.2337463101878,129.59377477612233,-142.47435273389826,329.32098388671875,171.32413387298584,240.30389365553648,250.67173450976466,2062.760531907451,320.7762908935547,182.38476276397705,324.5068850250634,338.5076391903868,3301.480154378434,320.92708587646484,190.68164348602295,396.02040620869064,413.10659022401944,4794.537109370293,1306.5685018158551,1386.0452892505346,1525.4190102337288,1842.6620825788236,2356.334347732214,1733.5303897719245,1947.9556130397123,1984.815093867569,2289.8643296960977,1670.309212291634,1819.9340164413902,1889.4866012500142,2126.076722544941,1606.481383087783,1783.1587861937885,1849.3163394886665,2023.6731227119326,1529.0244493912978,1737.083754281055,1815.1392268138982,1982.2453593371215
333,13.32,424.0234375,170.26230812072754,74.71523854283714,77.93880554715807,-454.3998629482694,422.42462158203125,206.6119623184204,225.81509156414984,235.55781731114118,2349.8274768004203,392.5979232788086,229.9280834197998,318.23052976792525,331.9604924306195,1838.5387255132173,359.10533905029297,242.4320411682129,366.25529096843064,382.0572678362001,-1952.426065206332,335.74039459228516,255.15446662902832,474.0591960566626,494.51234072041154,-5863.272009401206,383.22242736816406,215.47880172729492,114.86290539455584,119.81863168375234,2332.229288314409,336.30016326904297,237.7126693725586,273.9062694219534,285.72387490117586,863.7473775591445,322.0524597167969,252.59038925170898,481.37677471430084,502.1456341582249,3944.0647201133215,320.74798583984375,260.93135833740234,624.8984469997401,651.8595068060982,5693.068384076807,371.36741638183594,194.15878772735596,69.19840396317831,72.1839487612382,1010.0434339816524,322.5492858886719,217.88915634155273,224.23642927327313,233.91104409977376,1411.1011938592192,311.53358459472656,236.40000343322754,407.35795230606635,424.9332914150848,3714.336227562906,312.2474479675293,247.86981582641602,526.9742269113293,549.7103750268832,3241.3376220593163,363.3143997192383,179.07837867736816,189.76465879807495,197.95199922043028,3761.1867266913123,318.7968635559082,202.18481540679932,365.3675802496057,381.1312570993548,4670.869426014961,311.99424743652344,220.68816661834717,522.865996013778,545.4248957148751,6841.692710050421,314.3235397338867,231.79859161376953,598.2555434821074,624.0671030479022,7277.286887163263,359.754638671875,170.93650817871094,348.0582546903728,363.0751257769602,5837.033775020946,328.32469940185547,190.49560546875,479.9335278986373,500.6401188829432,6249.209609329464,321.98585510253906,206.57474040985107,605.5049876361161,631.629322338955,7328.042078714207,322.6198959350586,217.24432468414307,665.4141747473149,694.1232737177085,7025.417087342225,1309.6860540377413,1395.4676019429803,1538.6974299309536,1857.9443732922716,2376.114841361031,1738.3231350392746,1959.3845680357592,2004.9009192338979,2315.9387099683418,1673.1965702420835,1829.2904582053814,1906.4839329066176,2148.065137546016,1614.3994630566,1798.4040364777625,1871.1333353172615,2048.6358068338486,1543.5474544223762,1757.1093590363726,1840.4043997074564,2010.0102902858298
334,13.36,417.3958969116211,176.621675491333,229.62720821601712,239.53440661537826,4039.8900267055046,421.8916320800781,214.16185855865479,189.21715541854516,197.38087396852976,-954.4235835652855,396.5867233276367,239.5309066772461,259.9576171504725,271.17341212766047,-1519.6770075739764,365.3229522705078,252.07420349121094,286.82530443114837,299.2002978782809,-2071.4242489479802,343.55220794677734,260.9497547149658,243.16891233825464,253.66036358137396,-6021.29942847594,382.2379684448242,222.9420804977417,188.19818240545158,196.3179376643143,1912.4826495140485,337.4873352050781,254.5410919189453,421.756137037037,439.9526815939142,3855.720167318458,324.583740234375,273.15653800964355,518.0334543927667,540.383855506155,955.9555336982527,323.52046966552734,282.9195213317871,554.0566185143608,577.9612284547349,-1847.4569587840847,366.5432357788086,203.39139461517334,260.4248313280608,271.6607841236028,4986.920884059115,319.72984313964844,234.95959281921387,432.5426705488754,451.20459692340984,5432.338820590902,309.26530838012695,257.05724716186523,519.5351260081336,541.9503163019493,2925.425622171613,311.1364936828613,270.8348751068115,574.7978814193635,599.5973670508614,1247.1748005994555,356.41979217529297,190.94743251800537,343.1563530821013,357.96173306471815,4000.2433461071964,313.31607818603516,220.87270259857178,486.8753279607545,507.88142086819227,3168.7540942209366,306.578369140625,241.840181350708,545.8591078256788,569.410038577055,599.6285715544985,310.18505096435547,254.8392391204834,585.2342088985487,610.4839668113683,-339.57840591334616,352.2368621826172,186.62715911865234,434.96658654826695,453.7330920660829,2266.449157228068,321.71180725097656,210.33390998840332,522.7862067887152,545.341664007151,1117.5386281051956,315.2057075500488,228.10485363006592,564.311624962667,588.658684141785,-1074.2659549292512,316.757755279541,240.07962226867676,589.3934959130033,614.8227050414357,-1982.5142169068185,1319.2674303023566,1403.3628369017213,1549.54436641606,1869.912385207403,2386.2612559042855,1746.1758525458472,1976.982675299516,2026.5162734541439,2339.057159106531,1684.0630016070274,1847.3386420823176,1928.1619455586956,2172.0490322280507,1628.7179323791888,1818.7192933124904,1893.9097368603439,2073.055165506303,1561.6967781050196,1778.9230255966586,1863.950747073128,2034.6031984874871
335,13.4,407.03861236572266,189.56371307373047,414.4044521576226,432.28381043141167,4818.735095400835,412.6703643798828,226.91315174102783,393.4044164577168,410.37773436421236,5324.921509892065,389.5641326904297,254.3466854095459,409.896388357972,427.58124754427445,3910.1958854153495,358.88355255126953,269.0838432312012,454.69338077185404,474.3109930277383,4377.767378736435,338.12049865722656,280.806941986084,514.6669749255639,536.8721302719193,7080.294167263633,378.53065490722656,240.0245475769043,437.00318589851895,455.8575598966414,6488.490555808178,338.56334686279297,279.47407722473145,623.9048191361431,650.8230091604042,5271.758189162251,321.2488555908203,302.8970146179199,748.1716900523446,780.4513376939296,6001.687054694366,311.0664176940918,319.3462657928467,962.422439257624,1003.9458724944755,10649.616100993515,359.3825149536133,221.47142887115479,486.1606996623187,507.1359601418861,5886.879400457082,315.2549934387207,260.2061176300049,641.0008262805611,668.6566185076819,5436.3005396068,307.0450782775879,283.35474014282227,659.7762683249646,688.2421214800333,3657.2951294521004,309.6982955932617,296.2870788574219,637.3201165365759,664.8171056237402,1630.4934643219694,346.4694595336914,209.19857025146484,519.6832859084883,542.1048685176531,4603.578386323375,306.8930244445801,246.229248046875,653.9352110671434,682.1490535238075,4356.690816390382,305.2676582336426,267.6138496398926,645.174366045045,673.0102244184886,2590.00464603584,311.9330406188965,277.91773796081543,578.6150363991964,603.5792120602431,-172.61886877813026,340.2813720703125,203.74590396881104,522.0064469610563,544.528261670939,2269.8792401214005,312.45397567749023,233.1802797317505,616.2710726076479,642.8599068818834,2437.956071868308,310.92092514038086,252.07417488098145,608.7321463130309,634.9957158283592,1158.425792164354,316.3874816894531,261.7074966430664,540.776093040073,564.1077186126809,-1267.8746607188714,1336.5587827196132,1419.7779462762899,1566.647616317831,1888.8848249285124,2407.7361411151624,1764.410154941713,2003.015595665932,2057.734326961901,2379.21499400631,1704.3484400127031,1874.0849068226248,1955.691630417897,2198.6417164530003,1650.4021271198947,1846.0052554534425,1920.8301458370834,2097.198333988713,1583.477908571857,1804.6374218719338,1889.3505757062624,2057.167507231994
336,13.44,397.91011810302734,202.6582431793213,399.0583652411367,416.27562110590964,-400.20473313755076,403.677978515625,241.37240409851074,425.68546359744806,444.05153779374524,841.845085738322,379.75791931152344,274.4615364074707,559.4467420482023,583.5839072840123,3900.066493493446,348.29322814941406,295.3226852416992,707.3859453069151,737.9059039804639,6589.872773818141,325.5604553222656,310.8310890197754,813.6353965677813,848.739456583861,7796.683157798543,372.5580596923828,256.71298027038574,443.1250383393741,462.2435378615334,159.6494491222998,340.9854507446289,305.0808048248291,643.0256048556736,670.7687555592321,498.64365997069626,324.23797607421875,329.8765182495117,678.6146078000324,707.8932355742068,-1813.9525529930722,311.64356231689453,347.3624324798584,700.5527691357622,730.7779124320248,-6829.199001561266,350.7872009277344,238.37945938110352,474.1841143801818,494.64264860827916,-312.33278834017284,309.5249938964844,281.09822273254395,541.5907993873045,564.95757522578,-2592.476082047546,305.13315200805664,302.6165771484375,483.9123286369986,504.7905838095892,-4586.288441761104,309.7835159301758,313.74481201171875,436.4485288900485,455.2789723745824,-5238.453331228945,336.64039611816406,226.57274723052979,499.04440767225833,520.5755319467373,-538.2334142728951,300.32405853271484,267.99885749816895,568.4777968471559,593.0046042875803,-2228.6112309056816,301.8747901916504,288.7579822540283,535.3654695360747,558.4636553480601,-2863.664226760713,310.3408622741699,297.9426670074463,502.20315560787776,523.8705631335223,-1992.71622316802,330.045166015625,221.14896297454834,504.7563627330487,526.5339276295913,-449.8583510336914,305.8530044555664,254.7428798675537,563.7588944360477,588.0821062190704,-1369.4450165703245,308.5778045654297,273.18589210510254,531.0336725317019,553.9449642352691,-2026.2687898272502,316.3345718383789,281.9422245025635,505.8699258457205,527.6955350954265,-910.3045879313584,1353.2098075638496,1437.5400077880397,1589.9909726091914,1918.401061087731,2441.6857193785168,1782.8998964561742,2029.8463458883014,2086.0500563848695,2408.4461105035907,1724.1341459570342,1896.683209831656,1975.8832537702806,2216.8528753479836,1671.225148397764,1869.725439624946,1943.1686920510058,2118.153156514054,1604.5392656770407,1828.160706120697,1911.508374275673,2078.275328635811
337,13.48,389.6221160888672,215.42037963867188,380.4299413113145,396.84347930147686,-485.80354511081936,394.26441192626953,255.5636501312256,425.73957701075483,444.1079859143624,1.4112030154294075,371.6824722290039,290.39966583251953,446.67998552667746,465.9518622002531,-2940.8011270939796,341.8955993652344,311.9018840789795,444.2687025791937,463.4365451587989,-6861.733970541625,319.27331924438477,326.6373825073242,425.26976282437454,443.617901733013,-10128.038871271201,364.4681167602539,277.7820682525635,564.221612625443,588.5647882487306,3158.031259679929,332.2465515136719,325.54078102111816,556.2030798871581,580.2002982725072,-2264.211432168122,313.5064125061035,348.5321617126465,538.0517456760672,561.2658300824794,-3665.685137293184,298.5968780517578,364.55065727233887,539.4737260927346,562.7491614262315,-4200.718775144833,343.9478302001953,257.2635269165039,502.1111671173284,523.7746058265883,728.2989304577285,302.92163848876953,299.60071563720703,491.138057428678,512.3280645459763,-1315.7377669950934,298.7907600402832,316.26214027404785,376.1875603404952,392.4180620507231,-2809.313043971652,302.159366607666,324.4200897216797,327.95693989142364,342.10654565980946,-2829.3106678693234,330.1032257080078,242.0079231262207,419.0608934736845,437.14115253929003,-2085.8594851861826,290.84272384643555,282.7566719055176,438.52650540972854,457.44660258038107,-3388.95004267998,292.0460891723633,300.5449104309082,383.6787715438694,400.2324793594188,-3955.7793997160334,300.15859603881836,308.02456855773926,358.2276550580129,373.68328193415795,-3754.682029984109,323.2414245605469,233.50476264953613,352.6300144946338,367.84413281410326,-3967.2448703872005,298.0088424682617,266.9872283935547,363.5372643461552,379.22197275427294,-5221.503336619937,300.2316093444824,282.93986320495605,320.9350858068308,334.781735744817,-5479.080712261303,307.1121025085449,289.63231086730957,300.19927635341486,313.1512858878428,-5363.606230189594,1369.0835467359086,1455.3043272246143,1608.6290470972015,1936.938522894083,2459.4304354478377,1806.4424879861235,2053.054357819202,2108.5006895881684,2430.95607696064,1745.0851301900977,1917.1763324134952,1991.5799762523095,2230.537137174376,1688.7107944993359,1888.023303728161,1959.1779912253824,2133.10048779142,1619.253030989605,1843.329585030868,1924.8996437054657,2090.8013800713247
338,13.52,383.2979965209961,227.82760620117188,348.1502542742282,363.1710946558177,-841.8096161414794,386.0935592651367,268.2850456237793,377.9853969466835,394.2934657888098,-1245.3630031388159,364.32289123535156,300.12840270996094,304.9710576766027,318.1289443135503,-3695.572947167571,338.4897994995117,318.85677337646484,193.6006809544338,201.95352542512316,-6537.075493341894,318.36368560791016,330.04417419433594,88.15349876528644,91.95685555671658,-8791.526154407411,354.4890594482422,294.5584487915039,487.99880175554335,509.0533666096112,-1987.785540977984,319.98291015625,332.63322830200195,354.17131075192987,369.451927845355,-5268.709260678806,304.4305992126465,347.9205322265625,227.40997884594182,237.2215155358876,-8101.107863664795,295.1547622680664,355.34746170043945,245.6457940345286,256.2441096103521,-7662.6262953969845,336.35093688964844,274.1176986694336,462.17954671932205,482.12014740444477,-1041.3614605535884,296.60242080688477,314.4210720062256,402.78365394445467,420.1616362952804,-2304.1607062673975,290.518798828125,329.2579650878906,385.1272556632591,401.7434579003564,233.13489624083275,292.1523857116699,333.29352378845215,334.3627322891533,348.78871408755094,167.0542106935372,322.53150939941406,256.2316703796387,402.8382691811161,420.21860789027346,-423.0636162254143,284.5863342285156,292.1745014190674,282.66358515635017,294.85902244871255,-4064.6895032917128,281.98497772216797,309.22144889831543,332.14105003526794,346.4711780058871,-1344.032533838292,285.90415954589844,315.52717208862305,402.70803588977236,420.0827557218568,1159.9868446924715,314.312801361084,242.48153686523438,316.5268428166991,330.18330040668303,-941.5208101855058,284.8007011413574,270.36200523376465,340.8116378887819,355.515855823614,-592.6529232664734,280.9807586669922,287.81493186950684,496.4634593119059,517.8832293280495,4577.537339580813,283.60605239868164,296.99143409729004,615.7774996302651,642.3450388434776,8229.84382389087,1383.6103905221412,1471.076065856167,1621.3542048697436,1945.016663911088,2463.1087096701062,1826.804622650508,2067.832434933016,2117.9895502096037,2441.205841345054,1764.3699360862756,1933.982797865306,2007.6497145683236,2244.488685737878,1705.5195388149468,1899.8176646261095,1973.036838345618,2149.9037980202947,1632.4603630058723,1857.5502192638126,1945.6149728785877,2116.495181625064
339,13.56,377.71312713623047,233.41060638427734,197.42191033647973,205.93962062560374,-3930.7868507553485,378.98895263671875,274.4076633453369,234.46999156194263,244.58613042522333,-3742.683384089661,358.05103302001953,304.4263744354248,190.08019101506005,198.28114498216624,-2996.1949832846008,333.04039001464844,322.6322078704834,165.73693265296782,172.88760389376367,-726.6480382839873,313.5420799255371,333.7199020385742,151.5727064423223,158.11226630684652,1653.8852687532487,349.686279296875,302.4953842163086,231.92353416574366,241.92980687319871,-6678.0889934103125,312.4340057373047,337.7354335784912,227.7861615224448,237.61392850338902,-3295.9499835491492,296.19802474975586,349.35808181762695,208.92856302126398,217.94272445808238,-481.9697769451302,290.1300811767578,351.81392669677734,153.56857118942727,160.19424205177916,-2401.2466889643238,332.95040130615234,281.76987648010254,209.34341926114683,218.37547954848762,-6593.616696398928,292.4077606201172,320.94852447509766,193.97617414233684,202.34521915624174,-5445.410428475967,284.05540466308594,333.2329273223877,189.69677925959058,197.88119103921125,-5096.5566715286295,286.20153427124023,334.15331840515137,150.3160829073378,156.8014261188307,-4799.682199218006,318.9035415649414,262.686824798584,185.1201791749035,193.10713488916596,-5677.786825027688,277.9018020629883,296.47067070007324,198.65176937770414,207.2225415736436,-2190.9120218767234,273.29761505126953,310.6849479675293,220.2443241341725,229.74670075792943,-2918.111931198942,278.6016654968262,314.27284240722656,185.23593449700851,193.2278844406168,-5671.371782031,309.70056533813477,246.2339687347412,148.64695184118517,155.06028088347145,-4378.07548808029,276.6213798522949,272.1006774902344,209.051844594123,218.07132497816366,-3436.113271136259,273.2647132873535,285.38912773132324,202.20948608045063,210.93375491773617,-7673.736860257834,279.08721923828125,290.27953147888184,202.28304719274098,211.01048980259296,-10783.363726022117,1391.8479753471654,1480.8595110731758,1629.2854506690303,1951.9321680668386,2469.43320032238,1836.481814925436,2077.336992073151,2126.7072591879273,2447.6136110271254,1773.104955268215,1942.0766066315557,2015.5649622098922,2250.760742782631,1713.2438242105134,1908.1065662890553,1982.2267063759352,2157.6329133979193,1638.6627742412113,1866.273072262939,1954.0523230752972,2124.935601217168
340,13.6,372.8048324584961,235.2143669128418,130.7308989104209,136.3712451154488,-1739.2093877538734,372.8593063354492,275.8754825592041,157.5735086857578,164.37197139913394,-2005.3539756522348,351.59149169921875,305.811767578125,165.1608841307723,172.28670192740796,-649.8610763689569,326.9093322753906,325.4605007171631,168.7992695272491,176.08206439230918,79.86151246363775,307.57646560668945,337.6014804840088,177.93117600160468,185.60796428716893,687.39244950806,343.39683532714844,304.502592086792,165.04921403111163,172.17021385412295,-1743.989825476894,304.8985481262207,334.0572166442871,209.63122564325514,218.67570325235104,-473.45563127594943,288.4702682495117,345.834903717041,212.3249344394016,221.4856313226892,88.57267161517015,281.3193130493164,349.8205375671387,225.8362725760896,235.57991217161492,1884.6417529958942,327.46070861816406,283.831729888916,146.60313197538565,152.92828101034465,-1636.1799634535741,286.5417671203613,318.89267921447754,155.39542197807862,162.09991178070246,-1006.1326843884821,278.00716400146484,330.362606048584,167.36927607041733,174.59037428813025,-582.2704187770249,279.6180534362793,330.7669258117676,185.084228631221,193.069633269844,906.7051787753321,313.8119316101074,264.83365058898926,138.14248284496372,144.1025996602059,-1225.1133807240017,272.9256820678711,296.05127334594727,124.84406360149084,130.23042402755536,-1924.8029386522062,269.1563034057617,309.2606735229492,109.48464458173608,114.20832738910794,-2888.4593342205376,275.3925132751465,312.3022270202637,94.14743419647246,98.20939757015854,-2375.4621717614564,304.9057197570801,248.33152770996094,130.8393523578736,136.48437775501185,-464.39757821149,272.2142791748047,272.5265407562256,110.69071749376612,115.46643596240133,-2565.122225394058,270.8892631530762,283.77588272094727,71.78667531278539,74.88389031739945,-3401.246615008418,278.57921600341797,287.1349239349365,79.63441424750565,83.07021764160848,-3198.506804024612,1397.3028251517835,1487.434389929141,1636.1769187461264,1958.9754506425309,2476.8575188938667,1843.368623479601,2086.0840202032455,2135.5666844408347,2457.03680751399,1779.2220865086288,1948.5606031027837,2022.5485771814172,2258.4835281134247,1719.0079281969215,1913.3157832501574,1986.7950394714996,2161.5612893007255,1644.1221493514117,1870.891729701435,1957.047678687993,2128.258409922832
341,13.64,368.46912384033203,235.61413764953613,108.85249728284619,113.5489062808277,-570.5584708655276,367.8409957885742,275.75592041015625,125.4933659909006,130.9077403776932,-836.6057755360189,346.5073013305664,305.4791736602783,127.3764362502094,132.8720551498097,-985.3661694399563,321.9832229614258,325.4563522338867,123.15277651926051,128.46616686131753,-1190.397438274791,303.01050186157227,338.2903575897217,115.4409388727087,120.42160424640666,-1629.6590010190566,338.6178970336914,302.79622077941895,126.86103186975896,132.3344137988683,-995.8950013813662,300.84278106689453,331.4004135131836,121.21223462628656,126.4419008587952,-2305.8450598388963,285.8485984802246,342.9342555999756,97.74620158294243,101.96343271765694,-2988.054965125806,280.05977630615234,347.0536136627197,76.00288111407897,79.28200307863246,-3907.447727324562,323.27564239501953,282.2944450378418,111.46194419354391,116.27093701143826,-916.4335999726596,282.8758239746094,317.6058769226074,97.13070860394741,101.32138447500787,-1519.4631826423645,276.14952087402344,328.72392654418945,61.92792437106319,64.59978646428512,-2749.764695596128,278.5313606262207,328.88671875,54.29134287891644,56.63372690843951,-3410.897659035112,309.8799514770508,263.83066177368164,101.4471978740181,105.82410740579998,-956.962306360148,269.46849822998047,294.986515045166,90.43585547245188,94.33768387311191,-897.3185038610861,267.95501708984375,307.5428867340088,52.40396135473705,54.66491486319685,-1488.5853131477772,275.1165771484375,309.81722831726074,62.50679613024791,65.20363347536001,-825.1441023699634,301.1963081359863,247.79165267944336,93.71232450724438,97.75551520128958,-968.2215638430566,268.1251525878906,271.86604499816895,103.55315932595401,108.02092994553044,-186.13765042177235,268.18416595458984,282.73916244506836,72.42383837382644,75.54854359141447,16.616331850375587,276.6011428833008,285.45244216918945,64.92071202918181,67.72169706618072,-383.7130143856939,1401.8447814030164,1492.6706995442487,1641.4918009521189,1964.1140973169836,2481.674383063723,1848.6620000315556,2091.141696237597,2139.6452217495407,2460.208087637135,1783.8729239890863,1952.613458481784,2025.1325686399887,2260.7488771897624,1723.2408924931535,1917.0892906050822,1988.9816360660275,2164.16943463974,1648.0323699594633,1875.2125668992562,1960.0696204316496,2130.9672778054796
342,13.68,365.64563751220703,235.89214324951172,70.92849462102035,73.98868367195118,-989.0055652219129,364.2178726196289,275.4953384399414,90.81204649077873,94.73010554234278,-904.4408708837601,342.2738265991211,303.4012985229492,117.89792562879444,122.98459697385032,-247.1864543989849,317.3558044433594,321.4581298828125,152.88636325301658,159.48260045448762,775.4108398292523,297.9522132873535,332.00082778930664,201.7803081484613,210.48606023002841,2251.611399590544,333.7031936645508,302.4855709075928,123.11278505274095,128.4244499747305,-97.74909560344511,297.0559883117676,330.54104804992676,97.07699383002847,101.2653521929577,-629.4137166459371,284.4464111328125,340.42837142944336,71.78781596381185,74.88508018147915,-676.9588134044448,280.27063369750977,343.2889652252197,94.26372147286187,98.33070202690503,476.2174737068143,317.86266326904297,282.55053520202637,135.47584007501595,141.3209053718107,626.2492090093111,279.10776138305664,317.21025466918945,94.719363982697,98.80600309889049,-62.88453440293473,276.74686431884766,326.42967224121094,59.268573026783656,61.8256981879753,-69.35220690774545,281.48277282714844,325.56939125061035,111.00533691559573,115.79462954670313,1479.0225659565906,304.4846534729004,264.42129135131836,135.6882544925327,141.5424843469318,892.9594235282952,265.6807518005371,294.92408752441406,94.70652105685541,98.79260606878864,111.37305489191824,268.71280670166016,305.56772232055664,52.888559466725816,55.17042081827934,12.637648877062269,277.6369094848633,306.223783493042,109.72955615608416,114.4638056013393,1231.5043031494824,296.0687446594238,248.30225944519043,128.82310176023455,134.3811366180163,915.6405354181683,264.415340423584,271.36499404907227,93.58738679714071,97.62518709040906,-259.8935713780346,267.5834655761719,280.66248893737793,54.04519984567757,56.37696410638551,-479.2894871257241,277.2108459472656,281.7594623565674,93.57429442240755,97.61152984901653,747.2458195708953,1404.8043287498947,1496.4599037659425,1646.4111848310731,1970.4934013351633,2490.093825472924,1853.7989780305447,2095.1923103253157,2142.6406249568,2464.1413157182114,1789.5257602039587,1956.5656986057397,2027.6055965675075,2265.3806623716305,1728.9025918670307,1921.0409948478336,1991.1884528987587,2168.747986863794,1653.4076154241839,1879.1175743828726,1962.324698995905,2134.8717389994404
343,13.72,363.2453155517578,236.4307451248169,61.50019051747439,64.15359815931596,-245.87713781588042,361.3654327392578,275.6045150756836,71.36321185020438,74.44215664820283,-507.19872235349897,339.32640075683594,302.949743270874,74.54537729399732,77.7616156846679,-1130.5745322295604,314.0281867980957,320.43179512023926,87.0574603277069,90.81352886292913,-1716.7267897889624,293.9613914489746,329.6421432495117,115.89340928184176,120.89359635833769,-2239.811596792268,329.69554901123047,302.43335723876953,100.19961930597239,104.52270242716274,-597.5436886891938,290.79172134399414,331.0212707519531,157.06617730887936,163.8427513591306,1564.4349791543225,281.85998916625977,337.2245407104492,102.93842171729727,107.37966966345087,812.3647370492929,281.9201469421387,336.23199462890625,181.17968970996577,188.99663416457383,2266.64830344172,314.30700302124023,282.2657775878906,89.17611331171061,93.02359050714777,-1207.4328716165735,274.13217544555664,315.83845138549805,129.03076103829437,134.5977552945864,894.7938048923977,277.0455551147461,320.6824493408203,143.87448361838017,150.08190592206475,2206.4051933522364,284.9494171142578,317.03444480895996,230.3026994185977,240.23904168733296,3111.1103035157457,301.92142486572266,263.5953140258789,67.3256054317116,70.23034888764212,-1782.8033864822416,262.0437812805176,294.7774028778076,90.99818318598865,94.9242730505525,-96.70832545590358,269.2888641357422,301.902494430542,92.75551753501784,96.7574270735006,1039.6751563805315,279.5648193359375,299.53362464904785,174.06008616233294,181.56985741469205,1677.6512953338188,294.406681060791,246.8342685699463,55.43832505417796,57.83019529249627,-1913.773533138001,261.5340232849121,270.849666595459,73.17594737194997,76.33310211117896,-532.3021244807525,266.66683197021484,279.380578994751,39.39789230225099,41.097702784586666,-381.98153304497106,276.93294525146484,279.2071723937988,64.18436750280236,66.95358317165973,-766.4486669339201,1407.3704726762674,1499.4375900318707,1649.52164945846,1974.1259424896803,2494.9295693272575,1857.9798861276315,2101.746020379681,2146.935811743338,2471.7011810847944,1793.2467038242446,1961.949608817523,2033.6088728043903,2274.990224039124,1731.7118058225365,1924.8379657698556,1995.0587499816986,2176.0107811603816,1655.7208232358837,1882.1708984673198,1963.9686071072886,2137.5498823263065
344,13.76,362.11132049560547,235.83877086639404,31.980250839514635,33.360029361362756,-769.8392199488302,360.23685455322266,274.7702407836914,35.08652088296756,36.60031851274966,-946.0459533863292,338.2119369506836,303.60729217529297,32.34965356195994,33.74536985568171,-1100.4061457246548,311.8217086791992,322.5985050201416,77.3109689804097,80.64652801144246,-254.1750212871669,290.555419921875,330.807409286499,89.99474630627523,93.877543181625,-675.4013294178172,328.5040283203125,301.68871879577637,35.12662778851784,36.64215581895044,-1697.0136652053075,289.9305534362793,330.83767890930176,22.0130093633016,22.96275418153787,-3521.9999294398185,282.7315330505371,336.5694236755371,27.257648830801536,28.43367207719673,-1973.6499396563534,282.9373359680176,335.2466011047363,35.40545431007503,36.933012228818924,-3801.5905483938723,312.9528045654297,281.69068336486816,36.78133717554221,38.36825715607471,-1366.3833337768265,273.34203720092773,315.46900749206543,21.806066186096878,22.74688250178378,-2796.2718198200655,279.84270095825195,318.9865207672119,81.77789507495103,85.30617831927593,-1619.3931900697205,289.42188262939453,313.98648262023926,135.30756928189166,141.1453745847804,-2477.341677563814,300.3642272949219,263.4693145751953,39.057170725108385,40.742280875153654,-737.2017003122118,261.23491287231445,295.389461517334,25.358478365330857,26.45256246025614,-1711.7927647574093,271.3756561279297,300.87610244750977,58.138742039467004,60.64712097482568,-902.7576524668727,282.84996032714844,296.74052238464355,107.80065976014129,112.45168753739425,-1727.9542469324451,292.315673828125,247.60531425476074,55.71592397562712,58.119771137810915,7.239396132866105,261.75891876220703,272.1094608306885,31.99276764779397,33.37308620365597,-1074.0003976880746,268.9521789550781,278.77458572387695,59.10815661548058,61.6583606577611,514.0164468293609,279.19599533081055,276.70254707336426,84.38951229784335,88.03047299956278,526.9222456975762,1408.704873850722,1500.9016027723806,1650.871464252687,1977.351803610138,2498.6846710545224,1859.4455723603896,2102.6645305469424,2148.073158626426,2473.178501573947,1794.7814341104875,1962.8594841175945,2037.0211199371613,2280.636039022515,1733.3414970575425,1925.8960682682657,1997.4846348206918,2180.5088486618774,1658.0456140813963,1883.505821915466,1966.4349415335992,2141.071101246289
345,13.8,362.53772735595703,236.37225151062012,17.07381782728207,17.810462678576453,-388.7391670696576,360.4643249511719,274.95500564575195,7.326358073568547,7.642451639063291,-723.9466718421593,338.1931686401367,303.23161125183105,9.40373615026165,9.809457582228214,-598.3978068363374,312.1008491516113,321.340913772583,32.20496030577467,33.59443385149103,-1176.3023539987855,290.9087562561035,328.300724029541,63.286637326416894,66.0171206907027,-696.5105622730575,328.4671401977539,302.7604007720947,26.80791618104066,27.964535844461224,-216.94049936223047,289.9335479736328,331.21524810791016,9.439526835061365,9.846792445602908,-327.8990433983741,282.9793930053711,335.17621994018555,35.37699822455132,36.903328413849984,211.74140841633138,283.62356185913086,332.6483917236328,67.18257754846366,70.08115010841462,828.7034469898923,313.34224700927734,283.1124973297119,36.85461612619527,38.44469770551328,1.91101373596414,273.8020133972168,316.68734550476074,32.55692720385054,33.961586257923415,280.36759390349084,279.72652435302734,318.433198928833,14.13466617107845,14.744502188132133,-1764.0419032785949,289.0738296508789,312.54913330078125,36.97223571479006,38.567391956683615,-2564.4495657024195,301.0107231140137,264.5867156982422,32.27365521878479,33.666092586330045,-176.9047072205902,261.7095756530762,297.39792823791504,51.59483575854554,53.82087978100085,684.2079330186177,271.40316009521484,300.9051704406738,1.000442540519235,1.0436063398489765,-1490.0878658744177,282.6158905029297,295.5920219421387,29.302751033858883,30.5670096136454,-2047.1169480937212,293.11485290527344,247.99572944641113,22.236108292921326,23.195478648895914,-873.107312222875,262.5986099243164,272.9162120819092,29.111089264560796,30.367078653650093,-75.15018875014698,270.2864646911621,278.3477783203125,35.022162494399616,36.53318340042515,-628.1294314333987,280.9547233581543,275.20806312561035,57.69860561713417,60.18799499592978,-696.0619500908249,1409.417292357865,1501.207300837943,1651.263842555976,1978.6955809641977,2501.3253558821507,1860.564153794168,2103.0584022447665,2149.54929176298,2475.9817475782834,1796.319222018708,1964.2179475679116,2037.6109000246863,2282.1787347007826,1734.6881407609958,1928.0489034595057,1997.5263790742858,2181.731529046423,1658.973433227352,1884.7205050616121,1967.896268869616,2143.478621046126
346,13.84,366.6575622558594,236.0170841217041,103.37789740982709,107.83810640555062,2250.691093174354,364.22740936279297,273.48097801208496,101.03700359830918,105.39621541864256,2443.8440944894814,343.71692657470703,298.62879753112793,179.75294828462035,187.50833639982375,4442.4719704398885,320.05077362060547,312.1405220031738,303.9824293578947,317.09766191663977,7087.580701628718,300.0062370300293,315.41725158691406,394.29368703090256,411.30537225487626,8632.206289104339,331.9728088378906,305.52995681762695,111.69196844385829,116.51088559041663,2213.6587436488853,292.8348922729492,331.2625980377197,72.54326622363365,75.67312412069569,1645.6582918773192,280.33817291259766,333.742618560791,75.13012251034878,78.37158956149248,1036.7065286910624,278.3674430847168,330.70701599121094,140.07971905575891,146.12341735786356,1901.0566812362235,316.18032455444336,287.21506118774414,124.71395862534752,130.0947057104608,2291.250200123688,275.9347343444824,317.2019863128662,54.848392184007054,57.21480994205313,581.3305921032429,276.02352142333984,316.20680809020996,108.01923111065352,112.6796890845751,2448.3796724110744,283.78170013427734,309.8847198486328,148.12522967171023,154.5160491643552,2898.716430191789,303.3262062072754,267.69455909729004,96.88960389338142,101.06987737257745,1685.094619656185,263.98157119750977,297.73366928100586,57.41671033953124,59.89393742943804,151.8264412109298,268.70616912841797,298.84434700012207,84.85558882636845,88.51665826290748,2186.8262980764625,279.01134490966797,294.01013374328613,98.40960067357315,102.65545396704617,1802.2111088350193,295.4684066772461,248.76317024230957,61.88790639523174,64.55804192464974,1034.0640818938457,265.06242752075195,271.6473197937012,69.28421892636875,72.27346618579011,1047.6596883035004,270.41908264160156,274.3971920013428,98.82029075678719,103.08386315317777,1663.7669938188153,280.73780059814453,271.16397857666016,101.2474546682161,105.61574633809832,1135.6937835542135,1413.7308166140872,1505.4231494546889,1658.764176011969,1991.3794874408632,2517.777570772346,1865.2245892177848,2106.085327209594,2152.6841553454396,2481.826684272598,1801.5230102471264,1966.5065399655934,2042.1180875880693,2288.3593766673566,1738.7309358558987,1930.4446609566833,2001.0670454048022,2185.837747205105,1661.5557549043378,1887.6114437090437,1972.0196233957433,2147.7032508996504
347,13.88,371.0295104980469,237.0215892791748,112.14656159394616,116.985092028337,228.67464056965935,367.0656967163086,274.8809051513672,79.11886270205122,82.53242277627226,-571.5948160592575,347.9257583618164,298.1663131713867,105.85413547420907,110.42118103332803,-1927.178884162393,325.3926467895508,309.54294204711914,148.4988017232692,154.90573887226685,-4054.7980761093227,306.02455139160156,311.30029678344727,182.29341836805182,190.15841431823148,-5528.67394841612,334.29649353027344,307.100887298584,70.12191671302782,73.14730619721259,-1084.0894848301011,295.5556297302246,329.4293689727783,82.01806628712703,85.55671164780273,247.08968817767598,279.52281951904297,334.48265075683594,27.52781329360606,28.71549270633387,-1241.4024213789653,273.3163070678711,332.7986526489258,136.6768976651056,142.57378223857282,-88.74087798226853,318.7278175354004,288.8389492034912,75.52620727151725,78.7847632832521,-1282.7485606802175,276.7928123474121,319.1492557525635,53.19866146043235,55.49390207134958,-43.02269676758872,266.64499282836914,324.02366638183594,305.2254004809856,318.394260663464,5142.864289472223,266.3958740234375,320.2078628540039,505.4912406917296,527.3005116817815,9319.611562935657,306.3542175292969,268.6886215209961,79.6751712757598,83.11273311986609,-448.928606317784,266.4978218078613,297.18652725219727,64.37624529758335,67.15373947749391,181.49505120139685,266.6460418701172,300.27445793151855,62.696399400671396,65.40141712315186,-577.8810284938907,274.53845977783203,296.3004398345947,125.62892629308209,131.04914938926422,709.8423855554511,299.9979019165039,247.8647232055664,115.44353111015944,120.42430832518022,1396.656660013262,268.154296875,269.60460662841797,92.64290710626327,96.63995810089934,609.1622978777306,271.74938201904297,273.6914348602295,37.647954591297065,39.27226452548936,-1595.2899656922102,282.2140884399414,270.820255279541,37.89435558908912,39.529296421901364,-1652.1612479049238,1418.4102202952206,1508.7244463657398,1663.1810232533023,1997.5757169957537,2525.383907345075,1868.1504814656735,2109.5075956755063,2153.8327750536932,2487.529635562141,1804.6744007784564,1968.7262960484475,2054.853858014608,2309.4513971346278,1742.0554451806934,1933.130810535783,2003.6831020897284,2191.0797131806753,1666.3727272373449,1891.4770420330797,1973.5905139767628,2149.2844227565265
348,13.92,378.0942916870117,235.20801544189453,182.3461394423032,190.21341002773403,1830.7079499849258,372.83348083496094,272.87967681884766,152.6275050536786,159.2125738942308,1917.0037779489633,353.2366943359375,296.56036376953125,138.71083772216014,144.69547604151052,856.8573752045622,330.41675567626953,307.7980613708496,132.96211556310206,138.6987269547418,-405.1752979381263,311.0141181945801,310.36574363708496,126.90834897860574,132.38377239046739,-1444.3660481941024,339.7109603881836,305.55919647216797,140.74192241400297,146.8141912853438,1841.6721272032805,300.8055305480957,326.59772872924805,149.12168912138452,155.55550056407557,1749.969722906821,281.98408126831055,334.0477180480957,62.48487746817133,65.18076913905114,911.6319108179317,272.47486114501953,335.734806060791,76.35864431701305,79.65311558038022,-1573.016666454815,325.9366226196289,286.6754150390625,188.16175026929812,196.27993367435573,2937.3792597775905,283.7738609313965,319.4003391265869,174.6390602654895,182.17381118533936,3166.9977278497445,266.4590072631836,330.42540550231934,160.11100523774306,167.0189474939553,-3784.3828292377184,258.83588790893555,332.0841121673584,351.9576393229157,367.14274821324665,-4003.944086713371,314.12364959716797,265.9816074371338,205.68787018728852,214.56221288438954,3286.2369941130864,273.79940032958984,295.0564670562744,190.14830617708324,198.3521989528324,3279.9614868834624,270.7868003845215,300.0334167480469,103.6942076695376,108.16806377843666,1069.16616638212,276.40472412109375,297.62721061706543,57.24543272255447,59.715270090024006,-1783.3469824810052,307.42530822753906,244.2007541656494,207.04925989163047,215.98233934734364,2388.9507755540853,274.1189956665039,265.7991313934326,176.88144588511642,184.51294387337387,2196.8246443118633,275.8779716491699,272.20109939575195,109.73363240898189,114.46805772297009,1879.8948299370181,285.7073211669922,271.19582176208496,87.83409456238033,91.62367075336522,1302.3593582865963,1426.0187566963298,1515.0929493215092,1668.9688422949628,2003.1236660739432,2530.679258240694,1874.023049117087,2115.7298156980696,2156.440005819255,2490.715760185356,1812.5255981254306,1976.0132484958613,2061.534615914366,2324.137107063158,1750.637933696069,1941.0648984938962,2008.0098246408659,2193.4683239842766,1675.0120208112387,1898.8575597880147,1978.1692362856816,2152.949369586661
349,13.96,387.34153747558594,225.36719799041748,337.5955816391105,352.1610437724131,4048.690843616977,384.63645935058594,263.5613822937012,375.9495600290685,392.1697932858203,5823.930484789737,363.15319061279297,293.6363124847412,258.4653921767993,269.61680554613895,3123.0332376157107,338.14502716064453,314.99321937561035,263.9797327088724,275.36906067952316,3416.758343119534,322.3513412475586,331.54003143310547,600.4597666693053,626.3664267965783,12349.566360152772,351.64783477783203,295.80920219421387,385.31753027080026,401.9419418499086,6378.193764114119,311.5904426574707,322.26622581481934,290.55576778030917,303.09171097206826,3688.405260199817,290.2061080932617,332.9301452636719,207.44079582904712,216.3907679876878,3780.249971215917,276.5337944030762,337.92614936828613,115.31729240627232,120.29262308952187,1015.9876877285412,338.40991973876953,275.3386974334717,421.38485014538276,439.5653756384596,6082.136049102597,296.04549407958984,310.32840728759766,381.5207460079211,397.9813464460755,5395.188381518404,275.5508232116699,325.1290225982666,263.05036246350767,274.3995930281113,2684.5161383539007,263.6331558227539,331.85093879699707,120.07328298167752,125.25380948027532,-6047.223468324283,325.7170104980469,254.48015213012695,408.2657614510304,425.88026771875707,5282.9513708591885,284.5190620422363,286.3444519042969,345.33530376456696,360.23469393387427,4047.062374526047,281.2759017944336,294.59973335266113,295.3241477900924,308.0658213357041,4997.443938931686,286.8732452392578,294.6522617340088,272.0756503923207,283.8142743516217,5602.475106539942,316.05323791503906,233.923602104187,335.46704866766044,349.94067587159395,3348.958413106258,284.0209197998047,257.6434135437012,320.7060912912247,334.54286132814826,3750.7479363693596,284.90001678466797,266.37791633605957,268.4524624743321,280.03476505595074,4139.1676833245165,293.4008598327637,267.4405002593994,214.02829367611264,223.26248149296418,3290.970268489974,1440.1051984472265,1530.7797410529422,1679.7535145168083,2014.138428501124,2555.7339153125567,1890.1007267910836,2127.8534841369524,2165.0956365387624,2495.527465108937,1830.108213150969,1991.9325023537042,2072.5105996354905,2329.147259442369,1767.6731444048191,1955.4742862512512,2020.332457494294,2204.8208949583413,1689.0096478461023,1912.2392742411405,1989.3706268879196,2161.87986884638
350,14.0,396.77196502685547,211.95045948028564,409.98615529139977,427.6748874456579,1887.846091831119,393.3277130126953,251.55220985412598,370.60601798151333,386.5957056873622,-139.35218996145124,367.8293228149414,281.31566047668457,329.45473728913026,343.6689650859613,1851.3039884955588,340.6824493408203,303.20483207702637,301.4595603288526,314.4659444449392,977.4220941354017,326.18228912353516,323.9623546600342,212.27539145175518,221.43395081740397,-10123.311899479357,359.7517776489258,277.1091842651367,509.5123652852782,531.4951265139056,3238.829616599925,318.27247619628906,303.85485649108887,489.6606558300713,510.78692088968114,5192.380247940322,294.8299026489258,316.9655227661133,415.51823634960857,433.445648514963,5426.37201318188,278.1720542907715,324.929895401001,327.4775876317785,341.60651188782793,5532.847219957652,346.50840759277344,256.64297103881836,509.35970280415887,531.3358774549137,2294.2625454113513,302.46686935424805,291.21591567993164,504.05939374188307,525.8068881161764,3195.6385417525225,284.0331268310547,309.09719467163086,453.43755176477003,473.0009816472957,4965.034715479609,273.4515953063965,318.3185863494873,417.9760135593721,436.00946579997606,7768.891407992518,335.4576873779297,236.476092338562,511.75369750528483,533.8331603537029,2698.8223158736446,291.8460464477539,267.5163173675537,505.0886992724635,526.8806027313085,4166.147719935856,286.2139701843262,281.89478874206543,340.7713098449981,355.4737878382356,1185.1991625632877,289.89330291748047,286.66090965270996,213.5744256504491,222.7890314647483,-1525.631072171835,327.6951217651367,217.08781242370605,511.7233589453837,533.8015128455529,4596.5209243489735,292.0909881591797,237.8535032272339,534.3024387336749,557.3547603941695,5570.29747665053,290.2642250061035,248.9831829071045,455.07656011607264,474.7107045321273,4866.898486904413,297.6156997680664,253.03401947021484,375.25954718814853,391.45001004370874,4204.688213768614,1457.2121939450528,1546.2435692804365,1693.5002731202467,2026.717066278922,2564.591273345253,1911.3605318516397,2148.2849609725395,2182.433462479361,2509.19172558445,1851.3616482491655,2012.9647778783512,2091.4306389013823,2346.5876380743675,1789.0264708189673,1976.5495103605035,2034.5514090078234,2213.732456216931,1710.3617083599245,1934.5334646569072,2008.3590550692045,2177.537869248128
351,14.04,407.01942443847656,195.2439308166504,489.9735479988231,511.11331269907885,2085.9606313355243,401.57676696777344,233.52441787719727,495.6360652719425,517.0201376154452,3260.610798202073,373.88980865478516,260.6791877746582,537.699668841972,560.8985629968704,5430.739947772728,343.6433410644531,278.24501037597656,628.3707002773492,655.4815694306978,8525.390624643966,324.24686431884766,292.9980182647705,775.6191065745681,809.0829649338124,14691.225352910209,364.48795318603516,255.67840576171875,548.6971079184278,572.3704833495731,1021.8839208916876,321.0703659057617,278.3181381225586,642.2383571638359,669.9475422971421,3979.015535186525,297.15370178222656,290.8919906616211,654.4220345159127,682.6568808271718,6230.280807805219,279.7418403625488,299.98440742492676,624.8707859807946,651.8306523606212,7755.603511819832,352.4409866333008,233.6046552658081,594.7475765655951,620.4077859299468,2226.7977118758295,307.160701751709,260.1870918273926,784.546036032682,818.3950441393177,7314.703900578533,284.60330963134766,277.0213794708252,802.0220653222335,836.6250715754729,9090.60224820443,269.8827362060547,288.9297294616699,740.1189365782299,772.0511505382882,8401.042118457804,342.6323699951172,213.39656352996826,604.225082587235,630.2941961629691,2411.5258952316567,299.6394348144531,236.78509712219238,792.6004668191554,826.7969809744666,7497.909456078952,293.7740135192871,251.23761177062988,789.3893031500701,823.4472725928031,11699.337118864187,297.2283172607422,259.2067337036133,710.4286612935767,741.0798970539611,12957.27163973032,335.9019088745117,196.28485679626465,559.0808961455733,583.2022770674552,1235.0191055475561,300.3401565551758,214.4520092010498,620.321842817818,647.085446382044,2243.2671496968624,295.3625297546387,228.1259822845459,536.7818045529502,559.9410977229057,2130.7598297694612,299.59131240844727,236.31943702697754,420.77332938635845,438.9274709960443,1186.9365238083888,1477.6567264530158,1566.9243747850542,1715.9362156401216,2052.9363290561496,2596.9545919426055,1934.2553511856227,2175.082862664425,2209.739737712448,2535.264951678875,1876.1779596863635,2045.700579643924,2124.8956417644013,2377.469684095899,1814.238238665486,2009.6213895994824,2067.4892999115355,2243.3756520990896,1733.6897994426224,1960.416882512189,2030.7566989781208,2195.09496808797
352,14.08,412.81986236572266,179.41534996032715,421.4476925380224,439.6309293476572,-1787.059583785542,402.2836685180664,215.09674072265625,461.03077114887316,480.9218082496924,-902.458234143819,373.87306213378906,235.4121208190918,631.6768126300037,658.930323028973,2450.7940008025657,344.18128967285156,240.8353614807129,935.3379132605568,975.6927925847849,8005.280578852176,322.4209976196289,239.67613220214844,1333.8284471959291,1391.3760834701577,14557.327963408634,364.49501037597656,229.64841842651367,650.7497072967391,678.8261121296107,2661.3907195009406,320.31787872314453,251.35625839233398,674.3094595339275,703.4023429516627,836.3700163630142,295.7904243469238,261.40966415405273,737.8457247557214,769.6798616599101,2175.574520818458,279.1561508178711,267.7471446990967,806.0645679383175,840.8419867786307,4725.2833604502375,354.4599151611328,204.77288246154785,722.5593381502376,753.7339483977796,3333.154061695819,304.9680519104004,223.19721221923828,926.3702373890324,966.3382089738398,3698.5791208630503,284.9163055419922,236.95288181304932,1001.7430031547734,1044.9629105626532,5208.445974679506,275.69976806640625,246.4855670928955,1071.0231028236597,1117.2320797668074,8629.523230712979,347.2084426879883,183.3760929107666,759.1809309581572,791.9355690624475,4041.0343224869594,300.1988220214844,198.27200889587402,962.9287612459879,1004.4740395961935,4441.926465543173,288.59405517578125,214.100604057312,937.4130994189164,977.8575120399441,3860.2559861785267,289.13522720336914,224.85599040985107,882.2810179836056,920.3467731572305,4481.671902581735,343.31504821777344,167.1200466156006,752.3051191989778,784.763102426069,5039.020633965348,304.7347068786621,177.83175945281982,922.0746865657059,961.8573278729217,7869.297037271943,297.61547088623047,191.017427444458,929.422060362725,969.5217019526464,10239.515105743516,301.15074157714844,201.0849380493164,881.7247790336136,919.766535441248,12020.976611130094,1495.2419636269221,1586.161247115042,1742.2934285612805,2091.964040759541,2652.6096352814116,1961.4083956708068,2203.218956382492,2240.526932178844,2568.8986311500203,1906.3273176222747,2084.354108002877,2166.6941581869073,2422.1589672865716,1845.915661427984,2049.80035118333,2106.6036003931335,2280.189523025379,1765.0803235396652,1998.891175627106,2069.5375670562266,2231.8856295056194
353,14.12,415.70228576660156,161.12478733062744,462.90728416505135,482.87928286835097,1081.208838017345,402.9652404785156,194.8826265335083,505.6400354928785,527.4557261908876,1163.3479485298808,374.23484802246094,211.44415855407715,599.2673152308618,625.1225273913452,-845.1948909406951,347.1949768066406,216.12359046936035,622.3714408704668,649.2234737401931,-8161.732971114796,327.34195709228516,214.63683128356934,637.9569110756431,665.4813744760091,-18147.367724853713,361.4796447753906,199.9623441696167,745.970607032877,778.1552895945973,2483.2294366246656,318.85250091552734,216.14357471466064,881.079034445456,919.0929303926515,5392.26468602472,295.7196617126465,225.48500061035156,898.118330900271,936.8673822842934,4179.688015609582,281.07582092285156,232.78173923492432,875.4515665450638,913.222667043896,1809.5170066316314,353.39488983154297,175.0920867919922,742.4974370875726,774.5322707529442,519.958058879115,302.5389862060547,186.4583444595337,920.4770381645494,960.1907494011275,-153.68648931780626,282.66956329345703,200.75361728668213,906.7230155142676,945.8433134866063,-2477.9899269011707,275.0262451171875,213.4556007385254,825.9208158677903,861.5549266882592,-6391.928826963704,347.6545715332031,155.34464836120605,700.8748615487738,731.1139014275163,-1520.5416908732786,299.6132469177246,162.5802755355835,892.4134161307398,930.9163306439956,-1838.942723804948,288.10407638549805,179.1580867767334,873.6488114219803,911.3421325809486,-1662.8844864748885,289.2457962036133,191.78592681884766,826.7562108236717,862.426364513947,-1448.0102160820877,345.36922454833984,142.7376651763916,611.7189740007979,638.1114093187342,-3666.292327683371,306.3992691040039,150.92562675476074,673.9393259817602,703.0162400961883,-6471.027194418335,298.67605209350586,164.2430591583252,669.8841455891367,698.7861001375488,-6768.390045377439,302.0603942871094,174.89915370941162,655.0394880982091,683.3009742627752,-5911.639029461821,1514.5571349416562,1607.2594761626774,1767.2983296569344,2117.932979709149,2679.2288902604514,1992.534607254591,2239.982673598198,2278.0016274702157,2605.427537831776,1937.3086084523923,2122.761737978922,2204.5278907263714,2456.621164354102,1875.1602174850848,2087.03700440909,2143.0572856963713,2314.6865776059367,1790.6047799124146,2027.0118252309535,2097.4890110617284,2259.2176684761307
354,14.16,417.6089096069336,149.72177982330322,289.0326481132959,301.5028767547441,-4534.4101528401725,398.5198974609375,184.53715324401855,281.5025445349877,293.6478890710303,-5845.195927996433,362.00721740722656,198.00664901733398,454.20370774898487,473.8001932062372,-3783.0583546277,329.4151306152344,202.27083206176758,563.4834991423859,587.7948290764161,-1535.7161165944235,305.7582664489746,208.0236053466797,564.352759295151,588.7015932029525,-1919.494531826416,357.9014205932617,182.00870990753174,457.66846045628586,477.41443165062765,-7518.521448599242,314.4649314880371,195.18675327301025,535.2797927359255,558.3742820475533,-9017.966208627457,294.837703704834,203.2864809036255,555.4008277234618,579.3634331750309,-8937.598727731563,289.04693603515625,208.3526086807251,642.4178428832953,670.1347718752077,-6077.1973792172075,354.44644927978516,155.94846725463867,479.3119719087785,499.9917460426089,-6863.513117758383,301.2010383605957,163.17317962646484,583.089297267341,608.2465135983309,-8798.605895069915,283.2660675048828,175.60433864593506,628.9087937770595,656.0428788162801,-7245.010866758156,282.7858352661133,185.56833744049072,723.6671772702289,754.8895849109525,-2666.633544432668,352.43194580078125,135.58475017547607,508.2303127046171,530.1577601515123,-5023.9035319001005,302.0743179321289,139.0345859527588,591.848992812293,617.3841436326497,-7838.304675283646,287.1552848815918,154.781756401062,609.8697032470154,636.1823523218745,-6878.994506476852,288.2360076904297,167.3224925994873,612.1066525973683,638.5158141943953,-5597.763757988792,353.45081329345703,122.37409114837646,547.7152680908082,571.3462823312035,-1669.128174688268,310.9431838989258,126.00618839263916,633.2582263318252,660.5799663601017,-1060.9068434021651,298.39210510253906,139.24371242523193,625.0239810274782,651.9904569625621,-1169.8910793746677,299.2736053466797,150.77805519104004,607.0387067207334,633.2292132826401,-1251.794024503377,1526.617250011846,1619.0053917255186,1786.250337385184,2141.4447728722057,2702.7769539885694,2011.631184520616,2262.3176448801,2301.176164797217,2632.2329287067846,1957.3082782940965,2147.0915985228553,2230.769605879023,2486.81674775054,1896.366527891145,2111.7323701543955,2168.5045797892467,2340.2272101737126,1813.4586312056626,2053.435023885357,2123.568629340231,2284.5468370074364
355,14.2,418.61194610595703,143.86887073516846,148.4558583644136,154.86094273481666,-3666.0483504981853,399.00455474853516,179.42861080169678,128.28702821072866,133.82193433279627,-3995.648868455851,362.4357604980469,192.54913330078125,136.85788015563338,142.76257316545448,-8275.940501019568,328.76224517822266,197.8837251663208,110.88554432932929,115.66966854451536,-11803.12901329752,302.5189208984375,206.33285522460938,91.3509563820535,95.29226654246358,-12335.233166512222,352.3781967163086,169.53356266021729,341.0785291149262,355.7942619932574,-3040.504241434256,305.9280776977539,182.33784198760986,385.65884685882213,402.29798444179033,-3901.9074401440735,295.5951118469238,191.48712158203125,295.5910894861735,308.34428015279485,-6775.478825555901,299.13307189941406,194.77901458740234,422.7681052321666,441.0083108593537,-5728.161525396349,350.1369857788086,144.02024745941162,317.0704802854324,330.750392954202,-4231.033827210172,297.825984954834,151.25105381011963,309.7661108325409,323.1308786283914,-7127.890874248489,285.23523330688477,164.13654327392578,290.8908135474239,303.44121219031814,-8815.041665649049,286.56742095947266,172.97616004943848,328.6937421483215,342.87513703349754,-10300.361196936374,351.1064147949219,124.81068134307861,271.3825616780822,283.09128252854146,-6176.661940574271,303.0787658691406,125.63941955566406,335.8193324393553,350.3081588230645,-6676.899620239631,291.6247367858887,139.7226619720459,392.708802220907,409.65210805563174,-5663.25610665607,293.2799530029297,150.4099416732788,441.2168990042529,460.2530724156976,-4456.568544467442,355.0558853149414,112.86552429199219,241.07713995794157,251.4783422965906,-7996.698500865323,316.0078239440918,111.2607192993164,389.7751255285185,406.591858744707,-6349.702690384867,304.3886184692383,121.58663749694824,466.1883119915351,486.3018696759474,-4142.214682165369,304.3402099609375,131.31487369537354,502.7958807076148,524.4888611834555,-2718.508802479616,1532.8116877212387,1624.3582690988303,1791.9608403118023,2146.071559613986,2706.588644650268,2025.8629550003463,2278.4095642577718,2313.5099360033287,2649.8732611411588,1970.5382940122645,2160.0168336679912,2242.9072543666352,2500.53175323188,1907.6901791922867,2125.744696507318,2184.890664111472,2358.6373330703404,1823.5177648975264,2069.698698235146,2143.020704127269,2305.5263914547745
356,14.24,420.57586669921875,144.7516965866089,53.83055347923346,56.15305688555666,-2467.6971462315,398.07300567626953,178.03520679473877,41.90285193639553,43.71073816581129,-2252.7799041746243,363.5623550415039,190.87307453155518,50.48754959917581,52.665820085772836,-2252.418826992041,332.36560821533203,198.692364692688,92.32457372230812,96.30789031666782,-484.04445569618844,308.7936592102051,208.08342933654785,162.85893167583913,169.88543241046764,1864.8291467001015,347.8421401977539,168.44470024108887,116.62287004301692,121.65452948962812,-5853.493312590732,307.48741149902344,176.21140480041504,158.04420764541112,164.86297852703916,-5935.875147868779,298.4980583190918,182.4285650253296,237.80841174046375,248.0685857610152,-1506.8923597944909,300.79639434814453,184.9958324432373,248.08931662100088,258.7930572605421,-4555.3813399702885,347.94429779052734,143.47822666168213,56.467176080025624,58.903435793422474,-6796.173929019488,298.1697082519531,146.96990489959717,107.37312774575545,112.00570977992116,-5278.129221211755,285.599365234375,156.41947746276855,193.14129671426676,201.4743211869505,-2549.172275084191,286.79636001586914,163.23575019836426,243.57749942067645,254.08657903336228,-2219.7139500033813,352.1908950805664,124.15892601013184,31.631496407617682,32.996228022018286,-6252.37636266308,306.6857147216797,120.6393814086914,154.13156209877695,160.78152303842106,-4738.165894616086,294.11983489990234,131.55006408691406,213.6247744156444,222.8415525126179,-4670.263888575346,294.73947525024414,141.11536502838135,235.21181969434375,245.35996451433587,-5372.327697534043,359.8147201538086,111.32378339767456,125.0586712528049,130.45429086290125,-3025.6012858422337,322.9751968383789,105.41593551635742,227.35679904830624,237.16604131151527,-4235.645435829793,312.16129302978516,112.78862714767456,293.4913285879365,306.15392568782994,-4503.698599702936,312.35279083251953,120.49924850463867,336.5070583305988,351.02555644572806,-4336.582618443185,1535.057809996661,1626.106698625463,1794.067473115233,2149.923875226653,2713.384061946687,2030.7291361799316,2285.0040833988533,2323.4326794337694,2660.2249834315803,1972.8944314440014,2164.497062059188,2250.9662272141136,2510.695216393214,1909.0100283131676,2132.1759574288553,2193.804326211977,2368.4517316509136,1828.7359365320424,2079.1853398876065,2155.2668611547824,2319.5674137126034
357,14.28,421.3590621948242,146.50853633880615,48.0876874784313,50.162416619270374,-149.7660066571571,397.3594665527344,179.21725273132324,34.51784571974312,36.00710802677046,-192.5907534760208,362.5263977050781,190.9723949432373,26.017688058692723,27.140213562062833,-638.1401630927501,331.5347671508789,197.5436496734619,35.44223354432853,36.971378292323,-1483.4128006086205,308.2961845397949,205.2967071533203,70.76943891165237,73.82276555075707,-2401.5666714927643,346.3121032714844,169.56304550170898,47.37951243483169,49.423687571583336,-1805.7710479511193,304.4368362426758,174.86483573913574,83.3638771869866,86.96058716333445,-1947.5597840926177,293.4528160095215,178.16411018371582,165.151530908817,172.2769451634408,-1894.7910149393606,294.8166084289551,180.04260063171387,194.12036378562948,202.49562981930956,-1407.4356860308144,347.5287628173828,144.7910499572754,34.425411393316885,35.91068564850172,-574.8187536230189,298.12252044677734,147.66696453094482,17.4663751715231,18.21995679404219,-2344.6438246469743,285.6332778930664,155.03839015960693,34.537590095555295,36.027704267873176,-4136.165422976933,286.4150619506836,161.02904319763184,55.98517661843469,58.40064060674537,-4892.148460665423,352.41626739501953,125.59490203857422,36.33885518958252,37.90668441489875,122.76140982201156,307.12011337280273,121.78836822509766,30.709046838563026,32.03397963746162,-3218.688585023986,295.6572151184082,130.8955478668213,41.772669134687035,43.57493866539044,-4481.665346180686,297.2170829772949,139.96556282043457,68.28517942488061,71.2313234186788,-4353.216027391427,360.6916809082031,112.97452211380005,46.730600745549026,48.74677877821473,-2042.6878021171628,325.5143356323242,105.88193893432617,64.53867542255483,67.3231776024608,-4246.071592726362,315.01583099365234,111.37279987335205,79.65925031765981,83.09612525670886,-5576.445010778027,315.4020309448242,118.50977897644043,91.02147502827712,94.94856981252985,-6401.924665829955,1537.0643066614318,1627.5469829465337,1795.1530816577153,2151.4027303583457,2716.3369725687166,2032.706083682795,2288.4825068853866,2330.323757240307,2668.324808624353,1974.3308588699415,2165.2258603309497,2252.4073353848285,2513.031242017484,1910.5262956897634,2133.4573166143537,2195.547323758592,2371.300984587661,1830.685807683171,2081.878266991705,2158.5907061650505,2323.3653565051045
358,14.32,420.2365493774414,150.36958694458008,100.52284194878266,104.85987041588548,1367.4363449153777,395.3563690185547,181.87743186950684,83.25019811787219,86.84200344419915,1270.8723854357172,359.3867874145508,192.6350212097168,88.81680189571652,92.64877670573053,1637.7140785916922,328.0327606201172,197.61516094207764,87.56841469330124,91.34652820443155,1359.3787478027136,304.3366241455078,204.31941032409668,101.9596354213815,106.35865392051291,813.397209243896,346.0517120361328,173.2082748413086,91.36294562665202,95.30477305949606,1147.027137197818,302.4404525756836,175.26482105255127,50.90147343631918,53.09760254519649,-846.5746154534492,289.94556427001953,177.28856563568115,90.37212312099037,94.27120180808078,-1950.1435838840002,290.5811309814453,178.39316368103027,113.63293828882823,118.53559800879802,-2099.0007952627884,348.43658447265625,148.78483772277832,102.3916527166164,106.80931047495885,1772.4656206614284,298.20556640625,148.9006233215332,30.91127062841234,32.24492831328012,350.6242879809482,285.6546401977539,155.71924209594727,17.029674601998806,17.764414906814284,-456.5822340264723,286.90357208251953,160.8345079421997,13.145486737669906,13.712644898839336,-1117.1998926976507,353.57086181640625,129.53214168548584,102.57602154959899,107.0016338470451,1727.3737358036587,309.0622901916504,124.73562240600586,88.24099813348558,92.04813005943613,1500.3537605493627,299.58295822143555,134.11112308502197,126.86455103493532,132.33808479739173,2219.078653300032,302.6406478881836,142.25050449371338,147.13092552406556,153.47884605653698,2056.1880659464546,361.5907669067383,116.59070491790771,93.15690294298491,97.1761301369068,1210.7337839673019,326.0552978515625,109.24624443054199,85.18799649345846,88.86340756108257,538.5057489655442,316.7500686645508,116.33115291595459,131.32223058723028,136.98808962363165,1347.2991091730698,318.5953903198242,124.26750183105469,164.59973528314023,171.70134247769502,1918.8193166291292,1541.2587014780675,1631.020663084302,1798.8590327259446,2155.0565914865233,2720.5913187255373,2036.518274605175,2290.6064109871945,2334.09460531263,2673.0662325447047,1978.6032312889397,2166.5156574634807,2253.117911981101,2513.5797478134377,1914.8063610436452,2137.139241816731,2200.8408471504877,2377.4401384299226,1834.5728528886473,2085.432803294148,2164.0702297499956,2330.2334102042123
359,14.36,417.7522659301758,154.5479965209961,121.52872817425475,126.77204942785691,547.8044752992857,391.94713592529297,185.26330947875977,120.122430953359,125.30507792674791,961.5768620637191,355.96580505371094,193.2452917098999,86.87473164192755,90.62291640171509,-50.64650760038596,324.47948455810547,195.1063871383667,108.74200192155443,113.43364362965322,552.1778856305417,300.1426887512207,197.98639297485352,189.89504146578756,198.08800721001526,2293.233832237559,345.73524475097656,178.49716186523438,132.45866688901643,138.17355713560192,1071.7196019026467,299.91926193237305,176.70331478118896,72.56749645694788,75.69839976030377,565.0199303776822,287.1592330932617,178.5755968093872,76.73041553331281,80.04092675652477,-355.7568762889002,288.48230361938477,180.39834022521973,72.56811140706705,75.69904124226507,-1070.9139191633237,349.0999221801758,154.1526746749878,135.21670213892483,141.05058700564075,856.0319132670476,297.413272857666,152.32150554656982,87.78583408179857,91.57332808853498,1483.2099943813714,285.13261795043945,160.24612426757812,113.92203864518642,118.83717151504997,2526.818915205892,286.72929763793945,166.3754367828369,138.59172052976072,144.57121957285966,3271.464366850508,354.21897888183594,134.44331645965576,123.84388709415619,129.18709519881452,554.6365337942354,307.84440994262695,129.66506481170654,126.94150900139385,132.41836309269127,1009.2558258313783,297.95005798339844,140.05632877349854,154.1343445376381,160.78442552478896,711.1585181849307,300.32142639160156,148.37152004241943,163.64141380185038,170.70167449779433,430.5707110314337,361.7851257324219,121.10135078430176,112.8707819952167,117.74055870593513,514.1107142257081,325.23231506347656,113.91512632369995,118.52151387444378,123.63508975105388,869.2920547492829,315.99950790405273,121.70405387878418,135.62680001472455,141.47837843374322,112.25722025278912,317.66979217529297,130.02050399780273,145.67465002482288,151.95973997895294,-493.54006246855204,1546.3295834551816,1636.032866201372,1802.4839493820132,2159.5939372317093,2728.514839013938,2042.045216890599,2293.6343469776066,2337.2962423828913,2676.094194194395,1984.2452547691655,2170.178590587022,2257.871398841703,2519.3625965963524,1919.973844851598,2142.4359763404386,2207.2722241714796,2384.2682054098345,1839.2824752368845,2090.3782068841906,2169.729364887345,2336.311799803371
360,14.4,414.91188049316406,155.83551406860352,77.96429818427022,81.32804491175683,-1136.100112902502,390.2785110473633,187.0997142791748,62.031703457956,64.70804306937596,-1514.9258714342989,356.78253173828125,193.58706951141357,22.133890062762546,23.088850243244075,-1688.3516539617751,327.44998931884766,192.07141399383545,106.16897063648678,110.74959966613612,-67.10109908792745,305.9520721435547,189.01379585266113,267.2270038238802,278.7564343522497,2016.7106785558608,345.8900833129883,181.5900421142578,77.4188414368764,80.75905459333421,-1435.3625635566927,299.2581558227539,183.7751054763794,177.56563033980862,185.22664726524715,2738.2061876235844,287.6801109313965,187.41509914398193,221.37089245986806,230.92187454288137,3772.0236946589152,290.74655532836914,190.112886428833,249.37326909646896,260.1324054881453,4610.8341061470055,347.1531677246094,157.3929262161255,94.50225843899467,98.57953060032348,-1061.7764101329317,295.7983207702637,159.10398960113525,174.30246734312078,181.82269606027683,2256.234199293546,283.1954002380371,168.12954425811768,202.94876695314633,211.70493184637206,2321.6940082830524,285.4153060913086,175.42995929718018,228.7342231545249,238.60289397590168,2350.7918600760504,351.14986419677734,137.80888080596924,113.87078290550096,118.78370436154246,-260.0847709318014,304.3290138244629,135.49462795257568,170.18705936590598,177.52973001561287,1127.7841730730402,293.9413642883301,145.7090950012207,173.2472784168577,180.72198131796384,498.438894829372,296.7763137817383,154.32037353515625,173.12690665855976,180.59641615553753,247.36854144357991,358.9635467529297,124.44877624511719,109.44908962968687,114.17123842910398,-89.23300692077873,323.4868621826172,117.80789136886597,106.65430563321937,111.25587429863809,-309.4803863103948,315.16117095947266,125.31582355499268,92.69469047168737,96.6939756444029,-1119.610069733508,318.13560485839844,133.51136684417725,88.04510515901734,91.8437853401674,-1502.8988659696386,1549.582705251652,1638.6211879241469,1803.407503391743,2164.0239212183546,2739.665096388028,2045.2755790743324,2301.0434128682164,2346.5331173646064,2686.4994904139207,1988.1884359931782,2177.4514984294333,2266.3395961155575,2528.9067123553887,1924.7251930260597,2149.537165541063,2214.501103424198,2391.492062056056,1843.8493247740487,2094.828441856136,2173.5971239131213,2339.9855512169775
361,14.44,412.50804901123047,156.4401912689209,61.96793682078018,64.64152523938345,-417.16299180933447,390.0194549560547,187.18361377716064,6.807586953464238,7.101298291475307,-1440.1686194475162,357.98561096191406,194.8267364501953,43.18690294410315,45.05018917679855,549.0334733388618,328.8343048095703,194.578857421875,71.60482666462438,74.69419586276811,-901.3850950842002,307.05474853515625,193.17246437072754,107.55934137649344,112.19995754301966,-4163.911920230751,345.3015899658203,183.37201595306396,46.91585007922758,48.94002063994064,-795.4758488348393,302.2210693359375,188.50297451019287,139.48925157404227,145.5074743302167,-992.9793233757614,288.35418701171875,191.83310508728027,111.7283398389876,116.54882621869739,-2859.3262081045996,285.76311111450195,193.19406509399414,146.47606075603807,152.79572734059101,-2683.4169536888576,344.8765563964844,159.87878322601318,84.27056207891812,87.90639070840753,-266.8284972978988,294.8097229003906,163.8750457763672,121.81005391473309,127.06551288471223,-1368.9295793891147,282.9335021972656,173.32051277160645,129.9392759421486,135.54546780690868,-1903.9866009865846,284.6400833129883,179.24612045288086,97.352633253759,101.55288399860063,-3426.2502494325263,347.62271881103516,140.43384075164795,109.91806405392377,114.66044661701913,-103.08144361308322,301.2914276123047,140.15825271606445,139.14094906541555,145.14414441223911,-809.6396400843439,292.5333786010742,151.11199378967285,139.58361968228724,145.6059139227523,-877.9016848802883,296.0544204711914,158.5112428665161,106.31473235265008,110.90165022869651,-1742.3691481710255,354.37408447265625,127.09025859832764,132.3834228773916,138.09506674321358,598.09570785274,319.46788787841797,122.32915878295898,151.23246486690812,157.7573451086754,1162.5367702509327,311.4712905883789,129.9605941772461,148.30102681356288,154.69943102221737,1450.1363844453617,313.7594795227051,136.80537700653076,136.93286654275508,142.84079481820623,1274.9252369509709,1552.1683662612274,1638.905239855806,1805.209510958815,2167.011689052865,2744.1530946897487,2047.2331798999303,2306.863711841425,2351.195070413354,2692.6113195075445,1991.7046916215145,2182.534118944822,2271.761414827834,2532.9688277153323,1929.3116108907404,2155.342931317553,2220.325339981108,2395.928128065204,1849.373127443777,2101.138735660483,2179.78510115401,2345.699183009706
362,14.48,410.6619644165039,157.6571273803711,55.27749219979965,57.66242335189277,-174.47754718726713,389.3882751464844,188.66055965423584,40.15405549115364,41.88649041199969,869.6298030131095,358.5237121582031,195.94439506530762,31.011224554410084,32.349194722033495,-317.5248613691263,331.07513427734375,194.82610702514648,56.360719199854145,58.792385862449095,-397.5452500079754,310.9425163269043,192.2379970550537,99.96239157370678,104.27523957412184,-198.1179492224456,344.10083770751953,185.63734531402588,64.09720693724952,66.86266208912706,448.06603622966037,301.5513229370117,189.95490074157715,39.97381971565735,41.69847841695008,-2595.224897831665,287.6823043823242,193.4512996673584,43.80339574933324,45.693280382891686,-1771.3886458951424,285.2681350708008,194.87674713134766,43.84931671838116,45.741182598650674,-2676.3636185485084,343.47373962402344,162.48494625091553,73.99316104151896,77.18557422430082,-268.02041210266765,294.28123474121094,167.1170997619629,82.1211520404081,85.66424500560697,-1035.0316969776316,282.10399627685547,176.19667053222656,74.83466583062804,78.06338549017495,-1437.052057918343,283.27415466308594,181.68080806732178,69.7919446307024,72.80309756639083,-718.7446608052451,346.0386276245117,143.21783065795898,80.07787102901368,83.53280723560017,-778.190984535474,299.97203826904297,144.06633853912354,103.11984241499054,107.56891770381735,-939.3806677105441,290.4104804992676,154.82477188110352,106.92116694924631,111.5342492677009,-851.7916163762852,292.9604721069336,162.10314273834229,118.51756507454513,123.63097058134434,318.2330088161958,352.4845886230469,129.79187965393066,82.42022997180618,85.976226566441,-1302.9710044193146,317.08309173583984,126.21245384216309,113.92769954694538,118.8430766547513,-972.8567113481024,308.3986282348633,133.68229866027832,120.65534125592605,125.86098048766976,-720.9612633636901,309.88866806030273,140.17571926116943,128.31209094155025,133.84807838777195,-224.81791076085713,1554.4748631953032,1640.580699472286,1806.5034787476961,2169.3633844873634,2748.324104272714,2049.9076863834953,2308.531650978103,2353.0228016286696,2694.4409668114904,1994.7921145904866,2185.9606887450464,2274.883950247441,2535.880951617988,1932.6529231801644,2159.6456880257056,2224.786709951816,2400.873366888458,1852.8121765064345,2105.892458726673,2184.8195403735167,2351.0531061452166
363,14.52,410.0452423095703,158.4568977355957,25.24849968657431,26.337838783732966,-783.1146142039951,390.55328369140625,189.9322271347046,43.115999717497004,44.976226851322544,77.24341098307139,360.3373718261719,198.6163330078125,80.73341067912088,84.21662995121478,1296.6858807295323,332.9316711425781,198.22806358337402,96.88923300618096,101.06949048355776,1056.9276155277166,313.067626953125,196.25274181365967,113.56240203746503,118.46201849160394,354.66947293705255,345.55259704589844,190.21273612976074,120.00470379656296,125.18227146637791,1457.9902344312713,303.08765411376953,194.79583740234375,126.97189954432866,132.45006482666767,2268.7896602429396,287.34535217285156,198.1651210784912,118.14622583773742,123.24361002232007,1938.7582409857096,282.89459228515625,199.8136854171753,136.94676199475273,142.85528978539574,2427.8526796686265,344.06158447265625,166.9452953338623,112.4729842779153,117.32559812305374,1003.5005974688229,294.6038627624512,172.15752124786377,126.26840854807224,131.71622191816957,1151.2994228140649,280.8815002441406,181.12858772277832,127.02928728364051,132.50992854312295,1361.1635763237,280.88022232055664,186.7287826538086,139.67139892982868,145.69748038012614,1822.3595703433825,345.7946014404297,146.93522930145264,93.13498756229478,97.15326922355885,340.5115496989669,299.45993423461914,148.21227550506592,104.43611644098718,108.94198198574568,34.3266070482084,288.1481170654297,158.49586486816406,107.80541506115281,112.4566480044701,23.059968419229904,289.58484649658203,165.71405410766602,123.57570852106396,128.90734614001755,131.90938896683022,351.2874984741211,132.44250297546387,72.71016442574785,75.84722309668024,-253.22508674401902,315.60813903808594,130.5391502380371,114.2797750114844,119.21034231171498,9.181641424092035,306.37563705444336,137.0533561706543,98.28695887018489,102.5275208191014,-583.3364917142092,307.4159622192383,142.8614616394043,91.26707476782401,95.20476588064524,-966.0828126781677,1555.5283767466526,1642.3797485463388,1809.872143945745,2173.4061641067055,2753.062585012378,2054.9149772421506,2313.8296535711697,2357.9525460295627,2700.155178402906,1999.4851385154086,2191.229337621773,2280.184347389166,2541.708850833193,1936.5390539491066,2164.0033673051353,2229.284975871995,2406.0296607340583,1855.846065430302,2110.6608724191415,2188.920641206281,2354.8612967804424
364,14.56,410.6074523925781,160.28806686401367,47.88828506473866,49.95441104705348,590.414306583013,390.6899642944336,191.7110824584961,44.60246525014967,46.52682550243366,38.7649662777779,360.0453186035156,201.66442394256592,76.55126318107799,79.85404492871476,-109.0646255625007,331.96582794189453,202.18664646148682,101.86765768386235,106.26270783054541,129.83043367469128,312.15429306030273,199.65974807739258,88.18258927111533,91.98720116386826,-661.8704331933919,349.75379943847656,195.5220079421997,169.26028167027823,176.56296676873438,1284.5173825589118,304.8945426940918,201.19378566741943,166.20504720127326,173.37591510665305,1023.1462569996346,287.9922294616699,204.17065143585205,151.00671570325028,157.52185606371071,856.9561510347661,282.65098571777344,205.26721000671387,136.47406944263696,142.36220305206734,-12.327168333209926,347.69474029541016,171.66325092315674,148.86849518737418,155.29138265220894,949.14461322888,295.87684631347656,178.10099601745605,151.95677727967845,158.51290776758242,669.9171462353213,279.6171569824219,186.50010108947754,137.95769218333294,143.9098362597984,284.9976929168861,276.69689178466797,192.0695972442627,169.60349875169516,176.92099185024009,780.5877867528487,348.0146026611328,150.8684206008911,112.91146758052825,117.78299965886538,515.7432608826632,299.8504447937012,152.93113231658936,118.37469140513024,123.48193266946039,363.4987670928677,287.91709899902344,163.24501991271973,118.86926375285842,123.99784319575133,288.52987978203083,288.4524154663086,171.02335453033447,135.7181615897298,141.57368177704623,316.658390925717,352.02571868896484,135.21198749542236,71.65461251680564,74.74612971090714,-27.52733464432744,315.3092575073242,135.31904697418213,119.73079955059673,124.89654970223386,142.15518476297183,307.3220443725586,142.01415538787842,126.25672181460656,131.70403096402381,729.4127536230604,309.53325271606445,147.59652614593506,129.6720742126023,135.26673773728527,1001.5492964160007,1557.5265531885348,1644.2408215664361,1813.0663057428935,2177.6566724199274,2756.7420730589324,2061.9774959129,2320.764690175436,2364.253420272111,2705.8496665249886,2005.6967938214968,2197.5698539324762,2285.9407408395577,2548.7856905072026,1941.250373935461,2168.9426446119137,2234.2448895998245,2411.6926080051403,1858.835910618738,2115.656734407231,2194.1888024448417,2360.271966289934
365,14.6,410.92811584472656,163.54860305786133,81.9066592261212,85.440497961898,887.152172871113,392.69020080566406,194.6089267730713,88.02857409804223,91.82654105142582,1132.492888724804,360.6542205810547,206.08469009399414,111.55019741049612,116.36299788749378,912.7238239694755,331.7185974121094,207.32754707336426,128.67104869603463,134.2225232690576,698.9953859628049,310.82324981689453,205.76946258544922,156.3255567033515,163.0701768952833,1777.0743932853761,353.32183837890625,204.42069053649902,239.68397656407413,250.02507127761635,1836.5526127220492,309.7270965576172,209.28531646728516,235.61945952245992,245.78519184301,1810.231918408924,292.01663970947266,210.28375625610352,182.97187008185398,190.86613763179415,833.6070392020858,283.6860466003418,209.500150680542,108.94131957954387,113.64156078940701,-718.0160565665084,351.1080551147461,180.86883544921875,245.45048446984512,256.0403734719118,2518.724770492571,299.35205459594727,188.3301830291748,270.08487037326404,281.73760271383435,3080.6173736562982,279.9368095397949,194.62101459503174,203.1800524198422,211.946196056542,1700.90899491859,272.33516693115234,198.4483766555786,193.18622892820892,201.52119198805536,615.0050034453819,350.2357482910156,159.0250539779663,211.3411873564353,220.45944076100164,2566.9110275534067,300.3717041015625,161.00741386413574,202.32714057509423,211.05648558096655,2189.363822787654,287.5570297241211,170.55559158325195,182.9858396719488,190.88070993574723,1672.0716684998977,286.68493270874023,178.15037727355957,183.5729563428891,191.49315758287182,1247.9868951456397,352.0101547241211,141.6516923904419,160.9930925768637,167.93909223203192,2329.82406302812,315.5624198913574,144.61186408996582,232.40662256604762,242.43373798052954,2938.429706957392,309.78328704833984,152.26359844207764,263.5203958310906,274.88990584717186,3579.646872078701,313.9975357055664,158.25058937072754,288.78937589555653,301.2491086286804,4149.559272284879,1560.9441731070108,1647.9138832084934,1817.7208256583936,2183.0255733506892,2763.264880134744,2071.9784987640046,2330.596097849156,2371.888065777383,2710.3953289565648,2015.9384087603735,2208.8393580410298,2294.4185886818195,2556.846538186725,1950.068751565901,2177.3849040351524,2241.8801179972543,2419.3523343084553,1865.5534743080193,2125.354083926452,2205.1843986787285,2372.3219306350816
366,14.64,410.07286071777344,166.88830375671387,86.18679600907461,89.90529998820197,111.62005065759928,392.4549865722656,198.98703575134277,109.61057191602973,114.33968782122324,562.8286692449354,360.64483642578125,211.32727146148682,131.0647441561602,136.71949401618141,508.91240321719096,331.26476287841797,211.8039321899414,112.4833029161559,117.33636195590807,-422.1540328287382,310.012149810791,208.07483196258545,61.097315739618494,63.733341467594876,-2483.420885692211,351.89857482910156,211.30866050720215,175.83694408725418,183.4233773524751,-1665.0423481285316,307.3160743713379,215.31103134155273,162.25417507860263,169.2545837676121,-1913.2652018849476,291.3507080078125,215.87429523468018,140.75153441051043,146.82421798861515,-1101.047991079475,285.0695610046387,215.45428276062012,152.81893071113686,159.41225855541038,1144.2674441500842,349.93709564208984,187.4368143081665,166.78858694877036,173.98463150502388,-2051.3935491721973,299.2283248901367,195.55076122283936,180.54095534483997,188.3303417930212,-2335.1815230203288,280.88558197021484,201.30021572113037,168.65626435075382,175.9328892995105,-900.3326689257875,273.6427688598633,204.81727123260498,162.54353443240296,169.5564274456747,-799.1191135595166,348.9554977416992,165.57453632354736,166.83592326014292,174.03401012763604,-1160.63576583414,301.2361145019531,168.85986328125,197.49709996073602,206.0180542840965,-125.9607824217511,287.4075698852539,178.2222318649292,191.70242475655851,199.97336952158463,227.3164896459349,284.5602607727051,186.01528644561768,203.67103856540805,212.45836565503248,524.1302018040166,350.49137115478516,147.761549949646,157.39493107357427,164.1856891083658,-93.83507809165295,313.1714057922363,152.8487491607666,214.42251527617242,223.67371166807678,-469.0006578113191,305.00946044921875,160.2683687210083,233.0045166098285,243.0574279870779,-795.8119465023493,305.9978485107422,166.2704372406006,283.18827115425995,295.40634586977023,-146.06906897275422,1564.540385106539,1652.4874707213423,1823.1896054190406,2187.719027828926,2765.814213793448,2079.3154338581035,2337.366281199861,2377.7610344969276,2716.7718192987813,2022.8977940205743,2216.372571712751,2301.4559042538,2563.628795284552,1957.0301119710066,2185.6256262065162,2249.879052778118,2427.8506689346564,1872.120901872354,2134.3010323931753,2214.906695798212,2384.138184469872
367,14.68,405.59730529785156,170.49057483673096,143.6291954363726,149.82603485354716,1498.0183716336296,387.6967239379883,202.2266721725464,143.91036150662703,150.11933175125367,894.4910982507608,357.26696014404297,214.01614665985107,107.9354494799683,112.59229272006165,-603.1800324029941,328.64707946777344,214.4434118270874,92.93518976036454,96.94485120419506,-509.7877687928253,308.03361892700195,211.73272132873535,103.9673598812978,108.45300106207992,1117.9914898621262,346.58763885498047,213.60102653503418,144.61367269118256,150.85298709012793,-814.259756558679,302.6226043701172,217.32597827911377,127.69267748569528,133.20194052044124,-901.3160811792716,287.40942001342773,216.51904106140137,99.84190075988852,104.14955021955976,-1066.8666942263847,281.82077407836914,215.60221195220947,81.30382654749448,84.81165624455512,-1865.0150577713812,343.8626480102539,189.6491289138794,161.6192476674882,168.5922625999826,-134.809222626032,294.5990180969238,195.1999568939209,116.06448924755944,121.07205751888715,-1681.4571068533514,276.0702705383301,198.63298416137695,137.61665138025805,143.55408135152413,-809.470198699659,268.2337951660156,201.3742446899414,160.29548534312704,167.21138693925798,-58.62601266041807,342.69344329833984,168.20813655853271,169.8329621446316,177.16035537381381,78.15863115444444,296.9327926635742,171.00149631500244,120.16959602975834,125.35427792650428,-2016.5944089398056,282.51861572265625,178.29553127288818,122.23759039056912,127.5114952961235,-1811.5468556365283,278.70479583740234,185.72274684906006,146.56920085772188,152.89288594458336,-1489.1369927612282,344.4078826904297,150.6278657913208,168.12309181107082,175.37671318732944,279.77560197409093,307.4099540710449,154.291090965271,148.48121896522892,154.88739751129938,-1719.6578539194347,297.07515716552734,160.8678388595581,198.92293269726525,207.50540415491852,-888.8005958039842,295.16223907470703,167.96253204345703,274.1733218606297,286.00244923881854,-235.0974157737923,1570.533426500681,1658.4922439913923,1827.693297127843,2191.5968218770936,2770.152333835931,2085.3495533417085,2342.6943588206786,2381.92701650571,2720.1642855485634,2029.6414845245736,2221.215454013506,2307.1980675078607,2570.317250762122,1964.1165261859592,2190.639797323576,2254.9795125899627,2433.9663843724397,1879.135970399847,2140.4965282936273,2223.2069119644084,2395.578282439425
368,14.72,401.37474060058594,171.3679075241089,107.81861291926744,112.47041528029357,-933.8904893313397,383.3082962036133,203.33476066589355,113.15409318966351,118.03609327858678,-802.0809618166722,352.2187805175781,214.95145797729492,128.3523587667784,133.8900835564828,532.444770910529,323.0134582519531,215.8690309524536,145.2800698090387,151.54813571574596,1365.0821127887725,301.2885093688965,213.89931678771973,177.1133797065764,184.7548844113836,1907.5470837325925,341.74583435058594,215.23112297058105,127.72109567324274,133.2315848023369,-440.53505719477573,295.50193786621094,220.2707004547119,192.63839205768397,200.9497188567887,1693.6944584086866,275.4679298400879,219.6685266494751,308.7458977758411,322.0666487792528,5447.927463992325,265.49116134643555,218.593168258667,415.03167921411864,432.9380990148863,8703.161069258278,339.98809814453125,191.0511016845703,103.00990338230295,107.45423538388111,-1528.4506804025373,289.8361587524414,194.88264083862305,119.3354479353089,124.48414075771841,85.30208097078145,273.4105682373047,197.8499937057495,69.31400644748608,72.30453888074999,-1781.2385617693535,268.3108139038086,200.26053428649902,27.909258641925366,29.11339540208022,-3452.449788429444,339.47521209716797,169.0762424468994,83.33149126235647,86.92680395750601,-2255.838785407695,292.87330627441406,171.36900901794434,101.90220597035737,106.29874669270578,-476.3882808449626,278.8838577270508,179.1948366165161,93.60894651319269,97.6476769940726,-746.5954575512726,275.98514556884766,186.52580738067627,70.89342265281603,73.9520985339881,-1973.5196852648812,341.26182556152344,151.06624603271484,79.4113211953534,82.83749930529952,-2313.480347050748,303.17739486694336,154.68924522399902,106.28112552908946,110.86659344861212,-1100.5201015671814,292.25393295288086,161.73259735107422,122.45409894440533,127.73734504787208,-1994.201477676161,290.0445747375488,168.85519981384277,129.87336143361532,135.47670943628034,-3763.143495063455,1575.0322431118925,1663.2136877225357,1833.0489004701024,2197.6587473057234,2777.542529212386,2090.6788167338023,2350.7323475749504,2394.80968245688,2737.481809509159,2033.939653939929,2226.194819643815,2310.090249063091,2571.481786578205,1967.5935983442594,2194.8917471912846,2258.8854196697257,2436.9244683137995,1882.449470372059,2144.9311920315718,2228.316405766323,2400.9973508168764
369,14.76,403.7713623046875,169.08742904663086,82.70571956797781,86.27403352731953,-654.9095438243509,385.3650665283203,200.61607360839844,85.22603580034583,88.90308806268389,-728.3251303975721,352.0186233520508,213.26356887817383,42.49288544747636,44.32622849928684,-2239.096376429899,321.6709518432617,216.19800567626953,34.55564196234148,36.0465349771455,-2887.5400184650116,299.2338180541992,217.45911598205566,102.75555551491841,107.18891375252404,-1939.1492664714892,341.9182586669922,213.19008350372314,51.207740199601325,53.41708309795306,-1995.3625426095962,296.2557601928711,221.40588283538818,34.06691152688682,35.53671841071588,-4135.325011151821,275.52337646484375,223.6413860321045,99.33115700254638,103.61677057294067,-5461.246955157803,263.9214515686035,224.24217224121094,146.5759930492943,152.89997118326463,-7000.953195790541,339.21539306640625,189.09314632415771,52.62284634030515,54.89324357712586,-1314.0247951688814,288.76216888427734,195.80009937286377,35.312749105052305,36.836307284976264,-2191.1958368185537,272.6582336425781,200.3378391265869,64.97779515151701,67.78124302304944,-113.08239644251366,268.2089424133301,202.67741203308105,60.47559343702089,63.08479513900752,849.2849934231824,338.30604553222656,167.49197959899902,49.22422693536146,51.34799173698301,-889.470305513075,291.4393997192383,172.0775842666626,39.9856762797022,41.71084652896539,-1614.6975040935097,278.7607002258301,180.94682693481445,43.90784273280548,45.80223370076355,-1296.1360823327261,277.3969841003418,187.99241065979004,50.89335183326252,53.0891305379633,-521.5741999006202,339.7536087036133,150.39090156555176,41.31289326448355,43.095325900418544,-993.5543351220243,301.3313102722168,155.37142753601074,49.20239474423724,51.32521760239034,-1488.5343961555445,291.3697814941406,163.12594413757324,41.25484115106705,43.034769145633156,-2117.564397555973,290.55429458618164,169.88792896270752,28.791750326755494,30.03396193124314,-2636.06868762593,1578.4832044529853,1666.769811245043,1834.821949610074,2199.1006087048095,2781.830085762487,2092.8155000577203,2352.1538163113787,2398.9543532797975,2743.5978083564896,2036.135383683014,2227.668271935214,2312.801498784013,2574.0051783837657,1969.6475180137388,2196.560181052443,2260.717509017756,2439.0480335353177,1884.1732834080758,2146.9842007356674,2230.0377965321486,2402.198709294126
370,14.8,405.5721664428711,166.95477962493896,69.78130614615712,72.79200008755703,-337.0508359940626,387.0793914794922,198.3660364151001,70.71764900573055,73.76874118456794,-378.3586719528987,354.68753814697266,211.0901927947998,86.04747883557907,89.75997201620838,1135.8435879230385,325.5247497558594,214.3152666091919,107.22775044806039,111.85406022145082,1895.1881311076331,303.92337799072266,215.32065868377686,128.85304617763117,134.41237297849932,680.5864806493819,342.5019836425781,210.82101345062256,60.99809302152822,63.629837814499204,255.3188679136536,296.7448425292969,220.1600217819214,33.46052988549623,34.90417461165391,-15.813594976549261,277.19715118408203,221.1036729812622,75.99962721609414,79.27860879217556,-608.4540445191276,266.2626838684082,220.51218509674072,110.09703895757656,114.8471433402802,-951.3206960746107,339.17774200439453,187.83090591430664,31.570045679524465,32.93212602032498,-549.0279389200219,290.3554153442383,197.0577621459961,50.745381151274174,52.93477570439668,402.46171048551037,274.8970413208008,200.47380924224854,56.07332081983015,58.49258776379997,-232.21638148123685,269.8257827758789,201.34610652923584,52.36021332161226,54.619279334042666,-211.63789512412131,338.35479736328125,166.94319248199463,13.773707762009376,14.367970334607815,-924.50053505938,293.3517646789551,174.3852710723877,74.92729030729696,78.1600062226627,911.2289923424328,281.1277389526367,181.57593727111816,61.23036496219916,63.87213105977386,451.74743397525765,279.2261505126953,186.84117794036865,54.0323198323732,56.36352838869322,81.85994626824797,340.35228729248047,150.29919147491455,15.141556919053349,15.79483494145199,-682.5122739741639,304.60582733154297,157.47719764709473,97.32911220619187,101.52834814235027,1255.0782634989982,293.20220947265625,164.9771547317505,65.11899185549161,67.92853161731213,622.3440617919744,290.08460998535156,171.55945301055908,43.406481851814064,45.279241751937235,381.1319955173524,1581.3948844564877,1669.7205608924257,1838.4123484907223,2203.5747711136673,2787.206580681627,2095.3606935703006,2353.5499832958453,2402.125497631485,2748.1916940901006,2037.452668723827,2229.7856629633898,2315.1412022945647,2576.1899495571274,1970.222236827123,2199.6865813013496,2263.272394260147,2441.3025746708654,1884.8050768057337,2151.0453346613613,2232.7549377968407,2404.0098789642034
371,14.84,406.0184097290039,165.20060062408447,45.25122261785776,47.20357331606873,-639.7106692872076,387.78587341308594,197.50641345977783,27.817129927116735,29.017291820952487,-1118.7862340903864,355.4780960083008,210.1415777206421,30.871227411488533,32.20315744353288,-1438.9203643168876,326.3984680175781,212.59955406188965,48.13427278088345,50.21101183090303,-1541.0762097636948,305.31259536743164,213.1490421295166,64.44883328311387,67.22945925032285,-1679.5728432044118,342.2642517089844,210.02680778503418,20.725574652812753,21.619773478907543,-1050.2516083897917,296.22900009155273,218.69171619415283,38.90705848276584,40.58569208424086,142.03793681467386,278.7412643432617,219.31394577026367,59.09425171992445,61.64385583957356,-440.86882381505,269.77956771850586,218.65817070007324,99.39140241404182,103.67961525500588,-279.1882021318578,338.2200241088867,187.4388599395752,25.871359812530176,26.98757202673292,-148.61384983980147,290.28600692749023,197.10296630859375,2.070770483362699,2.160113267162586,-1269.3665609308523,277.8058433532715,201.4944362640381,77.06656530928596,80.39157961577075,547.4747962992697,275.0279426574707,202.91793823242188,135.86096371103045,141.72264505389361,2177.584142996274,337.25475311279297,167.38263130187988,29.614226199734535,30.89192328399436,413.0988237346636,293.3776664733887,175.89026927947998,37.63052705505426,39.254085083318195,-972.6480284836126,284.53882217407227,183.41558933258057,96.88849406276904,101.06871965864954,929.9147149718922,284.9873733520508,187.99737453460693,146.90234675039932,153.24040531887186,2421.921923254466,339.21947479248047,151.8178367614746,47.365254053916814,49.408814017015146,840.3494768890789,304.9653625488281,159.4928741455078,51.187262323765204,53.39572171018347,-1203.31566080417,295.9750175476074,167.50295162200928,93.76871330351676,97.81433687560161,747.145131457237,294.46720123291016,173.56261253356934,120.467200198342,125.6647221394605,2009.6370096880814,1583.2830273891304,1670.8812525652638,1839.7004747884637,2205.5832115869034,2789.89575905164,2096.2254845094567,2355.1734109792146,2404.5912518650675,2752.3388787003005,2038.5321716048961,2229.8720674940764,2318.3568654791957,2581.8588553592836,1971.4579137584826,2201.2567447046827,2267.315143046493,2447.4321908836205,1886.7814293664144,2153.1811635297686,2236.667511271865,2409.0364678497817
372,14.88,406.55994415283203,163.82401943206787,36.981712629392135,38.577277749980446,-215.65738915220703,386.80274963378906,196.7158555984497,31.53880642881351,32.8995389613249,97.05617850931034,353.7601852416992,209.97013092041016,43.16111826137137,45.02329202150973,320.50336444942127,324.2413330078125,212.57640838623047,53.931479517174516,56.25833734773738,151.1831379208587,303.603458404541,214.08448219299316,48.70958113064118,50.811141690298676,-410.45793900060426,342.82520294189453,208.11409950256348,49.83171216413959,51.981686737385964,759.0478314619605,298.2670783996582,216.38188362121582,77.0109152367818,80.33352853724679,993.6959113251482,281.94957733154297,217.56245613098145,91.38171380016063,95.32435098033376,842.012378519005,273.0647659301758,218.30769538879395,82.59600563047667,86.1595860142354,-438.0007310192621,338.37657928466797,185.54544925689697,47.49679947338499,49.5460349249384,563.9615724551369,292.73767471313477,197.09319591522217,61.29218135167096,63.93661449919843,1544.412530800896,281.49553298950195,203.10782432556152,100.67531552214302,105.01892241674874,615.6835700244496,278.9944839477539,206.2064552307129,128.8113782230885,134.36890727230625,-183.84344453968424,336.7057418823242,165.89964866638184,39.53361566731488,41.239281894340245,258.68396525864716,294.71508026123047,177.11697578430176,45.369899774529785,47.3273707637801,201.8321420115477,284.7635078430176,185.90025901794434,62.37020069309489,65.06114466822336,-900.1893747606545,283.3761787414551,191.64267539978027,99.63736269230954,103.93618741717923,-1232.605447542316,337.96886444091797,151.00895404815674,37.235043099039785,38.84153808827433,-264.1818982185203,305.51618576049805,161.09896659851074,42.4480504418882,44.279459100561866,-227.90656524054017,295.48458099365234,170.13522148132324,66.93921041562679,69.8272829721695,-699.6763475858028,292.186279296875,177.2472095489502,108.33645521026124,113.0105997247121,-316.35306036871,1584.8261184991297,1672.1972341237167,1841.5014064693241,2207.833545080813,2791.928204719252,2098.3047519789525,2358.386752120705,2408.4042259042812,2755.78526214087,2040.5140130018938,2232.4295320740443,2322.557622375866,2587.2336116501756,1973.1074850342563,2203.1498395352337,2269.917588833222,2451.5896383803074,1888.3350908899454,2154.952341893791,2239.4606025907515,2413.5568918387708
373,14.92,403.91719818115234,163.9914035797119,66.20103720728126,69.05726149773656,761.9995936939029,385.3349304199219,196.9001340866089,36.98354199671052,38.579186044814044,141.9911770872286,352.30674743652344,210.89269638061523,43.03783569341632,44.89469046339928,-3.21503895276134,322.9999542236328,214.2629098892212,52.352821111912185,54.61156818962803,-41.16922895273376,302.34615325927734,215.16785144805908,41.49175498765225,43.2819045600568,-188.23092825604687,342.1834945678711,206.90184116363525,34.29066853380831,35.77012934792742,-405.28893473646355,296.6830825805664,215.14666557312012,50.21706869457866,52.38366936205494,-698.7464793797964,280.72845458984375,216.9372797012329,34.296376618093184,35.77608370583088,-1488.7066818625722,272.9195022583008,217.49718189239502,20.585699863792268,21.473863833231082,-1617.143054525108,337.3929214477539,184.029278755188,45.182655206221874,47.13204758361326,-60.349683533128484,289.87022399902344,196.4824104309082,73.29449376362717,76.45676315207825,313.0037163219956,280.743408203125,203.71848106384277,24.220256840747897,25.26523270257626,-1993.842242854312,280.75273513793945,206.3234567642212,44.05349451683846,45.954169588204174,-2210.368442102552,335.18115997314453,164.3879270553589,53.67525167053133,55.99105462596918,368.7943182907233,291.5370178222656,176.75836086273193,79.95579062805467,83.40545971162743,901.9522236961832,284.83924865722656,186.54227256774902,16.161645744436424,16.858935199350217,-1205.0552367218288,286.37678146362305,191.19755744934082,75.83595241574591,79.10787229067866,-620.7078781625142,336.1235046386719,149.715313911438,56.34080228326675,58.77160963635013,498.25178870189484,302.5945281982422,160.03432273864746,77.7397479552426,81.09380652910457,920.3586857135676,295.58197021484375,169.57414627075195,14.236617670682111,14.85085235521746,-1374.410765423801,295.53497314453125,175.5237579345703,94.15424828585618,98.21650565142572,-369.85235183215934,1587.588408959039,1673.7404015655093,1843.2971940878601,2210.018007808398,2793.6594809016547,2099.735557152869,2360.482098895187,2409.8352692525145,2756.6442166941997,2042.399294905238,2235.4878026001275,2323.568231683969,2589.071778433704,1975.347127219295,2206.486057923699,2270.591946241196,2454.7539532719347,1890.6859552753992,2158.196094154955,2240.0546366849603,2417.4855520648275
374,14.96,402.72216796875,165.8503818511963,55.248854187244376,57.63254976070397,-285.61779342581485,383.59363555908203,198.96421909332275,67.51182631272944,70.42460421383169,796.135454225441,350.5422592163086,211.56912803649902,47.242581853918026,49.28084916100702,109.65396744019351,322.72533416748047,213.35221767425537,23.77993489320971,24.805913194044557,-745.1413748895868,302.8476905822754,213.37514877319336,46.53844222005317,48.546329629621525,131.61062673911806,337.68898010253906,210.74754238128662,147.88102932451326,154.26131286496135,2962.2795879258483,295.11043548583984,217.03036308288574,61.34704145703114,63.9938415276782,290.25430414058155,279.18766021728516,217.4237823486328,40.394400326927624,42.137204855063565,159.0280287308172,270.30029296875,216.2376880645752,72.65750995589401,75.79229686520239,1357.9608257992827,333.2324981689453,188.0700445175171,144.99333994373572,151.24903497468895,2602.9246847768923,287.2854423522949,198.76200199127197,86.1598581248335,89.87719987686371,335.51091811963653,277.6988983154297,203.6894416809082,76.11620943512847,79.40022091678067,1353.3747053551103,276.8329429626465,203.92597675323486,114.87134406741468,119.82743444067113,1846.8316213116736,331.79786682128906,167.51615524291992,115.19679939359078,120.1669314412272,1604.3969203814506,288.81425857543945,176.77451133728027,68.07017864860848,71.00704649711408,-309.9603303628339,283.6147689819336,184.8859405517578,51.49506179238866,53.71680109640277,921.4466474263137,286.4130401611328,188.27170372009277,73.15195972297927,76.3080795221446,-69.99481921335153,333.45733642578125,151.0599946975708,74.65177223291131,77.87260100194646,477.5247841399084,299.1700744628906,159.44403648376465,86.87390736099522,90.62205655742422,238.20625070799116,293.55262756347656,168.21817874908447,61.01679848858763,63.64935032343641,1219.9624492054736,295.65643310546875,173.46426486968994,51.576788665065244,53.8020540509773,-1110.3612900112105,1589.8937109494673,1676.5573857340628,1845.2684280543003,2211.0102443361598,2795.6013340868394,2105.9060096674675,2363.041852556294,2411.5207574467167,2759.6759085688077,2048.449256304226,2239.082890595202,2326.7442405206402,2593.864875811331,1980.1538044769443,2209.326339783583,2272.7406182850523,2457.806276452821,1893.800859315477,2161.820976417252,2242.600610697898,2419.637634226867
375,15.0,401.6315460205078,166.45939350128174,31.228506847984526,32.57585159629389,-626.417454110252,382.8507614135742,200.61806201934814,45.3256165155822,47.28117691664232,-578.5856824297341,349.2576599121094,214.1039228439331,71.04303312141127,74.10816390227276,620.6828685316436,320.5902099609375,216.22748851776123,89.5332961838801,93.3961839293428,1714.7567683824561,300.11240005493164,216.5478229522705,104.72486487088236,109.24318838177085,1517.4214688037332,336.3604736328125,213.05062294006348,66.46949253379914,69.33729925040437,-2123.1003403639247,293.48440170288086,218.51760864257812,55.090182985200585,57.46703273628954,-163.1702197847165,277.764949798584,219.36611652374268,60.19119009082941,62.78812129404522,516.2729109745413,269.63436126708984,218.8504457473755,67.40719425767895,70.31545783952275,-136.92097564199094,331.58138275146484,190.3642988204956,70.66551903411387,73.71436208064951,-1938.3668223509862,285.10780334472656,200.46378135681152,69.09307425612347,72.07407463493423,-445.07813104823697,274.91342544555664,205.60638427734375,84.53375075534862,88.18093458291808,219.5178416534354,273.94683837890625,206.5814208984375,98.04649176722666,102.27667883367155,-438.76889017498934,329.6045684814453,170.02989292144775,83.40201857573594,87.00037415108969,-829.1639322534379,286.71688079833984,178.89264106750488,74.52125155757867,77.73644905044326,168.2350638332295,279.70373153686523,187.03386783599854,111.55101275625137,116.36384841110196,1566.1761828674796,281.1134719848633,191.2183427810669,151.5917721435336,158.1321545921322,2045.60187674969,330.7168960571289,153.8711929321289,98.14800344416717,102.38257020207422,612.7492300031939,296.8157196044922,161.63078784942627,80.33083286668051,83.79668303739477,-170.6343380007361,289.62779998779297,170.09191989898682,108.72895599748173,113.42003484302127,1244.2671129896216,290.0453186035156,175.9914493560791,153.84908876532774,160.48686247603345,2667.120210626404,1591.196745013319,1678.4486328107284,1848.2327546103913,2214.7460916933337,2799.9710616221105,2108.6795016374836,2365.3405338657453,2414.032282298479,2762.488526882388,2051.3978307874518,2241.9658535805993,2330.271477903957,2597.955942964678,1983.6338194429877,2212.4357977456007,2277.395172221496,2464.131562636506,1897.8961621235603,2165.172843738748,2247.137412091619,2426.057108725908
376,15.04,401.51432037353516,166.88798904418945,11.108442501891204,11.5877129882989,-524.7034651998747,382.4953842163086,201.0502052307129,13.987510220394089,14.590997237212116,-817.2544919857552,349.403076171875,215.41109561920166,32.88090776772593,34.299544867992836,-995.2154758569982,320.81520080566406,217.92550563812256,42.8214535984224,44.66897262652255,-1218.180282570506,300.42484283447266,218.03468227386475,37.9833115714898,39.62209038401404,-1740.5274499439201,336.18499755859375,214.0400505065918,25.121688364207557,26.205556224139,-1078.2935756566342,293.06318283081055,219.563570022583,28.18976483861103,29.406003956166845,-701.5257195030673,278.555908203125,220.41712760925293,32.88464211812551,34.303440335842694,-712.1170239550631,270.711669921875,219.8096466064453,36.06123460271511,37.617085969417765,-817.4592967526246,331.2087631225586,191.57052040100098,31.56160532517226,32.923321509365294,-1019.7760142821053,284.9481773376465,202.00076580047607,38.63128300195288,40.29801835137267,-794.4014070890391,277.1460151672363,208.09401512145996,83.56421214382131,87.16956551299315,-25.284226748123473,277.9109573364258,209.68182563781738,125.81421982762664,131.2424373588895,724.1439631304488,329.01771545410156,171.57822132110596,41.39532966479021,43.18131899498418,-1095.4763789026376,286.88720703125,180.79360485076904,47.71447848202992,49.77310563042437,-699.0835855004722,283.45190048217773,189.4598150253296,111.61874340816449,116.4345012820824,1.7663217745109705,287.4649429321289,193.65031242370605,170.02878347627964,177.36462535925395,480.81176917804385,329.8575973510742,155.78699111938477,52.49212417425171,54.756881441643934,-1190.6422190107571,296.4798927307129,164.24612045288086,65.92014257723574,68.76424775144693,-375.810882148696,291.7293930053711,172.88053035736084,87.29633977180154,91.0627146904204,-558.9330038150216,294.07453536987305,178.2831573486328,115.88386771200705,120.88364312027721,-990.0804838939059,1591.6602535328511,1679.032272700217,1849.604736405111,2216.5328505983944,2801.555945237471,2109.7277238864494,2366.516774023992,2415.4044199119126,2763.9932103211654,2052.714763647826,2243.577774314654,2333.7582605244766,2603.2056404590335,1985.361072202787,2214.426721970818,2282.0525522727794,2471.226147650876,1900.086437381226,2167.9234136488058,2250.7799206792356,2430.892454450719
377,15.08,401.93897247314453,167.78786659240723,24.876055348078722,25.94932544373333,359.0403113858607,382.9505157470703,201.44099235534668,14.99706819417236,15.644112293008599,26.327876394912053,349.3320846557617,215.86081981658936,11.382323166759198,11.873410153945162,-560.6533678511919,320.4039001464844,219.79076385498047,47.75167829378877,49.81191041712664,128.57344476510218,299.48974609375,221.92020893096924,99.9115962913582,104.22225274424763,1615.0040590058395,335.43212890625,214.19623374938965,19.222454529351,20.051801679562512,-153.84386361441216,292.03264236450195,219.86480712890625,26.841635649275524,27.999710129241215,-35.15734567314075,277.62182235717773,220.71872234344482,24.53920016131458,25.597936738955124,-217.63758992218928,269.801025390625,220.1225709915161,24.072743054483205,25.111354477364983,-312.64328730131956,330.1267623901367,191.83653831481934,27.855555050045066,29.05737478451446,-96.64866812127082,284.54370498657227,202.4832057952881,15.73900869213417,16.41806359566091,-596.9988688927939,277.7481269836426,209.59240436553955,40.37100573299356,42.11280090825108,-1126.4191151185516,279.14098739624023,211.85452938079834,62.418023753212736,65.11103104021237,-1653.2851579669284,328.02635192871094,171.9974184036255,26.908732707383017,28.069702070197515,-377.7904231196667,286.45423889160156,182.02231407165527,32.56903974100131,33.97422138692906,-394.9721060873827,285.55309295654297,190.84821224212646,62.96157878985805,65.67803759913527,-1268.911592073678,291.53045654296875,194.16471004486084,102.44817541254008,106.86827182598326,-1762.4088383317674,328.99486541748047,156.40806198120117,26.57578085211919,27.72238510500982,-675.8624084158529,295.47279357910156,165.12943267822266,33.489636350430615,34.93453686646201,-845.742772124623,292.4925994873047,173.70032787322998,28.001697505359687,29.209822513104932,-1546.3223044328868,296.6778564453125,178.08252811431885,65.27601354770678,68.09232796428125,-1319.782878899899,1592.6982265506003,1679.6580371919374,1850.079672811269,2218.5253270150797,2805.724835347241,2110.5297959536315,2367.6367624291615,2416.4283373814706,2764.9976645002603,2053.877058639207,2244.2344968584807,2335.4427725608066,2605.810081700642,1986.483860285595,2215.785690826295,2284.679673776745,2475.500878523915,1901.1953327854262,2169.320795123464,2251.94831357976,2433.6161475692907
378,15.12,401.1605453491211,169.4936227798462,46.87451972021762,48.89690709474029,573.6895412751741,382.30106353759766,203.47612380981445,53.40615723721043,55.71035019242319,1001.6559474853649,348.4193801879883,217.81067848205566,53.82249913365488,56.144655037605666,1106.7811220915125,318.6196708679199,221.1965274810791,56.787132625647494,59.237196770153695,235.63215882567636,297.27792739868164,222.42207527160645,56.70103484350221,59.14738432450627,-1126.871710493534,336.0850524902344,216.8672275543213,68.74098628414039,71.70679593089652,1291.37485628335,292.07080841064453,220.67559242248535,20.292077261863607,21.167572970452834,-170.80342896970953,278.10571670532227,220.69032669067383,12.118169551919541,12.64100441509056,-323.9233080966141,270.7938003540039,219.28522109985352,32.46880203537075,33.86965895495403,218.95761193972623,331.07540130615234,194.29872035980225,65.96521912917218,68.81126911796639,993.8473583362982,284.04075622558594,203.04765701293945,18.90044036004508,19.715894303578235,82.4457676979331,279.62390899658203,208.8751459121704,50.20593745388013,52.372057867248515,256.4814239749358,282.90552139282227,209.92431163787842,105.76346470575496,110.3265983012217,1130.3891815252332,328.76270294189453,173.84502410888672,49.723357544080535,51.8686571890954,594.9738779724472,285.38780212402344,182.6335573196411,30.729725912489425,32.05555090395394,-47.96676207437791,286.47619247436523,190.37462711334229,25.93737161425126,27.05643188823503,-965.540142772506,293.823184967041,192.34102249145508,73.23950402189034,76.39940089409846,-761.7217732971199,329.35691833496094,157.55900859832764,30.163724390099073,31.4651294122567,93.56860768117201,294.6432876586914,165.16642570495605,20.758259741943665,21.653868756601195,-332.0167027465204,294.2342185974121,172.76530265808105,49.41855216955258,51.55070107628124,558.5219640794078,300.740966796875,175.74392795562744,117.20152631046932,122.25815171164324,1354.1455936840496,1594.65410283439,1681.8864511996342,1852.325459012773,2220.894814885886,2808.090730720221,2113.3980677908676,2368.4834653479797,2416.9339775580743,2766.3524508584583,2056.629509403925,2245.0231326306234,2337.5376548754966,2610.223145632691,1988.5586065731588,2217.0679128624533,2285.761931052274,2478.5568545596793,1902.4539379619166,2170.1869498737283,2254.010341622811,2438.5064736377562
379,15.16,402.15721130371094,172.22233772277832,72.62587462820834,75.75929664060294,671.5597386465662,383.7144088745117,206.12175464630127,74.98711374440718,78.22241072438189,562.8015132989674,349.84161376953125,220.85543632507324,84.01375885489529,87.63850778477178,787.3463186791528,319.5300483703613,224.43082809448242,83.99958204811404,87.62371932382922,709.6630638418882,297.5746154785156,225.13591289520264,68.25017611681398,71.19480990317489,301.1856394667154,338.0540084838867,219.6194887161255,84.60100918323643,88.25109485590643,413.6074731252478,293.98345947265625,223.22268962860107,79.63172366595283,83.06741097570547,1547.4959501313158,279.91092681884766,224.75292205810547,111.14029611669709,115.93541152286463,2582.3601776943515,273.0969047546387,224.88590240478516,151.39336379039622,157.92518596892103,3101.388175349175,333.55812072753906,197.00430393218994,91.80168228477953,95.76243888177144,673.7792440951264,285.5049705505371,205.7726812362671,77.33725091730783,80.67394387478245,1523.9512392801053,277.98675537109375,212.84653186798096,107.38999721650835,112.02330707903089,1491.2812302945592,279.0378189086914,215.564546585083,170.97399795988713,178.35062084391006,1700.6005635672093,331.18236541748047,176.74612998962402,94.44304443356071,98.51776182403108,1166.227615873392,286.45978927612305,185.29080390930176,71.6332494923349,74.72384498502528,1066.7073520267834,281.728515625,195.01785278320312,166.01953967691054,173.18240391468177,3653.149300661168,284.471435546875,200.09621143341064,303.72497092662354,316.8290955170316,6010.742365573328,331.83380126953125,160.20273685455322,90.56851054702739,94.4760623118859,1575.27332249073,295.7411575317383,167.3320198059082,60.69965026784908,63.31851883594008,1041.616251983472,290.78264236450195,176.37160778045654,124.79687277547751,130.18119716722546,1965.7624022736054,293.1515121459961,182.21014022827148,249.263569155021,260.01797257497,3443.9955215831687,1597.684474700014,1685.0153476286096,1855.830999324164,2224.3997636588388,2810.9385231163483,2116.928111585104,2371.806161787008,2421.5713940189885,2772.669458297215,2060.460006959196,2248.250090385615,2342.0185871586577,2617.3571704664473,1992.49931704612,2220.0568666618547,2292.6892272088617,2491.2300183803604,1906.2329804543922,2172.7196906271656,2259.2175895095,2448.9071925407547
380,15.2,402.8643798828125,173.3227300643921,32.70082858994897,34.11169622702512,-1041.1900103394455,385.1642608642578,207.3003101348877,46.710971889963226,48.72630304142461,-737.402692073932,351.4454650878906,223.53046417236328,77.97480777140575,81.33900793194003,-157.48749632079358,320.1600646972656,227.7116060256958,83.51805346039981,87.12141532674381,-12.557599927135144,297.54064559936523,227.6162338256836,62.01383853056214,64.6894073649411,-162.63506345584454,341.7473602294922,224.58407878875732,154.6932482892384,161.3674430144618,1827.9087039638841,299.25397872924805,230.34949779510498,221.59897319856273,231.15979575800253,3702.3096195574267,284.2663383483887,230.54564952850342,181.1858526795791,189.0030630336995,1826.691287770872,277.7857208251953,229.43952083587646,163.40218205298828,170.45212116544997,313.17337991322347,336.29154205322266,202.5322151184082,154.16994321693116,160.82156009863584,1626.47803042161,289.2745780944824,212.76273250579834,198.54275009749924,207.1088186886406,3160.8718703464538,279.43416595458984,217.6294755935669,124.92884994902695,130.3188684571329,457.38903445255056,279.0906524658203,219.28446292877197,93.00728798326496,97.02006008372919,-2033.2640190045217,332.7466583251953,181.35323524475098,121.63580664463423,126.88374776736511,709.1496485833507,286.53289794921875,190.7017421722412,135.285803402057,141.12266962245837,1659.9706159358273,277.54268646240234,198.9504861831665,143.58527787729608,149.78022248429386,-585.0545357596978,277.7339744567871,204.14824962615967,196.55214870350736,205.03233338264397,-2794.9190533596907,332.30945587158203,162.6979637145996,63.50395845707689,66.24381807766328,-705.8061058555655,295.2876853942871,169.94669437408447,66.34267139684825,69.20500645277892,147.1621904209709,288.2326889038086,178.0319309234619,76.07124781619726,79.35331944201718,-1270.696943130207,289.10594940185547,184.66594219207764,118.31510153561541,123.41977181254184,-3414.955019060703,1599.048942549095,1686.9643997502665,1859.0845596414417,2227.8846202719087,2813.526099410946,2123.3828093056823,2381.052553617328,2429.1315165403366,2779.487543143833,2066.8928693631415,2256.5344431331605,2347.2313418969434,2621.237972869796,1997.5746669568148,2225.7017734467527,2298.6804361082336,2499.431311715666,1908.8827331774987,2175.487890885277,2262.391722287181,2453.843983413257
381,15.24,400.79784393310547,174.74462985992432,62.71149147069324,65.41716033609848,782.6366027268339,384.3284225463867,208.09287071228027,28.796462048948353,30.038876939304995,-467.1856525529903,353.5308074951172,224.35495376586914,56.06043638998525,58.4791474390168,-571.4965123230808,323.93272399902344,229.61743354797363,105.66792545461527,110.22693703717543,577.6380427607904,302.4330139160156,230.13550758361816,137.57272625138663,143.50826108587935,1970.4713430234563,343.45630645751953,227.44525909423828,83.31735244968851,86.91205512992161,-1861.3846971135047,301.02542877197266,232.84564018249512,76.5210839899483,79.82256366525498,-3783.430802318689,285.08092880249023,232.48359203338623,52.554607077691465,54.822060151585696,-3354.525072052845,277.84095764160156,231.0196352005005,39.526988495029244,41.232368794654406,-3230.493809269889,337.6585006713867,206.13035202026367,96.22618220976514,100.37783255543495,-1511.0931885800223,290.3355598449707,216.85978889465332,105.80510776991873,110.3700380431478,-2418.46951613732,279.1485023498535,219.67320442199707,51.589916766914904,53.81574856092224,-1912.5779974052668,277.77334213256836,219.76962089538574,35.09527003975375,36.60944514933357,-1510.2653733598906,333.6637496948242,185.25399684906006,100.17795938322645,104.50010799341688,-559.5909943487059,287.3452377319336,195.32833099365234,117.43407737159298,122.5007361199405,-465.5483375629469,277.45153427124023,201.76377296447754,70.36907717462381,73.40513032427111,-1909.3773040005685,277.36427307128906,206.15612983703613,51.040805095460705,53.242945627815004,-3794.734693870724,333.09574127197266,166.31408214569092,92.5153947950884,96.50694430854118,756.5781557719475,295.7139015197754,173.88985633850098,99.15324775078999,103.43118547881383,855.6544756508729,288.7520980834961,180.61095714569092,65.77025425148729,68.60789253794388,-268.6356726018324,290.1704406738281,186.62436962127686,55.725777605307044,58.130049899446895,-1632.2430478273739,1601.665628962539,1688.1659548278385,1861.4237255390024,2232.2936977533955,2819.266429854381,2126.8592915108793,2384.2454561639383,2431.3243989464,2781.136837895619,2070.907982665359,2260.9492446548866,2349.38397183938,2622.702350675769,2001.7546712765513,2230.60180289155,2301.6166413212045,2501.5610295407787,1912.7430109498403,2179.6251383044296,2265.1360379886987,2456.1691854092346
382,15.28,399.0024948120117,175.69514751434326,50.78608494197866,52.977235648186195,-310.998117197807,382.27100372314453,208.7717056274414,54.1628854490848,56.49972722055796,661.5212570313241,352.18536376953125,225.2090549468994,39.84115057133042,41.56008530138937,-422.9765534406857,323.41278076171875,230.32233238220215,21.897821474344184,22.842596544970966,-2184.6085123051116,302.51142501831055,229.65840339660645,12.087615206979875,12.609131811919948,-3272.478231848985,342.7841567993164,227.89940357208252,20.279798596432634,21.154764545611165,-1643.9322646077612,300.30799865722656,233.46280574798584,23.659027145733358,24.67978891734428,-1378.5693686977672,285.15485763549805,232.47928619384766,1.8513529856615973,1.9312290660211358,-1322.270777139114,278.9209747314453,230.71337699890137,28.06500267683591,29.275858967595884,-298.91274567646303,336.9633483886719,206.72634601593018,22.891667957935354,23.879322242954636,-1912.4627578120076,289.6891784667969,217.4915885925293,22.596732953654946,23.571662354610954,-2169.9593922134213,278.41602325439453,219.17713165283203,22.11636579537145,23.07056989648766,-768.6294666108644,276.86473846435547,218.4808874130249,39.42076399601974,41.121561270859914,112.80290303815868,332.9894256591797,186.00401401519775,25.21456244104221,26.302437325718273,-1954.941766692465,287.4469566345215,195.9678840637207,16.189789694772685,16.888293412150794,-2640.3110676947426,278.5699462890625,201.56943798065186,28.37925659204933,29.603671275605972,-1095.0364762166284,278.9203643798828,205.46072959899902,42.61016348641981,44.44856646474652,-219.8594790767121,332.6560974121094,166.99958324432373,20.359249736641168,21.237643581909264,-1881.7325181657977,296.50978088378906,174.3881320953369,23.474756280859886,24.48756774017242,-1973.5904434660351,290.4642868041992,180.40952682495117,43.099915816451436,44.95944901509424,-591.211088071241,292.1866798400879,185.4008388519287,58.96104603412715,61.50490303361846,84.37132835428915,1603.7847183884662,1690.4259439166608,1863.0861289510578,2233.2074016151946,2819.7707951268576,2127.7054820927033,2385.232647720632,2431.401648109041,2782.307872254323,2071.8631555550774,2261.892111149071,2350.30679463524,2624.347213126604,2002.8067687695802,2231.277334628036,2302.8007881722283,2503.3389721993685,1913.5925166931165,2180.604641014036,2266.934415949302,2458.629381530579
383,15.32,399.6968460083008,174.53973770141602,33.69992043385104,35.15389359484842,-445.5835513334444,382.5928497314453,207.25519180297852,38.7572495867403,40.42941972743276,-401.75768732813,352.9525375366211,223.52548599243164,46.253108093933356,48.24868484650449,167.21498862787794,325.47489166259766,228.81916522979736,63.7956349192106,66.5480788350172,1092.6370572511557,305.1427459716797,227.62664794921875,83.11092045283918,86.69671668524909,1852.1896218332283,341.7694091796875,226.50356769561768,43.142717560215985,45.0040974275119,596.2333220475184,300.53977966308594,232.0262861251831,36.37745748893205,37.94695219910654,331.67908204405654,285.21190643310547,230.35357475280762,53.16192067564064,55.45557611619802,1338.1086762544219,278.66382598876953,227.73244857788086,74.79998214867581,78.02720539096019,1218.7836605841078,336.07051849365234,205.79795837402344,32.201017405178185,33.590320835607336,242.7749648163175,289.4192886352539,215.73914051055908,44.32771989096789,46.24022633549163,566.7140995220168,277.2715950012207,217.3491668701172,53.9164357681648,56.24264454059877,829.3018661027777,274.7698211669922,216.80989265441895,66.99301253713169,69.88340637039155,719.0461274882911,332.49881744384766,185.0398063659668,27.046173617847142,28.21307282834274,47.76588756561164,287.60982513427734,193.85529041290283,52.97156124804555,55.257003687055665,959.2177568726217,278.8262939453125,198.8755989074707,67.65021744727783,70.56896619319997,1024.1323729398498,279.13339614868164,202.36933708190918,77.46809919749482,80.81043756555515,909.0467775202158,332.76912689208984,165.80300331115723,30.047662136610253,31.344059686957706,252.66040262621107,295.8329772949219,173.31526279449463,31.712691018278854,33.080925750289204,214.8339502529196,290.2908706665039,178.7732219696045,41.1367136543219,42.911545072764625,-51.197598558240465,292.57211685180664,182.90907382965088,63.0349834231453,65.75460925374833,106.24265550324665,1605.1908741322602,1692.0431207057584,1865.016076344918,2235.869324768595,2823.2386637942677,2129.5056459898037,2386.750525808596,2433.619871153689,2785.428960469961,2073.2067683885016,2263.7417202024903,2352.556500416864,2627.1425493814195,2003.935291682714,2233.4876147755185,2305.6235468199566,2506.5713897019905,1914.8462790805947,2181.927878044048,2268.6508777522126,2461.259565900729
384,15.36,402.46288299560547,173.75895023345947,71.85310399199703,74.95318504244891,994.9822861900122,386.9443893432617,206.4901828765869,110.45682315577577,115.22245032195183,1869.8257648629767,359.00665283203125,222.11287021636963,155.4183775750524,162.12385779015986,2846.8793235913845,332.55306243896484,226.24435901641846,188.2985139609994,196.42259799533366,3246.862979007912,312.8119659423828,224.74379539489746,204.828852046331,213.66613265824955,3174.2353993250117,345.15079498291016,226.36605262756348,84.60452242706089,88.25475967760298,1081.2665562522768,301.868839263916,231.52434825897217,35.51708254571837,37.04945663187587,-22.437389180766765,284.3109321594238,229.62491512298584,28.968727728882154,30.218574971361893,-630.9250286209032,275.9783935546875,227.0863437652588,69.05160564259685,72.03081687026676,-149.90971301733572,339.2825698852539,205.07600784301758,82.30464260716546,85.85565221892985,1306.6332845830627,290.9904670715332,213.2076644897461,74.4856216098962,77.69928185914148,786.4763880912462,273.8738441467285,213.6442995071411,125.67505979322151,131.09727330570618,1871.3657191276852,266.63829803466797,212.80179977416992,226.64189400382654,236.42029189903846,4163.422138216172,335.78208923339844,183.5121202468872,90.53210246401704,94.43808341283628,1655.6252646123382,289.80932235717773,191.36069297790527,83.14446913446396,86.73171281488091,786.8677281956311,275.2114677429199,196.0420274734497,114.82621528097295,119.780358586004,1230.2848098201007,270.2364158630371,200.01704692840576,230.06728250858566,239.99346778393945,3979.575755459608,336.2096405029297,163.55941772460938,102.68522955657828,107.11555360138371,1894.28734786065,298.8544464111328,171.1344337463379,93.15743045210057,97.17668040524819,1602.3938663739748,291.4001655578613,175.8537769317627,78.07726335564489,81.44588393224426,963.3584714869908,291.5987205505371,180.2072811126709,71.79477803456211,74.89234262872543,228.44333437442756,1608.1890015339582,1696.6520187186366,1871.5010306565246,2243.7262286884084,2831.785309100598,2133.0358363769083,2388.232504073871,2434.828614152543,2788.310193144772,2076.640994477259,2266.849691476856,2357.800391349092,2636.599361057381,2007.7128150192275,2236.9568832881137,2310.4147611633966,2516.1711284133485,1919.1309012246502,2185.814945260258,2271.9087131095025,2464.2552596058777
385,15.4,408.9513397216797,175.2256965637207,166.30434353067974,173.47949554700352,2463.1577626138655,393.4110641479492,208.68138313293457,170.69571170836088,178.0603280138642,1570.9469422978093,362.1963119506836,224.92486953735352,106.30517824410026,110.89168391094174,-1280.8043469804531,331.4854431152344,227.76881217956543,46.52800545794646,48.53544257648162,-3697.1788854713013,308.8386535644531,225.83378791809082,103.00271523492322,107.44673710599565,-2655.4848888063475,354.40948486328125,229.97737884521484,248.45147331921558,259.170839103045,4272.901985636051,306.7970657348633,233.91162872314453,136.8998816735344,142.80638682649897,2643.9232548655773,289.65063095092773,232.32439041137695,149.58181293322093,156.03547628251985,3145.422532778949,282.1519088745117,230.70427894592285,178.8884889665749,186.6065802386098,2864.3940842085763,349.5785140991211,205.94611644744873,258.31612928562254,269.46110275139836,4590.136263311713,298.1052780151367,215.97676277160645,190.86716594568836,199.10207371484452,3035.069796392576,274.84619140625,219.05150413513184,137.3483734024161,143.27422859918872,304.4238823370634,261.40342712402344,221.22442245483398,247.92192101540377,258.61843942074756,554.9536880427275,345.0880813598633,183.3193588256836,232.69970780940255,242.73946830055635,3707.5346221930017,295.8573913574219,192.8593111038208,155.77426560378308,162.49510050327652,1894.0846922098904,274.6810531616211,198.29602718353271,57.88919545729526,60.38680777872057,-1484.8387701820857,262.7548599243164,203.61788749694824,207.57488417476648,216.53064153566783,-586.5706562067907,343.21990966796875,163.64041328430176,175.26842636187243,182.83033109694802,1892.8694373891076,305.8487319946289,173.65028858184814,185.82511330694382,193.84248319711713,2416.6450697967234,293.22038650512695,178.82609367370605,87.13449055662946,90.89388253843545,236.1999651547798,286.9221496582031,183.40903759002686,141.68971348362834,147.80287452206414,1822.7632973334678,1615.1281813558383,1703.7744318391913,1875.9366980129623,2245.6676463914678,2836.083178584838,2143.40266994103,2393.9447595469314,2441.070033203844,2795.774456354316,2087.4194385873147,2274.8137744254495,2363.5313604930598,2646.944098634211,2017.4223937512497,2243.4566873082445,2312.8302334745454,2524.832354074775,1926.4441144685281,2193.5686445881424,2275.54446841104,2470.1673745867606
386,15.44,419.8352813720703,179.24294471740723,290.04145024613035,302.5552033590614,3226.892695301447,406.1763381958008,215.7983922958374,365.3799742576174,381.1441858431989,5077.096445733368,371.34998321533203,237.18412399291992,382.49102720486735,398.993490140049,7202.545155727683,336.08482360839844,243.15353393554688,401.43801236139416,418.7579374016713,9255.562370629743,310.55973052978516,244.81078147888184,476.3719597954025,496.92488797082046,9736.95377162062,367.28538513183594,235.37489891052246,349.0362002904973,364.0952645525341,2623.1106362372275,318.2608413696289,242.25419998168945,354.4508490328259,369.74352672320975,5673.42849741777,298.1509017944336,242.12891578674316,324.4064987106799,338.4029217379778,4559.186136386449,285.9374237060547,240.7536220550537,268.4671994220938,280.0501378249917,2336.0889396595467,362.0594787597656,209.6868896484375,325.7374930460621,339.7913414327132,1758.2559670328706,311.34960174560547,220.9601354598999,353.7708601869708,369.03419995848355,4248.303156090976,288.2265853881836,224.70532894134521,363.1465596449305,378.81441121356187,5888.504565359329,273.9031982421875,226.64677619934082,340.63011293140227,355.32649902530767,2417.701490114003,356.5453338623047,186.8301773071289,299.5772868918364,312.50246087377894,1744.0748143305648,310.0567054748535,201.11670970916748,410.6436663436704,428.3607666190028,6646.641652893158,300.375919342041,208.56036186218262,691.7291352224793,721.5735854272681,16529.669441213686,298.54894638061523,213.4125280380249,927.7498344684229,967.7773283636868,18781.16717070047,351.53934478759766,168.96974086761475,247.0004215583137,257.65718214045694,1870.671276087723,316.2818908691406,184.9149227142334,383.8479404638163,400.4089470226895,5164.16159563931,312.57699966430664,192.81005859375,596.9870956934224,622.7439284522355,13296.251147845001,314.74082946777344,196.8234157562256,772.1012271446278,805.4133076299511,16440.260827697173,1627.2303894902009,1719.0201992729192,1891.8964376185643,2262.4179638875344,2855.960174103671,2157.9664805231314,2408.7345006158594,2454.6061500733636,2806.9764618673157,2101.0110922446233,2289.575142423789,2378.683936941602,2661.1571585952233,2029.922492186201,2260.5911179730047,2341.693176891636,2563.5434472093225,1936.7504017541464,2209.5850024690503,2300.454225549129,2502.3839068919583
387,15.48,424.3021774291992,185.27606964111328,187.6695179201942,195.76646410524188,-2669.7184813454883,417.62996673583984,224.97828483581543,366.96051710192677,382.7929207439241,41.218372518130764,386.69193267822266,251.88992500305176,531.2932315771375,554.2157218794224,3880.555793484335,352.82615661621094,263.2738494873047,654.3600541658906,682.592226353167,6595.857223787392,327.8980255126953,267.79077529907227,719.6772665969786,750.7275307145426,6345.0660685930525,380.7232666015625,249.2032241821289,482.052407817196,502.8504172527415,3468.8788175051855,332.5834274291992,266.2869358062744,699.4233618882447,729.5997772408034,8996.406262939841,319.43992614746094,270.57947158813477,888.3470195086661,926.6744905349833,14706.789219925138,316.1380386352539,272.41318702697754,1093.8479088501167,1141.0416553399043,21524.787937872818,371.47029876708984,225.10093688964844,451.49500659235997,470.9746259344348,3279.5821125430407,323.09814453125,246.3618564605713,699.6765714341118,729.8639114380958,9020.742786990306,312.9123115539551,253.5710334777832,949.5439611717536,990.5117562572301,15292.433626091708,311.81135177612305,257.68335342407227,1224.8207088639415,1277.6652383107564,23058.46848213622,363.1494903564453,203.50966930389404,448.48379030716654,467.83349160776635,3883.275768349685,319.5379066467285,225.73548316955566,659.5344865677408,687.9899081199661,6490.728537524084,319.07676696777344,232.13772296905518,752.3353884259038,784.7946776098933,1580.5273045656293,326.16302490234375,234.1016435623169,862.6184099087817,899.8358276368591,-1698.5375181706927,356.16405487060547,186.48550987243652,452.9004493140224,472.4407060691923,5369.5880982183835,323.9236831665039,207.31832027435303,591.7712880374557,617.3030863081435,5422.35348213635,327.16861724853516,212.88280963897705,620.3983791927724,647.1652848963978,610.5339111040564,336.57543182373047,212.5301742553711,672.4266328907396,701.438282306413,-2599.3756330884507,1635.0610480544105,1734.3319161026761,1914.0650664937411,2289.7216529416614,2885.989275332253,2178.080497213241,2437.9184917054918,2491.673129694763,2852.618128080912,2119.8500772820007,2318.7696988813127,2418.304407191891,2712.2637681276537,2048.6358318505117,2288.1107142978035,2373.0849639960315,2599.5368803147967,1955.6480299969144,2234.277125921376,2326.3408369449853,2530.441438184215
388,15.52,426.52164459228516,203.5151767730713,459.34128342868485,479.159428078443,7084.824099330028,423.59859466552734,245.66216468811035,538.195715508783,561.4160114513077,4465.577267684588,393.54209899902344,277.1419143676758,654.1156938444252,682.337323177462,3203.040032450991,359.0595245361328,292.51842498779297,747.5376544984501,779.7899468624377,2429.9430127317664,332.8402328491211,296.7301368713379,733.9584719036158,765.6248944261617,372.4340927904791,392.06180572509766,276.4903450012207,738.7275512882145,770.599734338934,6693.732927154812,339.42169189453125,298.43313217163086,821.6370098992463,857.0862971704307,3187.162998240683,330.22254943847656,299.62002754211426,774.4428865126879,807.8559972031132,-2970.4623332967512,332.1683120727539,296.8853187561035,731.3749456711279,762.929902713803,-9452.793815652532,380.45936584472656,251.22573852539062,690.7009969195833,720.5010883995159,6238.1615616270265,329.3373489379883,277.0305633544922,782.4230210435616,816.1804322925539,2157.9130213614517,317.1102523803711,283.3655548095703,752.2201342411373,784.674450817204,-5145.932636000652,316.3148880004883,285.53083419799805,705.2322418795527,735.6592796518111,-13550.148966473635,369.43363189697266,228.62174034118652,647.1604064504628,675.0819519533999,5181.2115086408385,324.84405517578125,255.43218612670898,754.1756172875814,786.714302604871,2468.109862122623,314.5559310913086,265.5508518218994,842.9394761631405,879.3078520794021,2362.8293617377212,315.2645492553711,272.0781898498535,987.7356805330905,1030.3512461239225,3262.885462176584,359.39823150634766,210.98722457885742,617.8561331663418,644.5133544124523,4301.816208581499,328.1787872314453,235.6973934173584,717.4075302171047,748.35986722575,3276.419522940162,325.7009506225586,244.8042869567871,798.8799813944471,833.3474233602406,4654.553461596069,330.8217239379883,250.07357597351074,949.5433662437642,990.5111356612475,7226.821333870862,1654.2274251775482,1756.7885565607285,1941.3585594208396,2320.913250816159,2916.6142711092994,2208.904486586798,2472.201943592309,2523.9873695828874,2883.135324189464,2148.670120817981,2351.416916173015,2449.6913852245793,2741.690139313726,2075.6391099286475,2319.579286401998,2408.257278079208,2640.750930159754,1981.4285641734125,2264.211520610406,2359.674733879395,2570.0618836106646
389,15.56,422.81105041503906,226.03134155273438,570.4965959216765,595.1105038547433,2898.7768944075087,417.5576400756836,268.13939094543457,581.8713520720772,606.9760205156335,1139.0002266081467,390.47210693359375,300.6543445587158,592.8001480106577,618.376336142455,-1599.0246758751766,358.5335922241211,315.1534080505371,566.0273088859826,590.4483907436453,-4733.538902969809,332.80357360839844,319.6980857849121,574.1994542385106,598.9731209051988,-4166.294338024073,392.2489547729492,308.5495662689209,801.494187852239,836.0744189872055,1636.867116206787,341.0049057006836,327.65868186950684,731.7100352509054,763.2794496350002,-2345.1711883857624,322.5008010864258,328.679895401001,751.7069398992686,784.1391148563093,-592.9220586700978,314.7257995605469,326.9856834411621,869.7245242431728,907.2485331853591,3607.965761788901,379.9563217163086,282.66002655029297,785.9578221140649,819.8677413161863,2484.1663229167607,327.8739929199219,307.2022533416748,755.1789057560578,787.7608776594024,-710.4888658287877,311.9115447998047,312.9608917236328,751.2117409413894,783.6225506849565,-26.297503306187764,306.87211990356445,315.24991035461426,779.5789556449032,813.213660528286,1938.8595219118743,367.42103576660156,258.40527534484863,746.2864314802121,778.4847401948758,2585.0697060368984,320.44898986816406,283.1872272491455,702.5217553421222,732.831849969473,-1347.0613158849517,307.17004776000977,293.2067012786865,715.6279068762052,746.5034625589293,-3320.10973801182,303.27518463134766,300.8943843841553,780.2715599097965,813.9361470005964,-5410.377478083152,355.8708953857422,236.99143409729004,656.0587877556542,684.3642513043168,996.2724222966131,321.70360565185547,261.4170742034912,663.0563495233781,691.6637208175697,-1417.4036602045078,316.1058807373047,269.55885887145996,663.727257982155,692.3635754245865,-3524.5961983913503,317.23915100097656,274.48740005493164,698.4451901669746,728.5794025881535,-6548.293326827351,1678.031845331738,1781.0675973813538,1966.0936128665378,2344.5311864459045,2940.573195945507,2242.3474633462865,2502.733121577709,2555.35293417714,2919.425265516878,2181.4648304706284,2382.9273512793907,2481.0362872519777,2774.2186857348574,2106.7784995364427,2348.8925604007773,2438.117416581565,2673.3083760397776,2008.8031342255852,2291.878069443109,2387.3692768963783,2599.205059714191
390,15.6,413.3509063720703,243.26931953430176,491.58049328589044,512.7895891681937,-2058.02286716374,409.13883209228516,284.4053077697754,457.88670678298456,477.642094150938,-3233.3481591173877,384.32315826416016,317.65082359313965,451.8641038153354,471.35964774859906,-3675.4172098463982,353.5457229614258,332.2097682952881,444.267841918351,463.4356473649971,-3175.3185844662044,328.8736343383789,336.4325523376465,429.7432325460658,448.28437799086635,-3767.2185728583117,383.71761322021484,330.42125701904297,586.9170751469003,612.2394398293251,-5595.87447894701,331.3512420654297,350.32628059387207,615.940973993992,642.5155662605741,-3019.097084360652,319.9484634399414,346.7564392089844,456.39611598889917,476.08719225520235,-7701.298065027675,321.6036605834961,341.6675090789795,405.3246972415108,422.81231215844616,-12110.905525672822,371.3002014160156,306.41321182250977,632.0315603420257,659.3003762267518,-4014.184127235862,317.0538330078125,332.1600151062012,680.0577791714067,709.3986721501773,-1959.055137730627,305.88809967041016,332.4374771118164,509.668562407248,531.6580627147885,-6299.112199254202,307.44592666625977,329.3324661254883,352.35602666256835,367.5583238575623,-11141.383416768093,358.1880569458008,282.23899841308594,638.9905384661336,666.5595974164265,-2798.1285694612325,308.8511276245117,307.95424461364746,683.7011215419159,713.1992054562986,-490.81611282935853,298.98454666137695,313.1564998626709,539.0946645634605,562.3537453987024,-4603.742929005673,300.42383193969727,315.90402603149414,381.9518576942251,398.4310583193594,-10387.627217030926,346.2203598022461,259.22078132629395,605.8448209298049,631.9838176402058,-1309.5108416027756,310.1116180419922,284.39372062683105,643.3799701626557,671.1384098532179,-513.1327741087944,303.97287368774414,292.3649311065674,645.8167265455539,673.6802993739695,-467.0819012654249,305.2462387084961,297.18661308288574,641.8158893637111,669.5068472479658,-1476.8138835046925,1698.5434288984657,1800.1732811473912,1984.9479987764819,2363.0686123405044,2958.504571065142,2266.8370409394593,2528.433744228132,2574.396421867348,2936.337758003216,2207.8368455196987,2411.303298165398,2502.3026097605693,2788.92101868916,2133.4408834330998,2377.420528619029,2460.611566397513,2689.245618372552,2034.0824869311932,2318.7236058372373,2414.316488871337,2625.9853336041097
391,15.64,406.3634490966797,257.2019863128662,389.6663338180524,406.4783732478723,-2657.780398008036,400.83839416503906,300.44108390808105,451.41678783436845,470.8930324511222,-168.72654249539494,377.3668670654297,331.65947914123535,391.0182360730823,407.88860292830253,-1586.7761205074132,347.4237060546875,343.1882858276367,314.25202685750065,327.8103381816091,-3390.6327295847004,323.3576965332031,344.2561912536621,239.31529380552755,249.6404818098269,-4966.097404525986,376.8851852416992,347.97165870666504,470.83613887854517,491.1502256877647,-3027.2303535390092,325.4184341430664,366.037015914917,419.8403075661514,437.954194223667,-5114.034300922678,306.41944885253906,363.6096668243408,540.2924652220537,563.6032248146159,2187.9008139853395,300.3565979003906,358.08640480041504,671.2943697492123,700.2571680044742,6936.121396150702,363.64307403564453,325.3165340423584,509.88184333888313,531.8805455895249,-3185.4957659306733,309.94686126708984,353.5796928405762,564.1983480833173,588.5405199647737,-3021.4538046350895,295.72998046875,352.4761962890625,561.6591782275902,585.8917983720124,1355.8433914305992,294.53474044799805,346.36176109313965,534.2609478627389,557.3114794118035,4743.828888856029,349.86324310302734,301.47345542907715,523.9673547899035,546.5737722916513,-2999.6456281193814,301.14057540893555,327.9425239562988,535.5977540030566,558.7059616600897,-3862.331094905224,290.92443466186523,331.24500274658203,495.0753364551792,516.4352163187093,-1147.9632269998262,292.5144577026367,331.1565399169922,429.53272623368576,448.06478944551714,1240.8432781539432,337.97412872314453,278.05973052978516,514.1171644805677,536.2985984168911,-2392.1304805828668,300.50270080566406,302.7514171600342,518.0108061492189,540.3602301107969,-3269.454493560525,292.62840270996094,311.5954113006592,558.1825363742594,582.2651578278815,-2285.378538652202,293.50624084472656,316.22880935668945,559.2588783221154,583.3879382326861,-2152.9727253819915,1714.8025638283807,1819.0090024454362,2001.263542893614,2376.1810258677688,2968.490190337535,2286.48304996697,2545.9519119970787,2596.9405508599325,2964.348044723395,2229.1120673432797,2434.8449189639887,2525.7382816954496,2811.2134778656323,2155.303834324766,2399.768767085433,2481.2689750502614,2707.168209950373,2055.534430867869,2340.338015041669,2437.607095184452,2649.320851133417
392,15.68,399.1123580932617,263.2096481323242,235.4122995894948,245.56909405563195,-4022.731979806009,396.1790084838867,306.8632221221924,198.35847310941327,206.91659112407203,-6599.411033176256,375.025634765625,336.86253547668457,142.63845009215387,148.79254409268256,-6477.401470890499,347.75856018066406,350.45379638671875,181.83057184130234,189.67559841413953,-3453.368494186739,324.8682403564453,353.60501289367676,236.7517274207589,246.96631110694995,-66.85426757192374,370.54656982421875,358.7992000579834,313.6615384507141,327.1943733260863,-4098.89630904196,323.0568313598633,373.08420181274414,185.80903635212178,193.82571260680513,-6103.212040421547,306.79189682006836,367.47974395751953,97.19894066188894,101.39256038503241,-11555.266610739587,301.93777084350586,361.61816596984863,96.73883925923522,100.91260804260841,-14983.613999046645,354.91710662841797,339.1560173034668,409.0184929548417,426.6654756020342,-2630.376749687268,303.37488174438477,361.2975025177002,253.4209702490651,264.3547435171449,-8104.644411190719,289.9204635620117,357.46667861938477,191.46703466089255,199.72782358943428,-9654.099369564454,287.6688766479492,352.4787139892578,229.8874703715784,239.8058977051369,-7937.639542666665,339.81143951416016,316.85574531555176,459.383824772857,479.2038048564044,-1684.2491858811713,293.5843086242676,338.959379196167,333.9800397266346,348.3895103669151,-5257.911282329364,284.6781921386719,338.2704162597656,235.0159312283047,245.15562449801115,-6781.989795517454,285.77110290527344,336.62684440612793,217.07870854683824,226.44450561661515,-5540.50709572255,327.94666290283203,293.664493560791,463.7204842570728,483.7275682393019,-1314.2757544397298,292.38542556762695,315.96839904785156,387.7650444477809,404.49505330660605,-3396.6294201047717,287.40503311157227,318.93845558166504,225.2830015699474,235.00277045054722,-8681.559684433356,289.8189353942871,319.02809143066406,115.73731467885608,120.73076709959034,-11566.429278327394,1724.6253275906058,1827.285666090399,2007.2152446573214,2383.7680498043346,2978.368842781813,2299.5708249000136,2553.7049405013513,2600.996253275334,2968.3845490450994,2246.178686367361,2445.4191087046747,2533.727394639027,2820.805713773838,2174.471986519022,2413.704347500109,2491.075200030182,2716.225990175037,2074.883533597441,2356.5178171739335,2447.007206002474,2654.150081817401
393,15.72,393.78082275390625,270.25609016418457,220.90384557421766,230.43467705663844,-378.3604249748379,389.7772216796875,313.53137969970703,231.09413634516085,241.06462492744907,853.7008450844262,369.4667053222656,342.8427028656006,204.12021359315196,212.926920207313,1603.359402865761,343.14762115478516,356.27320289611816,185.61763591792234,193.62605425713448,98.76139607487389,320.92864990234375,358.2831001281738,152.89880869306302,159.49558284938652,-2186.7682064390856,363.76548767089844,366.64615631103516,259.27518875630403,270.461540561026,-1418.3208191265066,316.98930740356445,378.6788749694824,206.32985528485096,215.23189624027424,535.1545908367278,298.45630645751953,372.4269104003906,242.327931873431,252.78309926160242,3784.7634719142507,290.6143379211426,365.9952449798584,303.49933464417256,316.59372422350026,5392.027904522296,348.5634994506836,348.36968421936035,279.79901514970214,291.87086141117055,-3369.865354771591,299.64351654052734,365.53138732910156,141.08700082035625,147.17415799810308,-2929.514637976046,284.91174697875977,360.3489875793457,144.47090267596755,150.70405730457384,-1225.594157121511,280.7131576538086,354.7276210784912,182.75600164812116,190.64095561794264,-1229.123552179857,333.91639709472656,326.17255210876465,275.6292958270439,287.52124077402885,-4792.064102059389,289.9919891357422,344.89139556884766,173.3738330050681,180.85399606668173,-4188.387857505834,279.51831817626953,342.95671463012695,174.25859326717742,181.7769290502237,-1584.4673861946858,278.935604095459,339.99011993408203,190.45285876022862,198.6698913676541,-694.3653562240264,321.7629623413086,302.6605796813965,272.9099188880092,284.68453711632276,-4976.075778074478,288.2620429992676,322.9528999328613,202.77070858754502,211.51919120492732,-4824.396552541968,280.95911026000977,325.4585838317871,229.21332013859862,239.1026614585223,102.49727519937721,280.70430755615234,325.6866931915283,282.193880644901,294.36905267418695,4340.957139364915,1733.8427146728716,1836.928251087497,2015.7323214656137,2391.51309197462,2984.7486660957884,2310.3892865224543,2562.314216350962,2611.1075772457975,2981.048298014039,2257.853520823808,2451.3060750245986,2539.75555693121,2828.4313519985553,2185.972836149983,2420.9385073427766,2498.346277192191,2724.1727858297436,2086.270915082094,2364.9785848221304,2456.571312460815,2665.924843924368
394,15.76,389.17091369628906,273.51905822753906,141.19627761995966,147.28814951310338,-2078.663188588376,384.83020782470703,317.27368354797363,155.07615906007226,161.76687435794634,-1982.4437642375685,364.2652130126953,346.1161136627197,153.64476173387607,160.27371981487192,-1316.330009811027,337.97080993652344,358.5765552520752,141.6527586768371,147.76432531099678,-1146.5432236534425,315.26262283325195,358.3460998535156,141.6594325157041,147.77128709067992,-293.1073939676651,358.38985443115234,370.99974632263184,172.93636603773052,180.3976547156322,-2251.597146134846,313.0218315124512,381.4144992828369,120.47952453213098,125.67757820300804,-2238.857950931655,296.16893768310547,373.4220600128174,62.361740380609255,65.05231933804245,-4693.269498088999,290.313720703125,366.48731231689453,14.415724399645583,15.037686591353483,-7538.90094080367,343.19347381591797,354.4130229949951,202.1124669508456,210.83254992630322,-2025.9577871216834,296.3302993774414,368.8078022003174,116.4911541118343,121.51713071331264,-641.4256821197612,283.11962127685547,361.8907928466797,59.10201992003312,61.65195919639244,-2226.302452704535,280.5574035644531,355.98426818847656,31.656568190755134,33.02238151986933,-3940.464352451833,328.59352111816406,332.86725997924805,213.8225346709546,223.04784507601164,-1611.8348924504303,285.49713134765625,349.7409152984619,165.30575485867612,172.4378230602823,-210.40432515998546,276.06924057006836,345.3941345214844,105.58513170773394,110.14057117842219,-1790.908946795038,276.7207336425781,341.30945205688477,64.45099094129503,67.23171000003198,-3285.954534190553,316.6983413696289,309.11879539489746,205.1812244530561,214.03370806888265,-1766.2707261860028,283.1401252746582,328.50385665893555,188.82392882063485,196.97068172464193,-363.7127370071347,277.74932861328125,327.19651222229004,91.25203186159516,95.18907395264901,-3597.8396876468323,279.8670959472656,324.41285133361816,38.108368151059416,39.75254249294869,-6365.412754530957,1739.7342406533955,1843.398926061815,2022.1432702582088,2397.42366498706,2990.6595175794155,2317.60519271108,2567.3413194790824,2613.7096700193197,2981.6498054776935,2266.28682282086,2456.166760253131,2542.221635299066,2829.75224725935,2194.8947499530236,2427.836020265188,2502.7519000393277,2726.862054229745,2094.832263404849,2372.857412091116,2460.378875418921,2667.514945624086
395,15.8,386.8682098388672,276.771240234375,99.62157415870385,103.91971769193218,-1084.21079552928,380.6175994873047,319.4414234161377,118.44082156392408,123.55091599451637,-955.3989590857491,360.20923614501953,347.905912399292,110.83300464143318,115.61486204722905,-1116.471444191072,335.54943084716797,360.1607894897461,72.33980065538184,75.46088009031055,-1807.5861305171557,314.3417739868164,359.6554756164551,40.018960245074396,41.74556652123973,-2650.6430142360045,353.2733154296875,373.6701965332031,144.28763737897623,150.5128850802148,-747.1192408854349,309.28489685058594,380.8073902130127,94.6482372052983,98.7318075775887,-673.6442656354835,292.1275329589844,371.52626037597656,111.5991946856979,116.41410913573134,1284.0447449422222,285.92748641967773,363.32322120666504,135.20938332619858,141.0429524248908,3150.1316458384335,338.8938903808594,358.1195640563965,141.9173711065805,148.04035436623843,-1569.8048890016196,292.3170852661133,371.370792388916,119.04517580055494,124.18134491703623,66.60535509308971,278.4827995300293,363.215274810791,120.55695849135046,125.75835302763626,1602.6598457810956,276.422061920166,355.17974853515625,105.3218353059856,109.86591493081664,1921.0883352736828,325.42945861816406,336.7085838317871,124.41628823226833,129.78419241577268,-2331.591316505974,281.6757583618164,351.985502243042,110.79559458944502,115.57583794954458,-1421.5496277684433,271.6445541381836,345.75416564941406,110.98274762768159,115.77106565060207,140.7623618044969,272.93975830078125,339.99258041381836,100.09347337485475,104.41197686104873,929.5066715254187,314.7798538208008,312.3013687133789,92.9023930077912,96.9106394453726,-2928.076715587751,281.0812187194824,330.2406978607178,67.3410794164404,70.24649049289346,-3168.104780793712,275.462646484375,327.7892875671387,59.05663472527682,61.604615870749406,-839.6114520474902,278.26818466186523,324.26891326904297,40.13442619041649,41.866014210852285,52.83679294758983,1743.891029361073,1848.3409627015956,2026.767864740098,2400.442100190672,2992.329340240265,2323.6257081142885,2571.290591782186,2618.3662343847486,2987.291523574689,2272.2084369955096,2461.134014049813,2547.251969420171,2834.1468838565834,2200.086117649654,2432.4590537831696,2507.382742665352,2731.038533304187,2098.708688982664,2375.6672717108318,2462.843060053751,2669.1895861925204
396,15.84,383.9936828613281,281.28018379211426,133.68217287534597,139.449850928061,888.2533309032208,376.5376281738281,322.00098037719727,120.40945186036105,125.60448226641252,51.33915679740362,355.8563995361328,349.3050956726074,114.30469253269446,119.23633489205311,90.53682112060137,330.15384674072266,360.7222652435303,135.61799030690207,141.46918863366636,1650.2077135838952,309.1693687438965,359.24351692199707,129.71961581360065,135.3163305066838,2339.269099636102,350.7912826538086,374.4279384613037,64.87805643156022,67.6772011053384,-2070.8920993719103,304.5084762573242,379.3839740753174,124.60012837269187,129.9759642850148,781.1039176856528,287.73426055908203,368.25671195983887,136.909617141228,142.81654232808447,660.0608298088282,282.9342842102051,357.99656867980957,152.75079093217437,159.3411789057143,457.45566202058683,336.468505859375,359.59545135498047,70.97857685235701,74.04092668643715,-1849.985691995032,286.9618797302246,375.55827140808105,169.95074078163074,177.28321553548514,1327.5467654612228,274.2460632324219,364.740514755249,112.57300782057646,117.42993715206102,-208.21039688938114,274.88807678222656,353.9821529388428,48.652759529448545,50.75186853782534,-1477.8511598247826,322.9249954223633,338.88885498046875,83.01324510618103,86.59482716447113,-1079.7341312825388,277.89051055908203,355.8314609527588,134.90621586159378,140.72670488914196,628.7716734899344,268.6724662780762,347.9505157470703,92.38932568102948,96.37543597961431,-484.890741774694,271.95003509521484,341.26121520996094,40.22581781036561,41.961348895379466,-1561.2656991417316,312.61560440063477,314.7249698638916,81.23199065583474,84.73672101446594,-304.34796077266634,278.11817169189453,333.04490089416504,101.99020277853982,106.39054009731052,903.6012401104266,272.3729705810547,330.41796684265137,101.41514901959955,105.79067581297832,1104.6514985557228,275.7745170593262,327.15142250061035,95.28653361711224,99.39764310046256,1438.2907222402569,1749.4690233981953,1853.3651419922521,2031.5373181357802,2406.1008677360187,2997.7419934605323,2326.332796158502,2576.4896303535866,2624.078896077872,2993.6651707309175,2275.170074062967,2468.2253426712323,2551.9491669062536,2836.1769585980965,2203.5499107362334,2438.088121978735,2511.2377601045364,2732.716987260002,2102.0981578232427,2379.922893314724,2467.07468708627,2673.1654919165385
397,15.88,382.1381378173828,284.1086196899414,84.56911758373768,88.21782730272187,-1280.8005906334784,374.13246154785156,323.9058494567871,76.70296893328567,80.01229598100741,-1139.8046571351276,355.11043548583984,350.76172828674316,40.913330169498366,42.67852377315215,-1913.9452779725239,330.8293151855469,361.5890121459961,27.471665094321988,28.6569220094965,-2820.3066656042465,310.5402946472168,360.0194263458252,39.38173169741832,41.080844935208916,-2355.8871392868723,350.2008056640625,375.2628421783447,25.565202083942552,26.668205212940716,-1025.224897309942,305.4526138305664,379.89895820617676,26.88638610250354,28.046391327619318,-2548.239323934887,290.85426330566406,367.8361129760742,78.7056249729938,82.10135602686624,-1517.8796575304557,290.04459381103516,356.9322967529297,179.73796439887323,187.4927060387306,703.7881783254079,335.4216766357422,361.9770812988281,65.03851076902181,67.84457819802407,-154.908712210327,286.57052993774414,380.76762199401855,130.60074700035668,136.2354778394831,-1026.1934424000508,275.2690887451172,369.5851993560791,123.78799942125247,129.1287962686916,292.4714779157643,278.9655113220215,358.2012176513672,146.68414083239654,153.01278497067867,2556.522910821333,321.9270706176758,342.2502136230469,87.65909051492193,91.44111620772183,121.15722608126767,277.3928642272949,361.8289089202881,150.45147472433277,156.94265937597137,405.39886217073547,269.8490524291992,351.6010093688965,95.88553936206996,100.02249277220821,91.17641981484752,275.9403610229492,343.37056159973145,112.83849963993637,117.70688353792566,1893.6383660636552,312.37308502197266,318.30671310424805,89.74860823734868,93.6207855580671,222.10161359002888,277.7517890930176,338.1332302093506,127.53757149497274,133.04014252734254,666.2400607508005,274.1671371459961,333.26236724853516,84.07454776768617,87.70191941733604,-452.21890989105697,280.49171447753906,328.0594539642334,120.09494322546375,125.27640424891267,646.9690287112528,1752.9977364903043,1856.5656338314925,2033.2444590867062,2407.2471446163986,2999.3852272579406,2327.3995243670197,2577.611486006691,2627.3629503189463,3001.164878972467,2277.883857190888,2473.6747617848114,2557.1143187570015,2842.2974699969236,2207.207555384542,2444.3658283537743,2515.238659815425,2737.4252626015195,2105.842989245565,2385.244499015818,2470.582763862963,2678.176548086495
398,15.92,382.00672149658203,283.04454803466797,26.803902898285713,27.960349409801523,-1506.4369473230088,375.37166595458984,323.6227226257324,31.778416064825404,33.14948648464907,-1171.5702374089585,356.48109436035156,350.99535942077637,34.760693112582025,36.2604329989882,-160.45226935409875,333.44905853271484,361.63135528564453,65.50213806866402,68.3282085612257,991.7821637932299,314.2410469055176,360.725040435791,94.18551680485642,98.24912324148681,1429.2069576569475,350.7584762573242,376.49877548217773,33.898079057968495,35.36060171455453,217.30991254034527,308.23877334594727,382.0064163208008,87.3357907376822,91.10386775662734,1576.4369107252005,295.3154754638672,369.6298885345459,120.20826894048764,125.39461936859907,1082.3315835433207,296.1408996582031,359.4649314880371,165.03632873493152,172.1567726256268,-383.3983353275954,335.85906982421875,363.71506690979004,44.80448348963215,46.737559759475175,-527.6754609637223,290.05449295043945,380.17361640930176,88.35595943576664,92.16805133331114,-1101.6856626542992,279.2512893676758,368.52893829345703,102.99760079340913,107.44140200340583,-542.184856632144,283.40518951416016,357.4932861328125,112.39414321016368,117.24335548060938,-894.2357372517322,322.1857452392578,344.54057693481445,57.62311092208119,60.10924310445048,-783.2968275817839,279.5413589477539,363.7690544128418,72.371412243184,75.49385555077617,-2036.22009562988,272.58033752441406,352.55475997924805,72.32547311497838,75.44593439238797,-614.413959495506,279.2382621765137,343.39219093322754,82.44930202383931,86.00655292361333,-792.5082653578083,312.1429443359375,321.2798309326172,74.55029492201542,77.76674548230132,-396.35100189414453,279.05345916748047,341.9451713562012,100.70141598372882,105.04614897507739,-699.8498388066288,275.54813385009766,336.2453842163086,82.17946111545912,85.72506980856106,-49.421240219374596,282.0075988769531,329.9008083343506,59.62639636067547,62.19895970442539,-1576.936113612182,1754.1161504666964,1857.8916132908782,2034.694876406666,2409.9802729588478,3003.3151921876,2328.8139484356016,2581.255640716956,2632.3787350936905,3008.051149877492,2279.753359581267,2477.3614838381436,2561.4119748371377,2846.987204216148,2209.6119251087202,2447.3855825758055,2518.25649719112,2740.865524718464,2108.953659064857,2389.446344974821,2474.0117666553056,2680.664506474672
399,15.96,381.7706298828125,284.32494163513184,32.54945297352483,33.953789554127354,149.83600360814577,375.79734802246094,324.56007957458496,25.737172441688692,26.847595181220978,-157.54728258570222,356.9881820678711,352.38301277160645,36.935076191096435,38.5286291962633,56.704904931877564,332.48878479003906,363.17779541015625,45.50825968692643,47.47170017392609,-521.4127096824901,312.63904571533203,361.30866050720215,42.62496481750633,44.46400639491191,-1344.6279211643725,352.6849365234375,377.2998332977295,52.15926799698334,54.40966428245069,476.2265641974041,308.7908744812012,383.26146125793457,34.27784869428988,35.75675640020138,-1383.677783910649,292.0991325378418,371.8443775177002,97.62435426900824,101.83632833718018,-588.9572757854722,288.45022201538086,361.0404396057129,196.2599494845238,204.72752731424958,814.26886721557,337.65575408935547,364.50282096862793,49.044818825523265,51.16084311698303,110.5820839376964,291.99853897094727,379.10244941711426,55.49050400183507,57.884625485512004,-857.0856461949784,277.2250747680664,369.0897274017334,52.55966863736623,54.82734009076478,-1315.3515478160261,276.80904388427734,358.5054302215576,166.83369868488015,174.0316895737275,1419.708352327953,323.56929779052734,345.6469917297363,44.28862269637121,46.19944230392672,-347.74502001309384,282.4201965332031,364.60710525512695,74.95846790744338,78.19252897120275,67.46683551066432,272.4594306945801,355.06773948669434,62.89716044040411,65.61083993892996,-245.8773613364503,275.99443435668945,345.6085968017578,98.21810518789604,102.4556964649298,411.22858853291183,312.4528694152832,323.051118850708,44.95493885257459,46.89450647482528,-771.805975186901,280.8147430419922,344.029598236084,68.2227798475013,71.16623162987587,-846.997933630038,275.28589248657227,339.5712089538574,83.40368965772508,87.00211733142004,31.92618807147447,279.29922103881836,332.97823905944824,102.48746991057807,106.90926167358845,1117.7575492290764,1755.4743020488615,1858.965517098127,2036.2360215745166,2411.8791409658047,3005.093752443397,2330.9903350069,2582.6859109729644,2636.452188227178,3016.240250970062,2281.7997933059464,2479.676868857564,2563.6050684407683,2853.948471799097,2211.4599028008774,2450.513283734653,2520.8809307886772,2744.963752577061,2110.8294393238502,2392.292994240016,2477.4918513485627,2684.940876941616
400,16.0,385.4551696777344,283.2087993621826,96.24710084538644,100.39965371944106,1661.1466041328426,379.4268798828125,324.54360008239746,90.73923179560286,94.65414927854751,1695.1638524331631,358.15147399902344,352.6951217651367,30.110838382202903,31.40996165309574,-177.9666885791891,334.9894332885742,363.1319332122803,62.52672555805711,65.22442275247376,443.8180644636917,315.3017997741699,364.8347282409668,110.46326550304468,115.22917062239992,1769.1291056872003,352.6432800292969,372.73186683654785,114.20390988814813,119.13120400993297,1618.038493187057,312.46509552001953,385.89051246643066,112.94857928220654,117.82171253400357,2051.6239033450547,291.06334686279297,389.9867534637451,454.2979865492099,473.89853963758463,9301.555282510111,277.11925506591797,391.0524272918701,801.9936942098864,836.5954763998233,15796.698727139341,338.6723327636719,359.4295120239258,129.35391337690012,134.93484994585037,2094.3501707216838,295.5160903930664,373.51664543151855,165.02722156652905,172.14727253112065,2856.566176140216,281.7302703857422,366.9584083557129,124.59762344607248,129.97335128407278,1878.6502798326999,279.2523193359375,357.75715827941895,63.882244364519636,66.63842501938517,-2684.8316138585583,325.2640151977539,340.2256393432617,142.00160383929355,148.1282212954441,2548.219474787934,285.4618453979492,360.5325508117676,127.11614209137355,132.60053067600458,1360.200042620046,274.55020904541016,355.9170341491699,56.417282015405426,58.85138906405065,-168.98627187198264,274.96334075927734,347.61131286621094,56.31399493821928,58.74364569628063,-1092.8012692162292,314.3318748474121,318.755464553833,117.21589923147849,122.27314474810441,1884.4659568319785,284.59678649902344,340.62254905700684,127.2591765343544,132.74973629798274,1539.5876167026718,278.9949035644531,338.5829544067383,95.96031154123234,100.1004909750612,327.45934109102916,282.40345001220703,332.0045471191406,81.3338548585616,84.84298011827639,-551.6570388828015,1759.490288197639,1862.7516830692691,2037.4924200406404,2414.4881178759038,3009.702919268293,2335.755583167297,2587.3987794743243,2655.408129812681,3049.7040700260545,2287.19718730378,2486.5627597588086,2568.804002492131,2856.6140087998724,2217.3850316526955,2455.8173049616935,2523.2349863512395,2747.313498404912,2115.7203651137747,2397.602983691935,2481.495870987565,2688.334596146347
401,16.04,389.2652130126953,278.6155128479004,149.1951557871586,155.63213692754888,1380.8120802026956,384.373779296875,318.22214126586914,200.67488535862483,209.33294429886445,2866.9698755079235,361.4209747314453,347.40612030029297,155.44929143941624,162.15610542411451,3268.6535942754695,335.7572555541992,357.27298736572266,147.72609253379264,154.09969137194886,2221.8817154868775,314.5479393005371,359.4885063171387,134.97776315130204,140.8013390656333,639.3042110808345,356.8116760253906,364.0445137023926,240.89109268734887,251.28426807119692,3303.8266015315985,318.6090087890625,386.4559078216553,154.24684390051516,160.90177863960807,1077.0016526401125,296.6282653808594,396.6534233093262,217.1013659311851,226.46814054714946,-6185.759977260879,280.6083679199219,403.4303569793701,321.50724316944746,335.3785786686576,-12530.422443279142,341.7417526245117,346.77515029907227,325.5324570468701,339.5774592156065,5116.0652317439035,300.8628463745117,364.7910404205322,255.83684050199716,266.8748457819925,2368.1893312717966,283.73620986938477,364.70964431762695,75.33563611857616,78.58596999393593,-1284.6845322534211,275.0984764099121,362.6349449157715,160.1702483372587,167.08074661958497,2511.0580400049953,327.4192428588867,326.5180492401123,346.89969074942235,361.86657593533835,5343.458865997356,289.42039489746094,348.77612113952637,310.1247256935889,323.50496582220416,4772.610878654989,274.43546295166016,354.4108486175537,37.76375181375067,39.39305778506703,-486.45828197459053,267.3955535888672,356.7838668823242,297.2868457348269,310.1131993063274,6284.238840251169,315.6292724609375,305.40916442871094,335.23030105941234,349.6937138573802,5685.514227731895,289.4029426574707,328.01902770996094,337.2201500548476,351.7694143028056,5475.491950120572,287.4331855773926,328.1056022644043,336.32156417293555,350.83205919715857,6268.289205552434,290.55370330810547,323.80897521972656,288.9572065481418,301.42418028543756,5414.53000417903,1765.715573674741,1871.1250008412235,2043.978664257605,2420.6521055307817,3015.334972830918,2345.8069538901455,2593.8348506199086,2664.466855434567,3063.1192131728008,2300.7802856724047,2497.2377535900882,2571.947441291889,2863.2972386646557,2231.859694690109,2468.757503594582,2524.8107086626424,2759.718026377165,2129.70811366807,2411.673760264048,2495.5291533554514,2700.3915633577644
402,16.08,397.0284652709961,265.4509449005127,382.0781455306294,398.562794807343,6073.266446994852,392.58609771728516,306.0952949523926,366.1476609143571,381.9449941150815,4315.301245405426,368.34484100341797,335.7223606109619,339.53107794997743,354.18004650267153,4800.598526963925,339.53399658203125,346.24709129333496,291.36977900771143,303.9408424745975,3746.028777566216,317.7599906921387,348.83620262145996,278.15109222244195,290.1518393336221,3733.76250669972,363.8225555419922,349.60896492004395,401.1993739432042,418.5090029990765,4180.618373196989,327.10010528564453,378.323335647583,293.9360579709069,306.6178427893001,3642.9016037423003,304.4000244140625,393.30488204956055,211.56111268160663,220.68885469968023,-144.48214618673063,287.6571273803711,404.1012382507324,177.01534469421193,184.65261970722813,-3768.148974035737,347.1461868286133,328.75983238220215,470.2124444814575,490.49962217925025,3773.0540740910938,303.0253028869629,351.29350662231445,341.74152952402636,356.4858673601187,2240.275539453154,279.16189193725586,357.5511360168457,212.38029810423527,221.5433836365679,3573.9353410657995,264.869441986084,361.3490867614746,257.73845322927724,268.8585030314104,2544.4439102956358,331.9502258300781,307.2495174407959,494.85232922717336,516.2025875094042,3858.400289351647,290.9379577636719,333.9214897155762,373.29870060240546,389.40456330841636,1647.4899371553051,277.37823486328125,342.5229835510254,306.16707281708386,319.3765611756978,6999.58758476577,272.96436309814453,347.30738639831543,274.79005817443755,286.64579445959544,-586.6851211682985,320.0613021850586,287.25600242614746,467.1590857023489,487.3145271331544,3440.520331894355,291.8031311035156,313.79608154296875,360.6011493375379,376.1591799266824,609.7441405969192,292.1429634094238,316.31750106811523,317.3536444578081,331.0457741615586,-494.65712588999935,297.9715919494629,313.822717666626,310.99679641882767,324.4146617825374,574.7620374274959,1781.6580854670349,1886.4028006058268,2058.1458661177116,2432.8097392297655,3026.941046404263,2362.547314010108,2606.0995643314805,2673.294409622554,3070.50531796109,2320.400270559575,2511.497188284493,2580.809176637352,2874.051578785912,2252.507798190485,2484.3336861269186,2537.58577110967,2771.183858155549,2149.200694753396,2426.7201274611148,2508.770984321914,2713.3681498290657
403,16.12,407.9803466796875,245.96840858459473,558.7446463340291,582.8515198566326,4607.218126232242,402.5634002685547,287.6854133605957,523.4920644238262,546.0779756624414,4103.324538683998,376.5922546386719,317.737512588501,494.64292048784364,515.9841438915721,4045.1024347225143,347.40840911865234,330.44812202453613,441.31465726943713,460.3550484324971,3910.3551489474894,324.63172912597656,334.02817726135254,408.1194709952202,425.7276656042331,3389.395656765275,372.1208953857422,328.0711841583252,577.0281862170118,601.9238976934041,4585.372367358191,333.39691162109375,356.89950942993164,558.2506716466401,582.3362327765606,6892.959749681512,309.1885185241699,372.08001136779785,543.9581850313054,567.4271010274963,8668.456158195402,290.74934005737305,382.65552520751953,541.6874024585369,565.0583462081242,9510.143162522403,356.9348907470703,305.42115211486816,632.7088197899868,660.0068558345142,4237.6808413816,310.40252685546875,330.44546127319336,552.8700278775445,576.7234427136924,5505.9393838393435,285.27429580688477,339.36244010925293,479.7070329145804,500.4038518393776,6971.511705070242,268.7338066101074,344.62700843811035,429.069645716267,447.5817294552973,4468.080660597172,343.2448959350586,282.3405933380127,683.7507188015205,713.2509425750897,4926.208876642136,299.36798095703125,310.2772808074951,627.5517438474478,654.6272793663613,6630.567901448624,282.66258239746094,322.3362636566162,521.6727835514605,544.1802024516168,5620.091031897974,275.2499580383301,329.3844509124756,451.70203166757153,471.1905830456612,4613.619714651643,332.29801177978516,261.0022830963135,724.1351912606564,755.3777912274238,6701.581602356735,300.33788681030273,288.42241287231445,669.2650431549329,698.140286710807,8049.527669603115,297.05078125,295.90773582458496,524.7887630110652,547.4306199290612,5409.621144187566,300.6398582458496,297.5712203979492,411.7271612535428,429.49100859826734,2626.908670393249,1804.9721462613002,1908.2459196323243,2078.785231873375,2451.2239411670653,3043.9701530284324,2386.6242699178447,2629.3930136425433,2695.991493663654,3093.107651809415,2346.8005447929554,2534.5661259930407,2600.8253307109267,2891.954847964124,2281.0378358934886,2510.5187773015728,2559.3529792077347,2790.0314814773756,2179.4158064024928,2454.645738929547,2530.668209119076,2730.5477901729964
404,16.16,414.88590240478516,225.39846897125244,542.4534055848583,565.8573983141634,-424.85303856173005,409.3267822265625,265.5585193634033,578.4368880185276,603.3933775200574,1432.8850464403986,382.35965728759766,293.0134677886963,634.6954607219047,662.0792098054649,3652.376647847319,351.2923049926758,305.43431282043457,632.8384954213498,660.1421262828741,4994.676946259425,328.275146484375,309.6244525909424,616.855061905076,643.469092225885,5443.535665541297,377.17166900634766,295.73344230651855,818.245020700054,853.5479615943176,6290.601597522837,330.34881591796875,323.97889137268066,826.5356846072981,862.1963237587918,6996.50227455578,303.38001251220703,336.3676929473877,904.5400865397618,943.5662026831693,9403.477541391825,283.7821388244629,344.2965888977051,974.6633674762618,1016.7149319628749,11291.414643868766,363.15608978271484,272.6208972930908,834.6256772554659,870.6353567617043,5265.712523179753,313.61581802368164,298.3021831512451,807.5872896151193,842.4304058345728,6642.674078022009,287.92972564697266,310.0206470489502,736.5426530543135,768.320569312984,6697.917936840162,271.6857719421387,317.49295234680176,682.3539675673265,711.7939289194726,6605.304986604382,351.1465835571289,251.30873680114746,800.551679859491,835.0912467641614,3046.007604726793,307.73536682128906,276.1436176300049,878.6068902372289,916.5141262492493,6547.1711720722,286.68212890625,290.7616138458252,795.7367909720539,830.0686209110166,7147.210461484997,275.9665298461914,300.9522342681885,711.031125577275,741.7083544820846,6762.944285910585,342.7140426635742,234.10489082336426,721.094398491347,752.2058043479263,-79.29967198743668,312.13584899902344,252.91276931762695,935.45667229549,975.816675443371,6941.909718314099,300.55498123168945,264.0336227416992,801.6539552435719,836.2410794956737,7220.261489165313,296.2265396118164,272.31359481811523,641.0075230138629,668.6636041695733,5979.314889282649,1827.6064421938665,1932.3816547331267,2105.2684002655933,2477.6296262183805,3069.708916717468,2420.766188381617,2663.880866592895,2733.734141770981,3133.7762490879304,2381.6259590634236,2568.263342226424,2631.5581534834464,2920.4266051209033,2314.441485764055,2547.179342351543,2592.5557240441753,2819.6998156566588,2209.5040385764096,2493.678405947282,2564.117852298903,2757.2943343397797
405,16.2,421.54781341552734,203.31194400787354,576.734147632711,601.6171729008166,893.9943646663295,413.0814743041992,241.30614280700684,613.532538476525,640.0032195006678,915.246049515261,381.02386474609375,265.38371086120605,691.5507074621012,721.3874594536175,1482.7062412038144,347.2498321533203,273.550329208374,803.480708243465,838.1466472167715,4450.113023347436,322.646484375,275.4426383972168,866.0536425057247,903.4192723344077,6498.754502713066,376.4606475830078,261.80957794189453,848.2828703084012,884.8817853943648,783.3455950011796,324.33361053466797,282.23819732666016,1054.2972289773122,1099.7845730099446,5939.706231278819,299.851131439209,292.7961730957031,1092.8547318299866,1140.0056279891862,4910.985632650423,285.61134338378906,301.0865306854248,1081.2189648807584,1127.8678392952772,2778.8226833100593,365.76114654541016,237.74371147155762,874.3584832487979,912.0824229901256,1036.1766557105311,312.4492073059082,261.33092880249023,924.7413924603295,964.6390880094883,3055.217054372889,290.5473327636719,274.7943878173828,883.0845112682381,921.1849329234409,3821.6090902614214,280.0423812866211,285.1453399658203,835.239840736822,871.2760181459297,3987.0522306614275,356.3361358642578,216.832537651062,871.6147948580767,909.2203589702963,1853.2278051533722,307.63771057128906,238.72389793395996,935.4961781301329,975.8578857456367,1483.5939874096853,288.8423156738281,254.2268943786621,914.9631595777247,954.4389761434836,3109.2588808116743,280.78954696655273,266.95838928222656,858.3570757095013,895.3906394261737,3842.0571236022283,349.97344970703125,200.75520515441895,853.2659773042818,890.0798870767939,3446.8520682216877,312.8933334350586,217.70407676696777,880.4209979456131,918.4065031014534,-1435.2543085479397,302.4159622192383,230.1906967163086,847.3513483924778,883.9100732392005,1191.7248435881702,300.6003189086914,241.80387496948242,770.5407803045823,803.7855357696865,3378.048290002829,1851.6711291098993,1957.9817835131532,2134.123898643738,2511.155492107051,3105.845687610844,2456.1614597973917,2707.872249513293,2779.334366890548,3178.890962659741,2418.1092559830286,2606.8489057468037,2668.405550800384,2955.27764584674,2350.810300122867,2586.213657781368,2630.7332830899145,2855.5154412337056,2245.1072340594815,2530.41466607134,2599.4742552284715,2789.445755770567
406,16.24,426.3665771484375,182.50465393066406,533.9497894645326,556.9868961759718,-1115.7569181211215,414.17964935302734,217.43803024291992,597.3340699567706,623.1058728181827,-422.4336670621284,382.3767852783203,236.00658416748047,735.20658948086,766.9268616693909,1138.4850553943352,351.0395812988281,242.78265953063965,775.0047161082524,808.442066771428,-742.614511133587,327.71148681640625,246.1775779724121,742.5033717932367,774.5384615097396,-3222.0202706167015,373.75762939453125,234.35308456420898,689.7306249209385,719.4888499862311,-4134.823385203342,324.86621856689453,251.9688606262207,756.8505531149144,789.5046477521746,-7756.998131444248,300.6301498413086,260.5769348144531,805.7163680131083,840.4787638700019,-7488.171602979608,284.6981430053711,267.2412300109863,846.4404559219923,882.9598805808336,-6122.698967861092,364.3962860107422,210.74830055236816,675.7472969678585,704.902215459027,-5179.505188277463,311.92283630371094,231.11303329467773,755.5619909019002,788.1604909012539,-4411.964927705862,294.33799743652344,242.5696849822998,811.1722271932343,846.1700144907,-1875.372960818521,287.3411178588867,250.65768241882324,881.2881476247823,919.3110656986308,1200.8761888175286,357.1240234375,189.3812656402588,686.564409687457,716.186029327213,-4825.858241077083,308.14374923706055,207.58556842803955,778.5610282560262,812.1518149614365,-4092.651769605007,293.60692977905273,221.9356870651245,816.0206865245395,851.2276591746454,-2580.2829242209555,289.29931640625,232.23639965057373,893.7395943091493,932.2997263900812,922.7271740976875,353.4305191040039,171.6463565826416,732.8354155223689,764.4533841074694,-3140.6625742331103,314.49533462524414,185.91171741485596,795.8173946433816,830.1527022040503,-2206.345022435076,305.4715347290039,197.98290252685547,808.8102875182651,843.7061696227485,-1005.0975904113017,305.3838539123535,207.80284881591797,858.3967565418957,895.4320322764175,2291.162412668277,1873.9506049569382,1982.9060184258806,2164.8009731105135,2543.4931747779083,3136.827226071234,2484.9410137968407,2739.4524354233795,2812.9535174453486,3214.2093578829745,2446.3053446013896,2638.3753253828536,2702.2523513800115,2992.0500884746853,2379.4577412959557,2618.6997303798257,2664.7823894569005,2892.8074302893087,2275.6853694237802,2563.620774159502,2633.2225020133815,2825.263037061623
407,16.28,428.90220642089844,169.7450065612793,325.2287817813873,339.26068197006003,-5443.155355147794,412.4692916870117,205.5897617340088,299.27703512480883,312.1892548325222,-7772.915449641512,378.72703552246094,220.76565742492676,391.79596192747795,408.69988353607295,-8955.674453332947,349.6674346923828,223.2894802093506,488.53532776652327,509.61304087762255,-7470.725647345136,328.04100036621094,222.2799253463745,597.4981068036254,623.2769869865763,-3781.5368630790827,369.1703414916992,214.60172653198242,506.92661846949665,528.7978184118398,-4767.275789359784,321.1491394042969,232.87579536437988,486.2881209953688,507.26887903089505,-7055.894218031989,299.2870330810547,239.80250358581543,520.4450952700679,542.8995459202035,-7439.480448744959,286.90277099609375,243.19973945617676,603.5590550406374,629.599433053653,-6334.011188179514,362.6097869873047,189.99744415283203,520.6904191041165,543.155454178959,-4043.6690320017024,308.28922271728516,209.9750518798828,536.2004091217163,559.3346181566931,-5720.64681861402,293.5015869140625,220.83930015563965,543.6618935956573,567.1180261849523,-6976.299707643693,291.7472267150879,226.32426738739014,618.2277504815019,644.9010050474376,-6860.251516279831,358.3053207397461,168.8027572631836,515.3096583254868,537.5425420582146,-4466.087181724959,307.25170135498047,182.2468614578247,633.8601089487026,661.2078170255604,-3773.599948396901,294.26794052124023,196.41347408294678,638.2692861896776,665.8072269225156,-4635.510806303245,293.49510192871094,205.4601001739502,677.576024245768,706.8098426377861,-5637.2470938073775,358.1559371948242,153.04399967193604,479.8289140193142,500.5309914685481,-6598.059815973033,317.84786224365234,163.72917652130127,560.8612584267253,585.0594525558884,-6127.33124120405,309.32361602783203,173.99394035339355,607.4068017464531,633.6131896600425,-5252.3244990676485,311.23077392578125,180.77088832855225,691.4266778886986,721.2580786607291,-4354.348840392211,1887.5210322357407,1995.3935886191812,2181.1489684519565,2563.8776964130134,3161.7583055506966,2506.0929265333143,2759.743190584615,2834.6694992821563,3239.3933352051204,2468.031562768548,2660.748710109121,2724.9370724274095,3017.846128676583,2400.959442978284,2645.148043060848,2691.4146785338007,2921.07982399482,2295.706609082522,2587.023152261738,2658.567029599783,2854.113360208052
408,16.32,431.44378662109375,165.11542797088623,132.033679033634,137.73023330412457,-5038.261216648387,413.6088562011719,201.75297260284424,100.06110045540768,104.37820722150815,-5195.276190275351,380.17642974853516,215.91477870941162,126.56956569218927,132.0303723987441,-6916.737778433222,350.7151794433594,220.74992179870605,68.68008255798364,71.64326453137744,-10949.244408656128,328.98048400878906,222.47092723846436,23.967572330309164,25.00164619321148,-14956.883519834118,365.5931091308594,208.8081979751587,170.2233174798841,177.56755247526044,-8780.756648414485,319.42981719970703,223.88460159301758,228.85261943740667,238.72639843160573,-6713.562014982233,303.2923126220703,230.1996374130249,260.11692435110183,271.33959259063244,-6788.998833239278,297.71820068359375,233.75450134277344,358.979493098268,374.46755780565644,-6378.296881199914,359.2151641845703,184.35640811920166,164.5918275339796,171.69309355102135,-9286.559015698442,309.98926162719727,203.24326515197754,173.57830517740533,181.0672901307897,-9456.683200647583,296.8893241882324,213.0933952331543,211.35841435075258,220.47741100892483,-8666.015379400687,295.85803985595703,217.90905475616455,234.14016676432445,244.24207543366418,-10016.473240344336,356.3682556152344,163.49950790405273,141.14858098321753,147.23839501898945,-9757.60367598063,308.44221115112305,174.82927322387695,187.81295346552844,195.91608813501654,-11632.293222263597,296.760196685791,187.22122192382812,238.10297213937042,248.37585488174642,-10435.78430101923,297.07496643066406,195.64367294311523,261.2203014586326,272.490574579129,-10857.98170146643,358.5390090942383,148.52551460266113,113.36735476257296,118.25855595937097,-9556.810887729429,321.5255355834961,157.60043621063232,178.68746981499564,186.3968881748254,-9966.564109526575,311.8482208251953,167.4212408065796,176.0220311416269,183.61644993340224,-11249.918493166007,311.7272186279297,174.65796947479248,153.32611130965034,159.94132131176053,-14032.918933724215,1893.0302415679055,1999.5687169080418,2186.430183347906,2566.7434269942682,3162.758371398425,2513.1956286323248,2769.2922465218794,2845.523082985782,3254.372037517347,2474.899286510589,2667.9914017143524,2733.7561688677665,3027.615811693929,2406.848978779044,2652.9846865862487,2701.3497127290702,2931.9794469779854,2300.4369513208967,2594.479027788731,2665.911687597119,2860.511013060523
409,16.36,430.4045867919922,166.45480155944824,42.38114184503378,44.20966375196401,-2338.014238804014,409.18983459472656,201.41826152801514,110.79198826473127,115.57207603101115,279.846720237575,374.1560745239258,214.82698917388916,152.94599354035392,159.54480347304377,687.8607768574916,343.12095642089844,220.86602210998535,189.87776100223482,198.06998118594214,3160.6679163641174,320.18672943115234,225.37625312805176,231.53163673731174,241.5210011454157,5412.983873805106,363.2159423828125,207.04906940460205,73.93178898386846,77.12155428726336,-2511.149954699927,318.1677436828613,218.60631465911865,135.6768737628382,141.530612599,-2429.8946458151436,299.61753845214844,222.94020652770996,203.41352889279128,212.18974580328583,-1478.7461696836651,290.1785469055176,225.47415733337402,279.96704717615324,292.0461431300097,-2060.535366891169,358.55297088623047,183.34540843963623,30.21403147181375,31.51760697822415,-3504.3871643199295,308.6009216308594,197.43224143981934,149.3642454887891,155.80852195465218,-631.4692044034381,295.5900192260742,206.2776803970337,173.46138279168122,180.94532316310296,-988.302196145547,294.7607421875,210.48698902130127,187.5685240549318,195.66111288934994,-1214.524063607856,356.6701889038086,163.0841875076294,12.836830372858858,13.390671645898326,-3346.193084327278,308.72766494750977,170.8207368850708,100.4671819843457,104.80180901864419,-2277.8569779093086,297.67181396484375,181.87088012695312,135.68622674864403,141.5403691166291,-2670.887144127933,299.0613555908203,189.32631969451904,165.5571917101744,172.70010808082841,-2494.761662457514,359.2302703857422,148.32385540008545,18.001885441445935,18.77857149714713,-2486.999611555596,323.7771987915039,153.40659141540527,119.0018943356288,124.13619608602848,-1556.5173022199228,313.97891998291016,162.0329475402832,144.85678967583323,151.1065932856169,-812.7464161946335,313.840389251709,169.0958833694458,148.7495628743459,155.16731903949534,-119.35005680662982,1894.798628117984,2004.1915999492821,2192.811975486828,2574.666226241706,3172.4192114442417,2516.2804908038156,2774.9534710258395,2854.0106728179135,3266.0538832425473,2476.159990789718,2674.2237425925387,2740.9939817942904,3035.4422562095033,2407.3846056448797,2657.176758946994,2707.0113274937357,2938.8874513012183,2301.1880941807826,2599.444475632172,2671.9559513285435,2866.7177058221027
410,16.4,428.76243591308594,167.9864501953125,56.1393748453203,58.56149167080326,358.7956979709812,408.4642791748047,203.20438385009766,48.196626028303704,50.276055290854444,-1632.4005185039177,373.63658905029297,217.76281356811523,74.53577174354105,77.75159570556076,-2044.8301941870752,342.8596878051758,223.9319944381714,76.92710675846051,80.2461041667639,-2945.596925479456,320.18421173095703,228.42899322509766,76.31852838157191,79.61126885469659,-4047.743307267978,363.56903076171875,210.17369270324707,78.61274611089605,82.00446993356512,122.07289115754385,319.4853210449219,220.63340663909912,60.4416660938233,63.049404010560636,-1962.030214710984,301.4638900756836,223.13761711120605,46.42187830247161,48.424736596079974,-4094.1252301801464,292.0383071899414,224.5853090286255,51.5312988894525,53.7546016323675,-5957.288537441054,358.43135833740234,185.94295978546143,65.00991561980544,67.81474931950032,907.4285585319043,309.0395164489746,197.28381156921387,11.575751621533364,12.075184022542096,-3593.333448302752,296.8648910522461,205.67636489868164,35.239169450743894,36.75955305811152,-3604.6442526247856,296.4506530761719,210.46576023101807,42.25110555645744,44.07401708594132,-3789.677395085215,356.22276306152344,165.18283367156982,53.645279415844584,55.95978922716434,1064.2279395316502,308.82604598999023,170.6947374343872,3.996458673947409,4.168884708672343,-2515.8231077492965,298.99038314819336,180.7827615737915,42.73922873817006,44.5832001988447,-2423.92922294461,301.192626953125,188.21022033691406,60.145632612779586,62.74059825199659,-2748.987745720796,358.33858489990234,150.40263175964355,56.54872986369305,58.98850819111343,1005.2484173491574,323.5322952270508,153.05502891540527,10.711382593067057,11.173522046424644,-2824.0668509900956,314.561824798584,160.84798336029053,33.01437311991413,34.43876854356894,-2916.695618551199,315.5221176147461,167.93535232543945,51.08230240960378,53.28623333137861,-2547.0271427029184,1897.1410877848161,2006.2026421609162,2195.9220393150504,2577.8760704083766,3175.60366219843,2519.560669601158,2777.475447186262,2855.9476622817565,3268.204067307842,2478.872580762498,2674.70674995344,2742.464363916615,3037.205216892941,2409.6229972139663,2657.3435143353413,2708.7946555016892,2941.397075231298,2303.547634508427,2599.891416514029,2673.333502070286,2868.849155155358
411,16.44,426.71897888183594,171.27638339996338,96.82257332883906,100.99995479403161,1060.9615780807087,408.4705352783203,205.93650341033936,68.30316807388263,71.25008818265422,524.3508222949945,374.0095901489258,220.62021732330322,72.04116028243725,75.14935496626086,-65.05601848249754,342.6738739013672,227.0147466659546,77.20867869267876,80.53982443931568,7.343006813794517,319.76634979248047,233.43565464019775,125.60171954704558,131.02076881616742,1285.2374990367707,363.21109771728516,211.83889389038086,42.58088668881616,44.418026528316204,-939.6610851312229,319.46929931640625,222.698335647583,51.62477909070699,53.85211500942652,-229.93222502835292,303.72169494628906,226.17284774780273,94.57241884881415,98.65271806040091,1255.6995366080234,297.12541580200195,227.63348579406738,148.26086727513515,154.6575388123091,2522.57342949854,358.82835388183594,188.75072479248047,70.89230298902683,73.95093056263386,153.40453107833838,310.806941986084,200.66448211669922,95.37008958480271,99.48480406581768,2185.2405010818898,301.34056091308594,210.13309478759766,157.90436584763003,164.7171032959994,3198.938755947197,302.7893829345703,215.04278182983398,195.46198948545486,203.89513956558184,3995.5280619910127,356.92440032958984,169.19002532958984,101.70385882565162,106.09184191874601,1253.3013172895417,310.279541015625,175.65389156341553,129.1942758624672,134.76832491778285,3264.9860052277622,302.24538803100586,186.92862510681152,173.86542093246743,181.366793410706,3419.5898302965325,305.2601623535156,193.86696338653564,174.18306849919605,181.69814578832836,2973.938688408294,358.58463287353516,154.8691463470459,111.8321626501259,116.65712843450345,1441.7155060847504,322.9669189453125,157.4546241760254,110.89434385154411,115.6788477195295,2612.633141827622,316.87734603881836,166.28331184387207,147.69993724272823,154.07240761853984,2990.8409768742727,320.58982849121094,173.3745002746582,185.85280456071044,193.87136918188767,3514.6283962627267,1901.1810859765774,2009.0526456882226,2198.928013513701,2581.097663385949,3180.844492951076,2521.3373906622905,2779.6295317866393,2859.893771004173,3274.3903688603336,2481.8306179850033,2678.6861421160725,2749.0530480484554,3045.361022475564,2413.866670890716,2662.7342473320523,2716.0493272381177,2948.665001062831,2308.2139196458074,2604.51857042281,2679.496398375028,2876.6040099226334
412,16.48,423.7368392944336,175.17694473266602,122.748562183349,128.04451281670225,676.1139505667661,404.4358444213867,208.3082914352417,117.00456386957119,122.05269138412983,1270.06508003689,372.54199981689453,219.20419692993164,50.98366856844825,53.183343962139936,-549.1502751030231,344.6009826660156,220.76884746551514,163.41091803494004,170.46123405877506,2248.0352404864843,324.39125061035156,220.48596382141113,343.7697265951723,358.6015703977089,5689.520039538536,361.3612747192383,214.53683853149414,81.78000370894082,85.30837792965939,1022.2587850335796,318.4747123718262,222.21712589263916,27.622070190590502,28.81381628943181,-625.9574679998677,304.1488265991211,225.24972438812256,25.42879993774576,26.525918036241794,-1803.170000603978,300.52806854248047,226.37502193450928,90.69790845886358,94.61104305859163,-1501.1623938429366,357.37186431884766,191.55860424041748,79.07887218325469,82.49070687829749,213.49440789159075,310.1784133911133,202.1385669708252,40.062251183778415,41.790725234768715,-1442.3519707762243,301.0165214538574,210.48959255218506,12.043987797157442,12.563622110325042,-3803.8370296418593,304.07445907592773,214.20381546020508,38.36734661836797,40.022694510102326,-4096.811126386988,356.06189727783203,171.73161506652832,67.09876072440969,69.99371703212488,-902.4531221655284,311.0478401184082,178.30523014068604,69.01032423965759,71.98775439333238,-1569.5142631112617,303.4918975830078,189.28098678588867,66.55538826995327,69.42690093284574,-2798.4973119465067,307.5404739379883,196.2059211730957,81.66449829022295,85.18788906360385,-2412.756418118113,358.66588592529297,156.79580211639404,48.20920887122117,50.289181016830845,-1659.1986854418153,323.77872467041016,158.81868839263916,39.68390513126408,41.39605555303381,-1857.069804162392,317.2817802429199,167.55990028381348,33.478025166137876,34.92242472103609,-2978.7495724375935,320.75828552246094,174.73936557769775,34.380545614660555,35.8638841490136,-3950.1871258218516,1906.3028664892454,2013.9347533435878,2201.0553472721863,2587.9161127483003,3195.1885557669843,2524.7497257794766,2780.7820844382163,2860.9548077256227,3278.1748105826778,2485.130246260135,2680.3577711254634,2749.555592932868,3046.9619302559677,2416.666419572001,2665.6137575077855,2718.8264032754314,2952.072516625375,2310.2254868864807,2606.1744126449316,2680.8932953638696,2878.0385652885943
413,16.52,420.48675537109375,177.37770080566406,98.12738150482609,102.3610585352221,-642.0863570370038,403.1753921508789,210.00778198242188,52.89735370379525,55.179594480122056,-1671.8274226001945,372.2519302368164,222.78894424438477,89.91160127371492,93.79081088107544,1015.1866729733877,344.9491882324219,225.47412872314453,117.9536954430497,123.04277296034802,-1185.461527460676,325.2729034423828,225.22144317626953,120.42133437570052,125.61687744938344,-5824.617323708137,362.6134490966797,218.66241931915283,107.78554375187358,112.43591935339319,678.188535593345,318.32849502563477,225.54687023162842,83.32382940731252,86.9188115339784,1452.6248811136647,302.5392532348633,228.68319511413574,94.80060535578646,98.89074960714092,1809.1207892724783,296.97811126708984,229.59385871887207,119.79959020554347,124.96830830976721,758.9316312793894,358.5883331298828,196.25221252441406,121.21714784793916,126.44702605995175,1098.9079795413566,310.0999069213867,207.09803581237793,124.00225415320418,129.35229495807297,2189.0392430826064,301.12945556640625,216.96370124816895,161.87734075757672,168.8614910405763,3907.4467232562815,304.3952941894531,221.45133018493652,181.3653165148831,189.19026978342413,3729.189381833045,356.61964416503906,176.49287223815918,119.8453468136003,125.01603907322846,1375.5580510275895,310.9130668640137,184.36054229736328,151.42029492628978,157.95327904075629,2149.1381161855975,304.9833679199219,196.1663818359375,176.1269938871017,183.7259412656766,2857.4760083207716,310.0593566894531,202.2138261795044,162.86438545930193,169.89112149581482,2117.5808108052743,357.7428436279297,161.45463466644287,118.73480906024396,123.8575874949471,1839.2101619529064,321.9674301147461,165.7208776473999,178.39738730554765,186.0942901407773,3617.455864693587,317.20531463623047,175.39629936218262,195.91930338865143,204.37218414270401,4236.243985541698,322.15503692626953,181.7428207397461,178.53448317282928,186.23730096895335,3759.3354204984935,1910.3973088306543,2016.1419371227926,2204.8069797074295,2592.837823666714,3200.2132308649598,2529.2471625536127,2784.2588368995757,2864.9104377099084,3283.173542915068,2490.1881273025333,2685.5318629237863,2756.3100525744912,3054.529541047305,2421.66706113493,2671.9318886694155,2726.1754409260584,2958.868161485208,2315.1797903862785,2613.6181842505625,2689.0681827295775,2885.488057327352
414,16.56,419.35394287109375,179.70821857452393,64.78125322541143,67.5762213533157,-869.6209295476599,403.41575622558594,211.75326347351074,44.04884025249404,45.949314516992736,-230.75699907823298,373.9287567138672,224.9522352218628,68.42685368048302,71.37911016839391,-560.2925178170384,346.6056442260742,228.0018711090088,75.55349110150993,78.81322426606971,-1105.7387173569577,326.95884704589844,227.22853660583496,65.53066967668636,68.35797115708927,-1431.4726573073542,363.7794494628906,222.33115196228027,96.2391424419948,100.39135195307448,-301.1141850079678,320.8747863769531,228.87322425842285,104.7265211078664,109.24491607661271,558.1526135658578,304.80899810791016,231.43754482269287,89.22648186550096,93.07613219738552,-145.36543524388497,298.0800247192383,232.3000431060791,73.04813136551125,76.19977152071405,-1219.213419726329,359.6862030029297,200.43650150299072,108.14802504664056,112.8140397970712,-340.82465657201374,311.759033203125,211.44498825073242,116.32039674985735,121.33900607514747,-200.3322220731377,302.21004486083984,219.9684190750122,79.8279495312974,83.27210294832956,-2139.734702306169,303.95801544189453,223.87290000915527,61.51835659293716,64.17254800476465,-3125.4430444664868,357.2483444213867,180.6412410736084,104.89348170661606,109.41908014131722,-389.9239732977808,311.04589462280273,188.95424365997314,114.8905332869854,119.84745157347953,-952.6456866819188,305.5255126953125,199.1442060470581,75.66933820007368,78.93406955364763,-2619.7967928007242,310.4171562194824,204.6487283706665,61.52626057330737,64.18079300004455,-2642.7582123942566,357.9829406738281,164.8141050338745,84.20097884340642,87.83380532465374,-900.5945542573339,321.7239761352539,170.1368808746338,110.5677234296663,115.33813535556014,-1768.903869630429,317.2027778625488,178.38030338287354,74.60012747442308,77.81872804553427,-3163.8364024292437,321.5672302246094,183.761887550354,52.572256848402176,54.840471416465554,-3284.9207388121945,1913.100357684787,2017.9799097034722,2207.662144114165,2595.9903526373573,3202.9475497112435,2533.262816631736,2788.62863354264,2868.633482997804,3286.2215337758967,2494.700688894416,2690.385423166792,2759.6409366924245,3057.0964429674955,2426.043824340583,2676.725786732355,2729.332803708204,2961.43539320521,2318.693142599265,2618.231709664785,2692.180931851399,2887.6816761840105
415,16.6,418.52893829345703,181.42317295074463,47.576918416655055,49.62961057646481,-448.6652694212722,402.4995803833008,212.80649185180664,34.89867646876744,36.40436960651591,-238.62362276192073,372.48008728027344,226.31908893585205,49.792897355415214,51.941197275148824,-485.9478223311271,344.6812057495117,228.67568492889404,50.974800845261726,53.174093643643204,-640.9782655606626,324.52911376953125,227.97386169433594,63.53696405358762,66.27824769093344,-51.99308665389566,362.7305221557617,222.63891220092773,27.328612068364365,28.507697002784496,-1797.0913737572496,319.3982696533203,227.84887790679932,44.92623873676038,46.86456810095069,-1559.5086993915504,304.3342971801758,230.19006729125977,33.36859641023195,34.808274693623275,-1456.696437594056,299.9652099609375,230.15081405639648,71.47162419240321,74.55524640903793,-41.113127791902926,359.0182113647461,200.60754776000977,17.238576846774244,17.982330177533562,-2370.792740488441,310.03284454345703,211.04923725128174,44.274330474416224,46.1845334482567,-1878.8618156722691,302.86548614501953,218.68592262268066,36.00694748283058,37.56045664770357,-1142.7911575156497,306.9134521484375,220.97517013549805,103.47537311803674,107.93978767453791,1094.1809917443315,356.9620895385742,180.9828758239746,11.142715125581528,11.623464294263876,-2444.8903961763335,310.83534240722656,189.5575475692749,15.974742612613872,16.66396818684552,-2579.5870846658504,310.0388717651367,199.05419826507568,112.8564117971979,117.72556850994694,969.7874739074826,318.15099716186523,203.19876194000244,196.714733770963,205.20193313504294,3525.52850337496,358.1350326538086,165.09126663208008,7.903738114582362,8.24474257222528,-1989.7265688107116,321.41387939453125,170.68912982940674,15.833881722721793,16.517029895265228,-2470.527636507373,319.65356826782227,179.14494037628174,64.18256841945423,66.9517064673894,-271.6755394536218,326.3246154785156,183.7219476699829,118.93882263617894,124.07040317664583,1730.748294004507,1915.0855421078456,2019.4360844877328,2209.7397920051712,2598.1173163831027,3205.598679618881,2534.403124511847,2790.503216266678,2870.025813985549,3289.2037436322585,2495.4199821015172,2692.232804504722,2761.1433549583326,3061.414034474477,2426.5087629123536,2677.3923454598284,2734.0418264486025,2969.643470530612,2319.022932302154,2618.8923908605957,2694.8590001100943,2892.6444923110766
416,16.64,418.5163116455078,181.73028945922852,7.684399050257881,8.015940188445429,-1040.3417597004845,402.37194061279297,213.23697566986084,11.225201240451325,11.709509248312862,-617.3715089550761,372.9551315307617,225.99965572357178,14.311372598166185,14.92883256207356,-925.3091178268816,346.63482666015625,226.81062698364258,67.52349499273005,70.43677633560091,431.5670672989427,327.4734115600586,224.65694904327393,110.87943625307462,115.66329693710614,1234.6262311543176,362.7012252807617,223.67334365844727,25.87115608151706,26.98735950580513,-38.00843742448414,319.7237777709961,227.8681755065918,8.15199101564232,8.503706271727312,-959.0215457305845,304.93072509765625,229.22829151153564,28.292433962258684,29.5131027089746,-132.37929961621688,299.91933822631836,228.4434986114502,42.69828922648068,44.540494363957684,-750.3688011270062,358.8935089111328,201.7906951904297,29.74252578428777,31.025758316409373,326.0857034718953,309.5283508300781,210.04169940948486,28.16964689044245,29.38501802503822,-419.98788558046203,303.3900833129883,216.53788089752197,55.27932164055313,57.664331723329795,502.59687689065566,308.11771392822266,218.23206424713135,74.89524496356297,78.12657829199307,-745.330234563621,356.8846893310547,181.77669525146484,19.939597469372814,20.799885540926766,229.41053116657227,310.3595542907715,189.7051191329956,12.453706731803903,12.991018247969583,-91.8237484718984,309.96219635009766,198.3266544342041,18.289326551138878,19.07841416902421,-2466.178858523068,318.214111328125,201.70301914215088,37.42684460473763,39.0416148135553,-4154.007958037191,357.92789459228516,165.36312103271484,8.54440576035627,8.913051635251287,16.707726575650206,321.64100646972656,171.16636276245117,13.213108563775075,13.783184248754319,-68.34614116277274,321.1525344848633,179.0636444091797,37.529228226954245,39.14841574705669,-695.0822680083178,328.68099212646484,182.76025772094727,63.62663782310724,66.3717904088793,-1442.465319194163,1915.4061797153834,2019.9044648576653,2210.336945307654,2600.9347874365267,3210.2252114963653,2535.4826188920792,2790.8433645175473,2871.2063380939085,3290.9853634068168,2496.6610124341737,2693.4082052257236,2763.4499282272654,3064.5390976061567,2427.3407583339904,2677.911986189747,2734.8049630153632,2971.205135123154,2319.379454367564,2619.443718230546,2696.4249367399766,2895.299363927432
417,16.68,418.5973358154297,182.38051414489746,16.38133575835636,17.088103674342655,226.80408714743066,403.50677490234375,214.16685104370117,36.67864736136445,38.26113682005001,663.7906892934287,374.6659469604492,226.94459438323975,48.8607620245525,50.96884523943804,901.000316934112,348.0204391479492,228.5004472732544,54.63180493947404,56.988878104520744,-336.19745577700417,328.2460021972656,226.5177869796753,50.37121026843152,52.54446132880163,-1577.9708902076127,363.3126449584961,224.67966556549072,29.437622642169014,30.707700217850444,93.00851780113284,318.8083267211914,230.07794380187988,59.79719131912111,62.37712356114785,1346.8354322355135,303.1780815124512,231.3695240020752,69.17656808532928,72.16117078085804,1066.2017017970861,298.49266052246094,230.71097373962402,66.9741215301235,69.86370031643901,633.0801488120331,359.25899505615234,202.53363132476807,20.69924850548462,21.59231149769153,-235.8361704679461,309.43931579589844,211.08045101165771,26.064009288768826,27.188533307994405,-54.912117926095405,300.56907653808594,217.21858978271484,72.54931000027432,75.67942865430295,450.377423274329,303.31573486328125,219.22064781188965,122.56707450577258,127.85519490662527,1243.215415365805,357.28240966796875,182.42918014526367,19.10363190323216,19.927852486167787,-21.80082636897449,310.55286407470703,190.2183437347412,13.71058360360125,14.30212270294057,32.777611374274684,307.0440864562988,198.67658615112305,73.47541067762249,76.6454856731472,1439.176787603075,313.3576965332031,202.8066873550415,124.50614488972337,129.87792591230019,2270.907777468622,358.6655807495117,166.09638690948486,26.003121358298003,27.125018385661477,455.29916876025476,321.9319152832031,171.38973712921143,9.169379936911147,9.564990138941917,-105.45485274531003,318.896484375,178.90525817871094,56.540075920846974,58.97948087644709,495.7766282347601,324.64359283447266,183.22018146514893,101.58777883393348,105.970753689907,989.9740820256923,1916.089703862357,2021.4349103304673,2212.3756991172318,2603.214342560708,3212.326989949517,2536.7109269007933,2793.338449459993,2874.092784925143,3293.779911419474,2497.5247048940814,2694.4957465580437,2766.4771053734376,3069.653305402422,2428.137872433437,2678.4840710978647,2737.870782442289,2976.400252159646,2320.4644551029905,2619.8263178361035,2698.784115975034,2899.5381940750285
418,16.72,423.3863067626953,182.86678791046143,120.33989599471464,125.5319254333888,2711.0955439761537,408.2304382324219,215.98051071166992,126.49692843884905,131.9546012324603,2342.336610310257,377.69893646240234,229.9991226196289,107.61380042150883,112.25676620752397,1532.1980242021482,348.99341583251953,232.01923370361328,91.27068796715102,95.2085349703951,955.4914216468591,327.93087005615234,229.84491348266602,83.55043025497353,87.15518900860224,865.2681919950151,370.1725769042969,225.74975967407227,173.57233308882897,181.0610603782072,3758.8340040089192,323.94847869873047,234.23532485961914,165.2743545053344,172.40506794792583,2750.6986096694495,306.5694808959961,237.6797389984131,179.0956502101539,186.82267939314778,2866.5377153072436,300.9393119812012,239.11362648010254,218.79024835105602,228.22988930257725,3959.154724653456,365.4186248779297,202.26107597351074,154.1414244306746,160.79181087772935,3479.9874845009454,314.4789505004883,213.4997320175171,139.75612361587756,145.78586048784967,2964.933179496382,302.205753326416,221.88310146331787,123.58291783237212,128.9148664949429,1330.885946015999,302.99598693847656,226.27647399902344,176.57668645389572,184.19503568607746,1408.4960194863047,361.87122344970703,181.83427333831787,115.68039492612188,120.67139156085602,2518.5884768672063,314.48469161987305,191.92477226257324,107.15399597520036,111.77712363353945,2436.8750232649722,308.350887298584,202.01688766479492,89.67072628384574,93.53954341057376,422.3514434356638,313.08815002441406,207.02206134796143,105.59957747484722,110.15564020391123,-493.0571427097238,360.94432830810547,166.34428024291992,57.30478568888532,59.777183822640346,816.3041359244718,324.07188415527344,175.14431476593018,108.04027028028264,112.70163598299338,2578.4161461012864,320.24810791015625,184.17069911956787,135.90381360184634,141.767343690653,2069.6965703551477,325.6776809692383,188.49374771118164,134.3499144532632,140.14640202007428,854.391208254182,1921.1109808796928,2026.7130943797656,2216.8659697655326,2607.0226839595234,3215.8131975098613,2543.9533693159215,2800.2346521779104,2881.565692100869,3302.9091069915767,2503.9563773291907,2700.327180977558,2771.6337000332355,3077.021106829865,2432.9647280958716,2682.9551560432064,2741.612364178712,2980.8064777678023,2322.855542455896,2624.3343832754235,2704.45480972266,2905.1440501558313
419,16.76,423.9524459838867,182.08860397338867,24.0583127225454,25.096301552997527,-2510.8905970097817,407.8630828857422,215.87651252746582,9.544814464275342,9.956622678629934,-3049.949463845759,377.5374984741211,229.7532606124878,7.353160486134255,7.670410433840555,-2614.658894342085,349.2909240722656,231.9574499130249,7.596396740243358,7.924141044633684,-2182.1098481440354,329.12322998046875,231.29661083221436,46.96506270490797,48.99135652988992,-954.0958119678079,369.36084747314453,225.3805446624756,22.293838753499305,23.25569987322561,-3945.13401262454,325.8438491821289,233.5067081451416,50.764847495302234,52.95508191811568,-2986.249650745254,308.0093002319336,236.88440322875977,41.12206453527673,42.89626392178436,-3598.1603867840854,299.9186706542969,238.36345195770264,31.666924110999528,33.033184243248535,-4879.917626483218,364.2905807495117,201.63876056671143,32.20791848674458,33.59751966230933,-3179.8572803855004,315.4397201538086,212.71170616149902,31.065083660098196,32.40537756300459,-2834.5120731211273,302.3002815246582,221.57116413116455,8.148637902045545,8.500208489030054,-3010.3664501478215,300.8432388305664,226.1962080001831,53.85609904342657,56.17970460560774,-3200.383277011743,361.0718536376953,181.34878635406494,23.381211851541387,24.389987363948443,-2407.0351049226892,315.2119827270508,191.37934684753418,22.72720338534787,23.70776189472737,-2201.734043470302,307.47852325439453,202.0501470565796,21.824945772218772,22.76657664209923,-1769.3241692118634,310.19039154052734,207.8976345062256,75.67873126913751,78.94386788391513,-780.2943079999025,360.8870315551758,166.1441946029663,5.203195004750243,5.427685323746465,-1358.737462472347,325.6665802001953,174.53819274902344,42.6500247293932,44.49014750933076,-1705.2872118415657,318.31615447998047,184.4791603088379,48.91058398786147,51.02081675670877,-2268.663173348606,319.2355155944824,190.80016136169434,171.06475134246426,178.44528975450146,957.4721933606795,1922.1148329418127,2027.1113592869108,2217.1727861828863,2607.339649601309,3217.772851771057,2544.8835973108503,2802.352855454635,2883.28154265774,3304.230434361307,2505.3002781156833,2701.6233960800782,2771.9737083727964,3079.2682950140893,2433.940327590429,2683.903466518995,2742.523027244396,2983.9642324831593,2323.072649868846,2626.1139891757966,2706.495642392928,2912.2818617460116
420,16.8,435.21148681640625,187.20831871032715,309.21016260786035,322.55094418097843,7436.366065699523,431.5040588378906,225.03491878509521,633.8237871985034,661.1699281841256,16280.332637637392,403.8747787475586,246.4145851135254,779.1229309015025,812.7379607313801,20126.68875743849,372.596435546875,255.12465476989746,821.5329596147714,856.9777576670178,21226.340415559604,349.5456314086914,259.04500007629395,861.3389234704676,898.5011381322703,21237.74454005951,392.05482482910156,239.50203895568848,668.2220856992151,697.0523311622405,16844.915782225373,341.4370346069336,260.1466655731201,771.700542413008,804.995335473367,18801.006338881285,329.1382598876953,272.9622745513916,1045.2409217816685,1090.3375341024544,26186.03175451675,332.139892578125,278.08802604675293,1278.7320206021052,1333.902537746586,32521.733837583433,379.7379684448242,217.29520797729492,549.8557379722764,573.5791021565146,13499.539562355134,328.49754333496094,239.6042776107788,747.3775591128865,779.6229442085241,18680.43916613799,320.4319763183594,254.59078788757324,941.7582987113517,982.3901836785765,24347.249379738663,326.1478805541992,261.4179039001465,1084.2315120717171,1131.010361949249,26870.766433591034,370.79471588134766,199.49745655059814,514.7258251435738,536.9335195652864,12813.588305033449,322.6402282714844,219.2470121383667,721.0173370966319,752.1254181619885,18210.44140668153,319.0081214904785,234.67852592468262,865.1382631716965,902.4643992280893,21992.44556464975,325.7300567626953,241.85328483581543,933.5641998954972,973.8425528779744,22372.467124851482,366.79054260253906,188.0302619934082,566.7072593639641,591.1576774851272,14643.24980403452,332.4171447753906,205.4230499267578,790.3498137584918,824.449224149082,19498.976915993782,327.8673553466797,219.4946050643921,907.36803772825,946.5161649944062,22387.383705942433,332.82081604003906,227.05102443695068,967.8214782105432,1009.5778513959661,20778.314041036618,1935.0168707090518,2053.558156414276,2249.6823046121413,2641.6187599079894,3253.712897296348,2572.76569055734,2834.55266887357,2926.895044021838,3357.5865358711703,2528.2434422019437,2732.8083138484194,2811.2693157199396,3124.5087094920586,2455.4176683730407,2713.9884832454745,2778.6216032135194,3022.9179345982784,2346.718956968251,2659.09195814176,2744.3562889927043,2952.6649758018502
421,16.84,431.1308288574219,201.45433902740479,370.47340006808463,386.45736601304185,1597.6605458015854,436.43043518066406,241.2850570678711,424.5116150354251,442.8270438805676,-5458.5721075889505,413.1035614013672,269.15599822998047,613.5665712682047,640.0387206271405,-4317.48100260599,383.38279724121094,284.24351692199707,776.3108799129769,809.8045846295594,-1179.3293259364618,362.3593521118164,294.88423347473145,951.5257776478563,992.5790776226376,2351.948487259182,396.7501449584961,257.2964859008789,460.0872017907954,479.9375288690235,-5427.870057330427,354.3410873413086,290.3570365905762,821.2722957338358,856.7058475195616,1292.762801154865,343.6534881591797,307.1597957611084,928.7633944735095,968.834618117256,-3037.5728996299586,345.00621795654297,313.505916595459,942.0620002365304,982.7069883167856,-8779.88873574501,378.67481231689453,237.90408611297607,515.9070646466469,538.165723299493,-885.33447142554,334.5311737060547,272.06048011779785,825.3066765722659,860.914290533356,2032.283658120798,327.58758544921875,292.71732330322266,969.8052139587127,1011.6471748398695,731.4247790323265,332.76782989501953,302.48600006103516,1039.955603485981,1084.8241823025235,-1154.6544911681394,366.53858184814453,223.4194564819336,607.4417449555364,633.6496404836101,2417.9030229580944,324.92897033691406,255.11672973632812,898.5665601388313,937.334950241594,4630.238301990138,322.0627212524414,274.99279975891113,1010.745781121218,1054.3541107380856,3797.2427877499085,328.43509674072266,284.10000801086426,1058.3308970709297,1103.992272527761,3253.742991244667,361.0137176513672,215.74471950531006,707.7529855533529,738.2887800704425,3678.2775646328814,331.8819808959961,240.5284881591797,877.737928522872,915.6076734371587,2278.9612322019166,328.62682342529297,257.9431915283203,961.4021637810438,1002.8815775323691,1409.1353134490732,333.5511016845703,267.13720321655273,1002.3207589990923,1045.5655935130433,899.693552926928,1950.4751653495734,2071.2712381694987,2275.283853437227,2674.0109432931717,3293.416060401253,2591.963191712101,2868.8209027743524,2965.648428746528,3396.8948154038417,2549.7700711339235,2767.2448854697536,2851.735202713535,3167.9016767841595,2480.763653992385,2751.4818812551384,2820.7957676430433,3067.077625499389,2376.2505081710683,2695.7162650792466,2784.4715520939994,2994.487599542372
422,16.88,426.4544677734375,221.03028774261475,503.1687844850958,524.8778537848004,3460.5121942939645,433.95442962646484,259.1459655761719,450.7928128907424,470.24213629197146,685.3773102850965,412.92510986328125,289.1992378234863,501.10084960148373,522.7206984585063,-2932.950554215856,386.6301727294922,307.2996997833252,582.0937508774309,607.2080146520699,-5064.914249437237,365.233154296875,317.60644912719727,572.5806838101565,597.2845091025524,-9882.364213002129,394.11014556884766,287.4004554748535,755.4876657200191,788.0829589812486,7703.635752805627,350.12996673583984,319.05773162841797,725.1997278375283,756.4882569219834,-2505.439764939456,340.84877014160156,332.5656509399414,639.005047185644,666.5747321103755,-7556.497150172012,345.10963439941406,334.79390144348145,532.2059010913268,555.1677682515215,-10688.480501631602,375.30384063720703,267.12103843688965,735.2694035025079,766.9923857835386,5720.666562101138,331.7256164550781,300.93692779541016,725.3104430028515,756.6037488605697,-2607.763541819659,325.48500061035156,316.48298263549805,596.4621878744717,622.1963736397335,-9736.270030003401,331.7079162597656,320.58013916015625,453.12890457113576,472.67901796121913,-15303.629108532607,363.2112503051758,249.09393310546875,647.2296178179773,675.154149425021,1037.6127235352726,322.36019134521484,280.07277488708496,627.1975441770763,654.2577978553289,-7076.928809656627,324.20989990234375,294.1314125061035,481.4670770426515,502.23983255398787,-13802.856954602445,334.4895935058594,297.22643852233887,361.38631429159585,376.9782205918832,-18175.35129839695,357.4905014038086,236.20659828186035,519.0746187888718,541.469940634079,-4920.470985909088,327.44571685791016,261.6400623321533,539.3161194261337,562.5847548663287,-8825.57296427075,327.0499801635742,275.0624656677246,429.7935418111414,448.3368578343951,-13863.617992449348,334.5674514770508,278.93054008483887,295.926259173582,308.6939106378432,-18421.79207188,1971.4702795009653,2090.0809236211776,2296.192681375567,2698.299263879255,3317.3074407653553,2623.4865100713505,2899.0804330512315,2992.311418030943,3419.1015261339026,2580.4497665652652,2797.509035424176,2876.6230576591242,3186.808837502608,2507.769819969386,2777.6521931693514,2840.8853609452026,3082.1567543230644,2397.909305796432,2718.2196552738997,2802.4050264073753,3006.835355967886
423,16.92,422.8271484375,238.4386110305786,444.55537145495947,463.73558227894296,-1528.556787646437,426.45484924316406,280.8234214782715,573.4521559778675,598.1935806807693,3198.7861097199457,403.08788299560547,311.43327713012695,607.8258058108438,634.0502715316248,2783.2393268279648,376.02977752685547,326.56113624572754,549.6426754306191,573.3568470941274,-846.2791889485629,354.04457092285156,332.9399585723877,474.5398493693771,495.01373167901465,-2556.769435588444,386.7352294921875,308.8557243347168,567.1849064606265,591.6559325253704,-4910.675661396954,341.0710906982422,335.74745178222656,474.7433476870725,495.2260098718085,-6531.556176254372,332.5212860107422,348.6612796783447,453.05646477165897,472.60345276788763,-4849.281983562198,338.60340118408203,350.9692096710205,435.86958120246726,454.6750461592027,-2512.3180523079695,370.03063201904297,286.21593475341797,495.2409732075175,516.6079994200381,-6259.60965908751,325.05809783935547,315.7661819458008,406.4807676476571,424.0182608824377,-8314.6371994533,318.70737075805664,332.2169494628906,428.2916489818951,446.7701662805137,-4385.655183980493,325.75096130371094,336.9108581542969,434.58147626052954,453.3313663081846,-483.69129132586295,359.27791595458984,266.2112617492676,439.0857397858896,458.0299649593141,-5428.104611642673,316.08760833740234,294.0608310699463,383.2517232224657,399.7870061637194,-6361.769792290238,312.5572967529297,311.3956832885742,520.7195777288663,543.1858708440025,1023.650957250365,320.56774139404297,317.5465965270996,615.7956172514389,642.3639381440913,6634.642938805203,354.9601745605469,252.04238891601562,400.91677669945625,418.21421318031673,-3081.3931863440557,323.09471130371094,276.26532554626465,381.4688498215733,397.92721121402263,-4116.438591307651,318.23482513427734,292.0997142791748,479.56673052278364,500.2574961421288,1298.0159576933418,322.4580764770508,299.1727066040039,589.693918635036,615.1360894135009,7661.0544693914435,1990.0197027921229,2114.008666848408,2321.554692236832,2721.2335377630197,3337.1079900325158,2647.1527473723654,2918.889473446104,3011.2155561416585,3437.2885279802704,2601.1140865420666,2814.4697658594737,2894.4938643103446,3204.9420921549354,2526.0910185677585,2793.6436734159006,2862.612795778962,3107.8513118488277,2414.6378743236446,2734.1367437224603,2822.4153262530604,3031.4407995444258
424,16.96,414.5415496826172,249.17841911315918,339.11154541829825,353.742413363235,-2749.8292228926985,417.7234649658203,291.26967430114746,340.3686140037095,355.0537178032474,-6078.496571938047,394.4919967651367,322.2898006439209,346.18759626530806,361.1237583440277,-6823.162829689929,366.26258850097656,339.3028163909912,401.36360883201644,418.6803237538895,-3866.9130835059464,344.28672790527344,347.1664810180664,431.28401405939735,449.89163606967645,-1128.052390233455,382.7783966064453,318.9806842803955,271.76660527381887,283.4918955723262,-7704.100923826106,346.84642791748047,354.2919158935547,485.57418921588066,506.5241448746417,282.4533750708298,332.10472106933594,371.00810050964355,558.767576690311,582.875439536396,2756.7996692127094,326.1946105957031,377.8596782684326,740.3864638039751,772.3302201475482,7941.379349708637,365.10791778564453,298.6590385437012,334.5369442971357,348.97044242140794,-4190.938924965755,318.35723876953125,331.48881912231445,427.2754030320603,445.7100746978997,542.2953453865503,317.71833419799805,344.03746604919434,296.54553369193326,309.33990357325246,-3435.756567681531,325.9144592285156,345.6457328796387,218.41011886876714,227.8333592455144,-5637.4501765667555,352.84671783447266,280.338077545166,388.0457719388948,404.787892702804,-1331.051806412752,309.31121826171875,310.33679008483887,440.75666778300564,459.772984653695,1499.64946224939,316.5517807006836,322.2175598144531,288.38874972664127,300.8311975614717,-6058.86683206327,329.2582321166992,322.0904731750488,245.16760082690445,255.7452848973503,-9665.466331168525,346.6530227661133,266.2543201446533,411.5426467749793,429.29853329676445,277.10800291119284,312.8537178039551,291.52276039123535,459.3931227109358,479.2135039512885,2032.1573184316462,316.3827133178711,302.6538562774658,267.8855066774819,279.4433481179026,-5520.353700605655,326.38912200927734,303.1632900238037,140.0398938847863,146.08187394159597,-11726.355386797624,2004.1693993266524,2128.210815560538,2335.9996425705936,2737.980750713175,3355.1036554753027,2658.4924231952587,2939.1504392410898,3034.5305737231142,3468.181736786172,2615.072904238923,2832.2981688473897,2906.8674604532753,3214.055426524756,2542.2825342758706,2812.0345928020483,2874.6460436814214,3118.0811232447218,2431.809815655515,2753.305283880512,2833.5930601777764,3037.2840745020894
425,17.0,409.86438751220703,255.62307357788086,199.0750755650568,207.66411118201842,-3651.957554530415,411.57936096191406,297.7925491333008,224.02275287171727,233.68814869268314,-3034.139227764107,387.3001480102539,329.040584564209,246.5965480946682,257.2358836749415,-2597.1968667271553,358.43822479248047,347.64272689819336,285.8919974297238,298.2267236206263,-3011.340003331581,335.50792694091797,356.37282371520996,318.0252468643576,331.7463526565205,-2953.6320853288985,379.9266052246094,330.9829616546631,308.41061940046865,321.7169049169303,955.6252336151019,349.1398239135742,370.9841537475586,421.2262380312536,439.39992025129055,-1678.105615583779,329.92008209228516,390.3582000732422,486.82581624567575,507.8297729847205,-1876.1416637918885,313.994083404541,403.13060760498047,701.5486143503709,731.8167230956882,-1012.8374262964996,362.0188903808594,310.495662689209,305.8265046042571,319.02129924743895,-748.7285793492248,312.7835464477539,344.2005443572998,346.99964386473357,361.97084149842834,-2093.480829986784,317.1429634094238,349.5424461364746,138.3741696129033,144.34428248564367,-4124.8905271902195,327.9182434082031,348.66122245788574,90.51356402248022,94.41874513568872,-3335.3653527456418,349.25025939941406,290.9724998474121,280.6526444931675,292.7613203417346,-2800.664309026736,306.7814254760742,322.08234786987305,300.37266355715957,313.3321538315258,-3661.0207705542307,316.7526626586914,328.2228183746338,150.215436822577,156.6964376883279,-3603.368996828595,329.6883773803711,325.5623531341553,87.46061755979201,91.23408019528412,-4112.780117551654,342.7194595336914,274.286584854126,223.593095916585,233.23995431451974,-4901.464474556118,308.51701736450195,300.6416416168213,252.43930645292818,263.3307261250846,-5397.069445655097,315.5018615722656,308.0281162261963,136.14920536461236,142.02332280889044,-3435.5006327253036,327.23644256591797,306.12462043762207,77.00417986021681,80.32650256483977,-1643.884284418905,2012.4759637739332,2137.558341508245,2346.2890779175914,2749.909819658,3368.373509581564,2671.361099391936,2956.7264360511413,3054.843764642503,3497.4544057099997,2627.8337562088204,2846.7770025073273,2912.641231752701,3217.8321763301833,2553.9929870895403,2824.5678789553094,2880.9139011889547,3121.730486452533,2441.139413828096,2763.8385129255157,2839.273993090132,3040.497134604683
426,17.04,406.6256332397461,259.339542388916,123.24180921257263,128.55904084401135,-1977.6267584501766,408.10741424560547,300.85341453552246,115.71330684984903,120.70572345985791,-2824.560630820631,386.4756774902344,331.3007068634033,60.14516005931383,62.74010531035046,-4862.394459114776,360.55686950683594,347.7055549621582,52.98940219095664,55.27561437220429,-6073.777731210549,339.4405746459961,353.1675338745117,126.83552571918584,132.30780719292628,-4985.963636589856,375.9947204589844,336.90073013305664,177.62267164909989,185.28614960506044,-3410.768882796746,345.0877380371094,375.1039981842041,144.4656493175904,150.69857729159372,-7217.533573992421,325.7224655151367,391.8582344055176,111.43969200523955,116.24772475901057,-9789.551205642747,310.8903121948242,401.30664825439453,90.00077581213101,93.88383282873853,-15948.322256673742,358.9884948730469,317.2253894805908,184.5137522320705,192.47454383414413,-3163.6688853323703,310.89962005615234,349.7339630126953,146.13328818422053,152.4381659469207,-5238.316888787691,315.07408142089844,353.0763816833496,102.37484167237902,106.79177412315946,-938.8127090621055,326.5562438964844,349.57520484924316,41.00614650294472,42.7753446400216,-1291.085012391678,345.94154357910156,297.58715629577637,184.9007847290559,192.87827473444347,-2497.076140182278,303.27136993408203,325.69504737854004,125.92678340952928,131.35985746344517,-4549.307409202015,311.9721984863281,330.78895568847656,135.64175798943967,141.49398176588053,-380.06139806118426,324.8950958251953,327.6495552062988,130.69994394879419,136.33895461110194,1127.6218603954455,338.7028503417969,280.2604007720947,179.9646250346656,187.72914588102714,-1137.770210837315,306.00948333740234,303.4819221496582,94.71971944332239,98.80637389576007,-4113.108805733113,313.1294822692871,309.651460647583,71.8654587912728,74.96607288590774,-1676.4312480745677,325.0752639770508,307.7548313140869,67.67699200394031,70.59689593023926,-243.24016586501287,2017.6183254076936,2142.38657044664,2348.7986821300055,2752.120844232888,3373.665821869281,2678.772545376138,2962.754379142805,3059.4936736328636,3501.209759023149,2635.5327379621863,2852.874529145204,2916.9129027176277,3219.543190115784,2561.708118078918,2829.822273253847,2886.5736604595895,3127.184044636977,2448.648579663337,2767.790767881346,2842.272636005568,3043.321010441893
427,17.08,404.7138214111328,262.3047351837158,88.20215692642645,92.00761305991587,-913.785694602387,406.4149475097656,302.6986026763916,62.59574130446342,65.29641616297152,-1385.2326824221595,387.86338806152344,332.213830947876,41.529629658469766,43.32141332241344,-485.4672996984254,364.5474624633789,349.0044593811035,104.91658839992253,109.44318376611416,1354.1892348477468,343.9441680908203,355.618257522583,128.18053751320713,133.7108491254332,35.076048312673436,374.33956146240234,340.27896881103516,94.0480192154401,98.10569335899267,-2179.5114061516942,338.2234573364258,375.1247978210449,171.60780533433996,179.0117736512254,707.8299089907922,320.71380615234375,384.03748512268066,232.17825581528916,242.1955184134382,3148.694841360691,315.1394271850586,381.355504989624,509.96513102100425,531.9674266942087,10952.089846636754,357.5532531738281,321.5350914001465,113.56014202449649,118.45966097104021,-1850.372071577598,312.94958114624023,352.6312065124512,88.72837894295684,92.55653877066604,-1497.0406794063663,308.945369720459,358.3491325378418,202.1184811574815,210.83882361411656,2601.1762372739277,315.5001640319824,355.0359535217285,308.2781597379792,321.5787303212393,6970.0846420304415,344.50550079345703,301.49548530578613,104.09507232779328,108.58622362453825,-2107.3012777476306,303.8839530944824,329.42015647888184,94.37854608521803,98.45048071340851,-822.7344187509165,309.17531967163086,334.86677169799805,123.62017056191745,128.953726482554,-313.50638208316326,321.1574172973633,331.12629890441895,127.61756227062403,133.12358448149595,-80.38425324014966,337.3106384277344,282.83543586730957,73.18239096277571,76.33982370883676,-2784.733054304759,305.40626525878906,305.57567596435547,54.47291234483688,56.82313013559458,-1049.5810940041374,311.5850067138672,311.3730525970459,57.82129571871158,60.31597852587489,-366.2523590008211,324.0727233886719,307.77597427368164,25.06908773878135,26.15068616019078,-1111.1552442512118,2021.2986299300903,2144.9984270931586,2350.5315386629018,2756.498571583533,3379.014255834298,2682.696773110498,2969.9148500888537,3069.1814943694017,3522.4884560909177,2640.271124401028,2856.5767906960305,2925.3464556621925,3232.4063393286337,2566.051567023899,2833.760292482383,2891.731809518891,3132.508988016237,2451.7021726116905,2770.06369308677,2844.685275146603,3044.3670378883007
428,17.12,401.6639709472656,265.3039741516113,106.9375467226485,111.55133574161168,488.5930670423953,403.3078384399414,304.9725151062012,96.25748188526173,100.41048264623026,877.8516620814685,386.0434341430664,334.1483402252197,66.40104672290632,69.26590036512029,648.6121760676712,363.0398941040039,349.7293281555176,41.81953116001223,43.62382253902315,-1645.4840306772753,342.26158142089844,354.3269920349121,53.023959569287804,55.311662718465385,-1959.9796601741957,375.6519317626953,341.3294506072998,42.02549679491055,43.83867450069538,-1356.6754714574322,337.26226806640625,375.9283447265625,31.320644571188534,32.67196457448157,-3658.495226918596,322.6798629760742,380.3180408477783,105.17736551963355,109.71521203799946,-3312.0076593859685,321.5971374511719,374.6935272216797,231.9536182915259,241.96118896974463,-7250.155943111602,359.10877227783203,322.8500175476074,50.9207132228476,53.11767242665913,-1633.549713609527,316.14688873291016,357.11302757263184,137.6351513496279,143.57337949663435,1275.4210181492076,315.119686126709,357.4408435821533,156.0191733239732,162.75057469506342,-1202.2062229763285,323.22193145751953,350.85805892944336,219.4887460075282,228.9585234351139,-2315.5051721531345,345.0986862182617,303.0099105834961,40.661351966329846,42.41567404447713,-1654.263739501528,306.5349578857422,336.20558738708496,182.1227247855147,189.98035621125132,2288.24688744607,313.0482292175293,337.39222526550293,115.5891000276799,120.576157770857,-209.4392177924252,324.3232727050781,330.8495235443115,79.44827351223528,82.8760459190311,-1256.1884640616213,336.17103576660156,284.00038719177246,40.74160813613055,42.499392843132526,-846.0107716426058,306.17908477783203,309.9177360534668,110.25747091032902,115.01449708247505,1454.7841736720115,313.8667678833008,313.7006664276123,81.48703953152221,85.00277389892312,617.1698843262059,326.04698181152344,308.6491870880127,53.96872322994298,56.29718792954542,753.6625442338661,2025.760683359755,2149.0148463990076,2353.3021746775066,2758.2435244850935,3381.2267223430367,2684.4503200905256,2971.2217286718333,3073.5701028509216,3532.166903649707,2642.395831298094,2862.319725875896,2931.8564786499946,3241.564680266038,2567.7481939856784,2841.359506730833,2896.554855829726,3135.824029852998,2453.402148325416,2774.664272970069,2848.0853861025603,3046.618925405483
429,17.16,401.66080474853516,265.74485778808594,11.022375133265184,11.49793226835309,-2501.3350868314647,403.1586456298828,304.80597496032715,5.5898409392017046,5.831012983384924,-2364.4867415711337,385.8829879760742,334.45406913757324,8.631813987777589,9.004231064950973,-1506.5417325042329,363.14937591552734,351.0096073150635,32.12379368768193,33.50976532351969,-252.85143038758662,342.1159362792969,357.54289627075195,80.48001522647094,83.95230182624609,716.0159776945175,375.3696060180664,341.5620517730713,9.145050860934289,9.53961139213359,-857.4765777140449,337.44834899902344,374.98620986938477,24.008386589286257,25.04422137139475,-190.69358007717048,322.1712875366211,380.59910774230957,14.526862548748698,15.153619763230493,-2364.0398068692243,320.0971221923828,376.28700256347656,54.710656191885306,57.0711313710389,-4622.251439967643,359.0475082397461,322.9111576080322,2.163820312454336,2.2571777037783027,-1271.5123680720205,316.6607856750488,356.84898376464844,14.444055863785527,15.067240408185684,-3212.6534772112163,313.69564056396484,360.1011371612549,75.43651176560773,78.6911978911062,-2101.4844200989305,320.70491790771484,355.4549217224121,131.02124051866755,136.6741134270371,-2307.1102502019203,345.33008575439453,302.93701171875,6.065269460406833,6.326953728384818,-902.2180079023078,305.8968734741211,334.6756839752197,41.440892892699615,43.22884803496839,-3668.7877044070733,310.4975891113281,338.77060890197754,72.48149074359817,75.60868335573305,-1124.1868603780986,321.30714416503906,334.5864200592041,120.05578633768152,125.23555794871727,1058.9878007421544,336.7149353027344,283.4583377838135,19.19707442024328,20.025326553107842,-561.8516572506171,305.4155921936035,309.2538356781006,25.294325383662304,26.38564161705132,-2215.7213866355933,311.90385818481445,314.3598175048828,51.76566566677279,53.99908009540295,-775.0923450880043,323.79974365234375,310.53351402282715,73.31766218543687,76.48093116863654,504.59358097727807,2026.220600650489,2149.2480869183432,2353.662343920105,2759.583915098034,3384.5848144160864,2684.831904546211,2972.2234975266892,3074.176247641451,3534.4497489045484,2642.486118406245,2862.922415492223,2935.004126565639,3247.03164480312,2568.001272134814,2843.0886606522317,2899.5792031639553,3140.833452170947,2454.20316138754,2775.719698634751,2850.2453493063763,3049.6781626522284
430,17.2,400.70491790771484,265.01306533813477,30.096094454461365,31.394581602925786,497.4162333643174,402.56404876708984,303.8125419616699,28.94450025549251,30.19330221075454,609.0572306842404,386.2451171875,333.2357883453369,31.774062284548947,33.14494486180238,603.5178449212852,364.19803619384766,350.2004814147949,33.11318753355899,34.54184627604393,25.80202381310599,343.3930206298828,355.6999683380127,56.05425833390192,58.4727028325198,-636.9899748431571,376.4131164550781,341.0496425628662,29.06326322498237,30.317189173652565,519.4394445379744,338.2128143310547,372.0761203765869,75.22062591125732,78.46599770502966,1335.5444083408727,323.49525451660156,375.9510040283203,120.82465782094971,126.03760216612062,2772.099560072253,320.12996673583984,371.7982864379883,112.22090719662444,117.06264525018887,1499.787846978749,360.20999908447266,322.89207458496094,29.06618660319298,30.320238680156738,701.5765244094608,318.8728332519531,355.62323570251465,63.223872045656684,65.95164742035399,1272.1101753042078,318.5548973083496,355.23508071899414,171.9209146074077,179.33839193184093,2516.1798510183685,326.4712142944336,348.28468322753906,230.03056059582198,239.955161515044,2582.026202200173,346.01001739501953,303.2445430755615,18.656141270124373,19.461055001234826,328.3525318212502,308.2086372375488,335.01428604125977,58.41073882977419,60.930852986696976,442.55012379321477,314.3630599975586,335.165491104126,132.14277200409379,137.8440330587269,1555.883742574846,325.0562286376953,328.3161735534668,182.63971642591713,190.51965330400878,1632.1023838822878,336.2294006347656,284.04553413391113,19.04835077125336,19.8701862659997,-3.878507177703572,306.63326263427734,309.4342517852783,30.774088875829886,32.10182789430719,142.9046569313968,313.86226654052734,312.0142650604248,76.39117896323584,79.6870539243507,642.1993457236939,325.1779556274414,306.9421577453613,96.16817352948603,100.31732110769688,595.9097484765085,2027.4763839146058,2150.4558190067733,2354.9881417145766,2760.965588949076,3386.923722529387,2686.0445921131573,2975.3621374348904,3079.217751728096,3539.132254714556,2643.698927953452,2865.5604813890372,2942.177662242913,3256.6298512637213,2568.7797143348635,2845.5258947716998,2905.0929644863045,3148.4542383031076,2454.9979688381804,2777.003771750523,2853.4328314633503,3053.690855496536
431,17.24,400.26668548583984,264.01854515075684,27.169813887436046,28.34204752101889,-76.31335204767238,401.16565704345703,302.1525764465332,54.26200860274998,56.60312701355068,660.2456200699036,384.4906997680664,331.86784744262695,55.61723426083284,58.016823484281765,621.7969655619846,362.60948181152344,347.3734474182129,81.06951586228348,84.56723629370653,1250.634750441565,342.01026916503906,351.57362937927246,108.79646942785234,113.49046112049957,1375.4439571994944,376.70894622802734,340.0191307067871,26.80333398202056,27.959755947811345,-58.935830646030496,337.3790740966797,367.6659393310547,112.20745193832772,117.04860946872813,964.5652940924616,321.9579315185547,370.2839756011963,146.7961452026151,153.1296217365265,677.3004892601471,316.4114189147949,366.5521430969238,160.7591713021236,167.69507849265457,1265.8108310616426,361.2724304199219,321.9370937347412,35.713694562019924,37.25455141582649,173.35781839174382,319.3799018859863,352.02404022216797,90.86847192979073,94.78896544033466,720.9329504995168,320.4547119140625,348.0593776702881,185.5734520669804,193.57996410693153,356.0393043772649,328.92173767089844,339.5669460296631,226.39015916917518,236.15769603894373,-94.93663690250713,347.1495056152344,302.1570110321045,39.379240641121896,41.078246403020835,540.4297850446502,308.6845016479492,333.6589050292969,35.91225961175428,37.461683496263255,-586.729237260843,315.39493560791016,329.9187183380127,133.6819727339536,139.44964215162707,40.14022732250453,325.99517822265625,321.32311820983887,176.39524044411857,184.0057612415447,-162.84730156160236,336.94812774658203,282.5361728668213,41.7936904317731,43.59686692016005,593.1670163540089,307.07942962646484,308.45927238464355,26.8054310795845,27.961943524033238,-103.49710925684886,314.7645950317383,308.57062339782715,88.99741782219498,92.83718525326468,328.7532832228493,325.69236755371094,302.18173027038574,119.7035123085126,124.86808516011112,613.769101310356,2028.6100658154467,2152.719944087315,2357.3088146539476,2764.3482784008243,3391.463340974207,2687.16298235107,2980.0440818136394,3085.342936597557,3545.8400578542623,2645.1891100100847,2869.352040006651,2949.9208608071904,3266.076159105279,2570.422844190984,2847.02436211155,2910.6709501723694,3155.8144687527692,2456.7418435149866,2778.122249491484,2857.1463188734806,3058.6855789029405
432,17.28,400.8517837524414,263.1027030944824,27.169682709100368,28.34191068303248,-0.0034209496602599643,399.42211151123047,301.1224365234375,50.62817449369735,52.8125122000317,-94.76537033797463,381.59740447998047,328.79462242126465,105.52212343860536,110.07484443604342,1301.4505237940414,359.7095489501953,341.53432846069336,162.98949506079123,170.0216289142843,2136.359815514444,340.03692626953125,343.6102867126465,205.1050167130196,213.9542123683036,2511.5937811951003,372.8340530395508,337.8117084503174,111.48853708021949,116.29867724039245,2208.4730323145277,332.84217834472656,361.5449523925781,190.47621925894546,198.69425974822124,2041.1412569873278,316.83481216430664,364.25734519958496,197.74767052277892,206.2794356393833,1328.74534757142,309.6252632141113,361.3982677459717,213.03512082382179,222.22645848990527,1363.2844999312674,357.9789733886719,320.0042152404785,95.46883814324339,99.58781310178504,1558.3315421489638,316.7140769958496,347.343807220459,134.65512266332075,140.4647783486385,1141.895322707596,318.29336166381836,344.07551765441895,113.30979528010607,118.19851308995271,-1884.5362754244704,326.02001190185547,336.0513210296631,113.96170294048625,118.87854711471117,-2931.978723105814,344.6592712402344,300.3087043762207,77.53025512911054,80.87527519656965,994.9257198387203,306.6105270385742,329.3929195404053,118.58541982408161,123.70175290410363,2156.001735196009,313.1768035888672,326.8788814544678,94.07682343590179,98.13574032907914,-1032.8475455636983,323.3040237426758,318.71910095214844,93.61896947690586,97.6581323956089,-2158.690721148395,335.4549789428711,280.54595947265625,62.20150070706357,64.88516617088423,532.2074812681045,305.6948471069336,304.59217071533203,102.68746294638247,107.11788335013449,1978.8984956525312,313.1363296508789,305.4137706756592,88.80092644492947,92.63221631328587,-5.124223499470304,324.1817092895508,299.0823268890381,86.19886060508813,89.9178851076641,-873.7550013111754,2029.7437422427681,2154.8324445753165,2361.7118084313897,2771.1491435573953,3400.0215094689393,2691.814929440686,2987.9918522035687,3093.5941140231325,3554.7291161938588,2649.172622534156,2874.9706311405967,2954.6488013307885,3270.831300989868,2573.657855198847,2851.9724322277143,2914.5963797855325,3159.7207940485932,2459.337250161822,2782.4069648254895,2860.8516075260122,3062.282294307247
433,17.32,400.02716064453125,262.51407623291016,25.32889718611704,26.421705009760554,-48.005141831798156,397.96268463134766,300.79273223876953,37.40514447449791,39.01897843757515,-344.8383440614137,379.9497985839844,327.29973793029785,55.61747044462597,58.017069858155224,-1301.4443644472049,358.4300994873047,339.2181873321533,66.15087232704226,69.00493226848566,-2525.417416144966,339.41627502441406,341.3913917541504,57.60155599517742,60.086758196561526,-3846.686354293551,370.5311965942383,337.7130889892578,57.624178984482086,60.1103572480897,-1404.7079998075687,332.06756591796875,359.29450035095215,59.50083404534213,62.06798003990615,-3415.656992707877,315.5084037780762,361.3781547546387,79.25077612132785,82.6700275612475,-3090.2352019533955,308.06529998779297,358.81178855895996,75.51225005053148,78.77020388206964,-3586.406365195891,356.41632080078125,320.7982063293457,43.81997945887362,45.71057959170539,-1346.9308377519915,315.53184509277344,345.44468879699707,55.92586085045749,58.33876567739471,-2053.1503167810947,313.6969184875488,341.8619728088379,127.54183298057835,133.0445878734919,371.1518695884798,320.0548553466797,334.53869819641113,153.84879054495312,160.48655138902842,1040.2001068579314,343.99486541748047,300.85561752319336,21.513790455787152,22.441996621004545,-1460.8319643891275,306.50644302368164,327.3805618286133,50.376191315720156,52.54965728191136,-1778.8023905548066,311.05289459228516,323.8513469696045,92.45591680227415,96.44490015521058,-42.271004346714136,320.66776275634766,316.3483428955078,88.63677901681874,92.46098679264058,-129.92864007420798,335.63995361328125,280.29396057128906,7.815012595303966,8.15218901649856,-1418.3244288596418,305.77964782714844,303.2141876220703,34.514748364504364,36.0038770370504,-1777.8501578271023,312.3488235473633,303.20677757263184,58.582124086003326,61.10963260942727,-788.0645925964649,323.719482421875,297.04304695129395,52.27521127221242,54.53060989620789,-884.6818802864053,2030.8006104431583,2156.3932037128197,2364.0324912257156,2773.9093408481344,3402.4249797968014,2694.2193437306096,2990.474571405165,3096.9009151255827,3557.8799243491417,2651.001045717824,2877.3041817676926,2959.970584845728,3277.250763045429,2574.5555350636873,2854.074418518991,2918.454175791741,3163.419233520299,2459.6633377224816,2783.8471199069713,2863.2959928303894,3064.463518703095
434,17.36,397.65636444091797,264.38432693481445,75.49218637978645,78.74927457014805,1308.1892390096873,395.025634765625,301.28917694091797,74.46777514482659,77.68066541358243,966.542174400182,377.19104766845703,326.1026859283447,75.18161389804251,78.42530252997233,510.2058167954276,355.5321502685547,336.7041492462158,95.91173407096113,100.04981764411454,776.122134390722,336.3578796386719,338.5787773132324,103.8766766675435,108.35840534772461,1206.7911787790772,366.0147476196289,336.0592746734619,120.24301729045833,125.43086692591494,1633.012741945631,326.4748764038086,357.6779365539551,145.54091888442952,151.8202390478177,2243.806475197788,311.6176223754883,358.0108451843262,128.63940314169378,134.18951237657697,1287.987120383237,309.38398361206055,352.72496223449707,155.70079721433248,162.41846234175918,2091.2064614922388,353.5236358642578,319.7134208679199,77.23497280745923,80.56725300594917,871.4168353560945,311.0064697265625,347.0823097229004,120.31423570712971,125.5051580402389,1679.1598090711047,304.5975875854492,343.5105800628662,231.18678696015976,241.16127292599742,2702.9171263126377,309.18657302856445,335.30261993408203,272.3774230818589,284.12906693514367,3091.062888652881,342.40856170654297,300.13718605041504,43.535210206886774,45.413524054049745,574.28818582613,302.95488357543945,326.4821147918701,91.58596232580803,95.53741174858119,1074.6938616667458,305.36521911621094,322.40527153015137,146.715682737322,153.04568774182036,1415.0196896652446,314.7887992858887,314.8462200164795,151.6957988679389,158.24066951898322,1644.492068158566,335.3117370605469,278.76245498657227,39.15701933807315,40.846437427174195,817.3562102668908,304.40242767333984,300.47667503356934,76.61066556075059,79.91601020659697,1097.803329238664,310.045223236084,299.4209861755371,110.78918859833107,115.56915557382706,1361.4880741099946,321.59000396728516,292.71806716918945,120.52004139399122,125.71984315296328,1779.7308314188847,2033.9505814259642,2159.5004303293626,2367.1695033269148,2777.911333553899,3406.7593160107103,2699.236578407646,2996.5473809670775,3102.268495620646,3564.3766628428116,2654.223735838062,2882.3243880893024,2969.617035762768,3288.6159257228346,2576.3720760258493,2857.895914988934,2924.576003301414,3169.7488603010584,2461.2971952195685,2787.043760315235,2867.9187590533425,3069.4923124292136
435,17.4,398.3540344238281,264.06280517578125,19.204811353305175,20.033397293872415,-1467.8969319068908,394.3193054199219,300.47624588012695,26.923015876293128,28.084601482231704,-1239.9015982837682,377.1684265136719,324.7323703765869,34.26255634830401,35.74080427044315,-1067.1124564882296,355.7052993774414,333.55793952941895,78.77426688001981,82.17295946879355,-446.92145438302475,336.57894134521484,333.4296226501465,128.84744376218563,134.40652884848623,651.2030875190405,366.31908416748047,335.85044860839844,9.227305261020877,9.625414634133163,-2895.1363072945446,326.0301208496094,356.0193157196045,42.93039843115895,44.782617852043096,-2675.9405298943648,310.0440216064453,356.4472961425781,55.45778228911982,57.850492004120234,-1908.4755093114181,308.7472343444824,350.79028129577637,50.91929867699045,53.116196850636776,-2732.55663727806,354.4369888305664,320.16809463500977,25.506639767229935,26.607116242287976,-1349.0034190915298,312.08030700683594,349.85578536987305,74.35259607461366,77.56051697624214,-1198.6160265999188,302.9307556152344,345.1922607421875,59.19448202816717,61.74841055500262,-4485.321559274869,307.2334671020508,335.1228618621826,49.03401704809009,51.1495753000377,-5824.48729087765,343.45848083496094,300.5130100250244,27.878910444423926,29.08173784051846,-408.2946553382821,305.0329399108887,326.24213218688965,52.29668837504106,54.55301362232486,-1024.6099531564082,306.60194396972656,318.70408058166504,97.5586451847694,101.7677842538171,-1281.9475872000814,316.45158767700195,309.7180938720703,134.77421625304032,140.58901019627888,-441.2914830676087,336.10424041748047,278.7611389160156,19.81261124247516,20.667420530597326,-504.4754224144217,305.15899658203125,299.44644927978516,31.95467118981479,33.33334608519577,-1164.5666030350299,309.698543548584,296.4744186401367,74.17229539390293,77.3724372756617,-954.9179574541341,321.1863708496094,289.80640411376953,73.487675165559,76.65827930881058,-1226.5390961038174,2034.7519173177193,2160.623814388652,2368.5991354977323,2781.198251932651,3412.13557716465,2699.6215949930115,2998.3386856811594,3104.5825153008104,3566.501310716837,2655.288020487754,2885.4268087683517,2972.0869721849676,3290.661908734836,2577.5353455394697,2860.078035533827,2928.6467146715663,3175.372420708909,2462.1238920407927,2788.377094158643,2871.0136565443686,3072.5586436015665
436,17.44,400.5241394042969,262.4011516571045,68.33030093956361,71.2783916878493,1281.1248598494221,397.00504302978516,297.6617431640625,97.25807179795,101.45424271657717,1834.2410308586366,381.2173843383789,323.63800048828125,104.8561661237861,109.38015458863501,1840.9837579547964,360.7188415527344,334.1536045074463,126.22010019577328,131.66582931621096,1237.3217461854351,342.25887298583984,334.0341567993164,142.8003085161356,148.96138585078856,363.8714250575582,371.43798828125,337.7443599700928,136.4507227260118,142.33784904821616,3317.810860352075,334.84466552734375,354.5543575286865,223.38629710788135,233.02423323200324,4706.040384499003,314.7588348388672,356.20370864868164,118.02753567442213,123.1197990067976,1631.7326750669345,305.66429138183594,352.3999214172363,86.94638661103576,90.69766290340243,939.5366513191414,361.02691650390625,323.2210636138916,181.56914372675132,189.40289106043323,4069.8943704536314,321.5660095214844,353.4971809387207,254.0156416015939,264.9750717903744,4685.363870353306,303.7893295288086,354.0085029602051,221.44874690860422,231.0030879989229,4231.3669360980075,298.52210998535156,347.1127223968506,370.5102043596898,386.4957582149896,8383.654572873798,350.69244384765625,303.6371898651123,196.9941632102577,205.49341847535752,4410.292015870977,313.6393928527832,330.6052494049072,241.23098901675974,251.6388291278274,4927.1453876375635,307.9212188720703,324.42280769348145,146.72322167813562,153.0535519480193,1282.144192355055,312.8678321838379,315.01516342163086,159.88716577571424,166.78545054413505,654.9110086964042,342.15606689453125,280.64595222473145,158.463570176723,165.3004343314925,3615.8253450223797,311.69628143310547,301.3787269592285,170.42188506497538,177.7746872004414,3611.0335278811403,311.65416717529297,299.7510051727295,95.39550262889341,99.5113135482255,553.4719068140952,319.4561767578125,293.4100914001465,99.93789838345768,104.24968963237923,689.7852580892163,2037.603052985233,2164.6819840973153,2372.9743416812776,2786.4648851053,3418.0940325986817,2705.31510895494,3007.6596550104396,3109.5073072610826,3570.129217232973,2662.864136130171,2896.0258116399673,2981.3270957049244,3306.1217390634356,2585.755082278484,2870.14358869894,2934.768856749487,3182.0438387306745,2468.735909414052,2795.4880816466607,2874.9941090862976,3076.728631186862
437,17.48,405.1759338378906,259.6943950653076,134.5495324677162,140.35463249508294,1726.906020180841,401.85874938964844,294.508695602417,144.69833783119267,150.94130508271638,1237.1765591534804,388.62735748291016,321.42245292663574,193.35258111896854,201.69472139518592,2307.864170163773,369.2343521118164,333.27269554138184,214.02383145389777,223.2578267494835,2289.799935831814,351.10572814941406,334.1992950439453,221.20990727855485,230.7539437032422,2044.8139463113407,380.84835052490234,336.4262866973877,237.55556548544732,247.80483052865048,2636.6745370108583,345.0289535522461,356.0533905029297,257.3504692438378,268.4537795909674,885.7386589741033,322.40379333496094,361.70276641845703,235.43181969829809,245.5894563537916,3061.7414336748498,307.65512466430664,361.30494117736816,228.12112200393068,237.9633407563867,3681.641946324607,370.77144622802734,323.85987281799316,244.13615149072604,254.66933398275793,1631.6610730581174,335.42842864990234,356.6004753112793,355.1382653758623,370.46060144229983,2637.138241298136,312.5644302368164,364.4814205169678,341.5812445327132,356.3186669199712,3132.8894730262073,299.2062759399414,364.9321174621582,445.8131079464026,465.0475834415967,1963.7956306651772,359.5083999633789,305.1041507720947,223.4293184333728,233.06911069993689,689.3923056144843,326.91593170166016,333.9671516418457,342.3894625062143,357.1617552203626,2638.0731523133795,317.1584129333496,330.8368492126465,281.14240468055783,293.27221108844446,3505.466478510629,317.5966262817383,323.75779151916504,248.48923476698604,259.2102297573795,2310.619480331112,348.58154296875,282.0017337799072,164.17385298387282,171.25708561181418,148.91628200804163,320.60901641845703,303.68024826049805,230.1274717674249,240.0562538906586,1557.0391672554301,317.54817962646484,303.2941246032715,171.92490743354588,179.34255702728913,1995.7810869765908,321.80904388427734,298.1993865966797,133.4010218156493,139.1565696885383,872.6720014039767,2043.2172382850363,2170.7196363006237,2381.042130537085,2795.395198175279,3427.324190346811,2715.227302176086,3018.3978061940784,3119.330885515234,3579.647750863229,2673.050909489482,2910.8442356976593,2995.579842381723,3324.7236424011,2595.0778467064815,2884.4300589077548,2946.499745193025,3192.4122479209695,2475.5861928385248,2805.0903318022865,2882.1678113673897,3082.2948939744033
438,17.52,413.2508087158203,253.82383346557617,249.58352533578488,260.3517331711015,2999.927516900464,411.25308990478516,288.25183868408203,282.1811167172328,294.3557380506115,3585.3608241973775,397.1310806274414,316.7838764190674,242.16432867915532,252.61243745560103,1272.9429015103776,377.18177795410156,332.9896545410156,198.81160951782692,207.38927796962687,-396.71371949641593,358.9693832397461,341.0552501678467,260.8174553694766,272.07034781387324,1032.9101027657764,392.4187469482422,330.3215503692627,327.05301465240746,341.16362083206553,2333.969757585376,354.87510681152344,356.1427116394043,246.1639599314334,256.78463162256355,-291.7286992100955,331.3114929199219,368.045711517334,273.3816750708618,285.1766470810113,989.6797681804926,313.8853454589844,373.4780502319336,341.87007327782595,356.61995709639035,2966.415408500091,384.70184326171875,315.4233169555664,407.1481888822281,424.7144778099852,4251.128595680682,351.1519241333008,351.33816719055176,414.5179406355095,432.40219533631694,1548.5398473504276,327.84618377685547,366.134090423584,384.2714771801402,400.8507571061402,1113.302254654225,311.777400970459,372.2944164276123,364.20858600329575,379.92225838697516,-2128.133126365539,373.76922607421875,295.4502582550049,430.5293268866352,449.10438814068647,5400.88193601874,341.5913391113281,327.5395202636719,400.53247977959154,417.8133358828089,1516.2895165611574,328.95214080810547,329.2495536804199,297.50160114109025,310.33722027146644,426.62522957554927,326.14959716796875,324.2716598510742,214.20984402456438,223.45186477783298,-893.9591244886635,361.1136245727539,273.13570976257324,383.78008937847153,400.3381685222124,5727.027072759956,331.8462371826172,297.72557258605957,317.93601251885326,331.6532683214099,2289.925360768782,326.5608215332031,300.20934104919434,238.14859294487744,248.42344398349675,1727.0221739051906,329.1794967651367,295.9708786010742,192.49971356382224,200.805057120074,1541.2121857883924,2053.6313076118804,2182.4938658226483,2391.1466280353093,2803.6907692940645,3438.207004259366,2728.873847009369,3028.669191458981,3130.7379513984743,3593.9125491470845,2690.039488601881,2928.140323511112,3011.6138726659683,3339.9205327365785,2613.042022232109,2901.142592343067,2958.9132340038836,3201.3503225120826,2491.599719579413,2818.356462535143,2892.1047491267295,3090.3270962592064
439,17.56,421.9447708129883,242.8667449951172,349.6808944384673,364.76777384000985,2610.401016722709,420.8741760253906,277.3025321960449,364.39385518031753,380.11552094817955,2143.994572439202,405.3903579711914,306.7191410064697,325.49439431288533,339.53775427615255,2173.132920513788,383.0887222290039,324.9008560180664,250.4004944729381,261.2039502015284,1345.3668057975385,365.0861358642578,335.91779708862305,199.6999105074527,208.3159044443332,-1593.861084238501,404.24659729003906,316.7637062072754,449.8007767533573,469.20729904704876,3201.0919553745807,366.57176971435547,346.4330863952637,380.0400845997531,396.4368023366938,3491.304267853256,342.4164581298828,360.34289360046387,337.8735489932754,352.45100394636466,1681.858921633834,323.8831329345703,368.0229091644287,284.73048492539544,297.0150980007263,-1490.121477391601,396.97315216064453,298.9460563659668,513.6177680376888,535.7776556612823,2776.5794462824274,363.57006072998047,334.88436698913574,515.3504011846655,537.5850427560763,2629.5711854939836,340.262451171875,352.1601676940918,467.3289877554432,487.49175956038664,2166.0250613561616,324.1598892211914,359.81818199157715,439.4474093836741,458.40723868558194,1962.1245074651697,386.4462661743164,277.4519348144531,550.3674865318393,574.1129299572509,3125.213545414111,353.47774505615234,308.7165927886963,556.5458454910427,580.5578523976152,4068.612912870158,338.8145446777344,314.28749084472656,448.0027444021044,467.3316911185342,3924.8617711766938,335.03604888916016,311.66069984436035,385.6855394003014,402.3258286251254,4471.84909618231,374.0187454223633,255.95684051513672,537.1543614057456,560.3297284316017,3999.7889977347313,345.23670196533203,277.3780059814453,608.958133734547,635.2314534107473,7589.454627233436,335.61107635498047,283.85064125061035,467.38245276171835,487.54753129864145,5978.102182878617,334.0333557128906,284.01400566101074,322.6131169736369,336.53216507305626,3393.1776988245565,2068.222018565481,2197.6984866605753,2404.7281382063557,2814.1389273021255,3446.5396404371395,2747.642138971251,3044.5266635524486,3144.8359915563287,3605.7931530671135,2711.4705948283327,2949.643725221355,3031.113543048384,3358.256822284002,2636.0065394303992,2924.3649064389715,2977.606501648625,3217.4433556570875,2514.012908716677,2843.7657206715726,2911.606650378675,3103.788382862129
440,17.6,422.8289794921875,241.33352279663086,44.24784809952963,46.15690849909014,-7965.2716335229925,421.05079650878906,276.3695812225342,23.738053760398873,24.762225112069597,-8883.83239590275,403.97335052490234,305.32487869262695,49.69832430928164,51.84254390273965,-7192.380259335323,381.25343322753906,322.558536529541,74.39231439311989,77.60194892992509,-4590.050031790083,362.22877502441406,333.3035945892334,96.81995428657663,100.99722275396064,-2682.967042259314,403.87805938720703,314.38525199890137,60.17092636375527,62.766983294423,-10161.007893815644,367.8927993774414,343.96459579467773,69.99359442090963,73.01344747752141,-8085.58387147931,344.5616149902344,359.2551326751709,60.129660869800716,62.72393741286181,-7243.176663337572,325.86353302001953,368.39818954467773,50.39109458926699,52.56520355281454,-6111.247361197795,395.8934020996094,296.8465805053711,59.02149546737978,61.5679605398996,-11855.242378034567,364.1329574584961,333.12798500061035,46.10945142125147,48.098830148907744,-12237.155315179214,340.91033935546875,351.302433013916,26.873172961345887,28.032608109370436,-11486.478786275406,323.3246612548828,360.83913803100586,32.97685732212392,34.39963413771087,-10600.190113696777,385.0111389160156,276.40233993530273,44.44968825717904,46.36745699101025,-13193.636824156016,353.0516052246094,307.5504684448242,31.038697030869145,32.37785249041382,-13704.499997680034,340.02418518066406,311.84228897094727,68.20118377758268,71.1437038038688,-9904.699682866634,335.93700408935547,309.2604160308838,64.0950595697348,66.86042207407213,-8386.635163776331,373.17466735839844,255.99517822265625,21.123706437976445,22.035082542910935,-13457.366147217268,345.9984588623047,277.8333377838135,22.186716469732104,23.143955830013965,-15302.187439518335,337.88475036621094,283.9420509338379,56.887769113473595,59.34217518966487,-10705.133902724414,336.6053771972656,284.1958236694336,64.46099743388163,67.24214821979982,-6732.250421331411,2070.0682949054444,2198.688975665058,2406.8018399624652,2817.243005259322,3450.5795293472975,2750.1528183030277,3047.44720145155,3147.3449490528433,3607.8957612092263,2713.9333132499287,2951.5676784273114,3032.234847372759,3359.63280764951,2637.86123771004,2925.6600205385885,2980.45224980078,3220.1177725400503,2514.8943120183935,2844.6914789047732,2913.9803373862615,3106.4780687909206
441,17.64,429.97989654541016,225.50103664398193,434.31212312970456,453.0503920157068,10172.337087915415,430.06561279296875,261.5325164794922,434.02577891953246,452.7516935687579,10699.736711417208,411.4541244506836,288.9317035675049,450.4845788228838,469.9206035558607,10451.951491328025,385.5899429321289,301.70785903930664,532.4213957358919,555.3925603491815,11944.765285481411,365.2648162841797,304.98029708862305,712.1388241764557,742.863844411718,16046.665541443934,412.0066452026367,293.9274215698242,550.3389485260876,574.0831606876299,12782.904434830172,370.8965301513672,319.3242931365967,620.567740885345,647.3419536494123,14358.212654297273,345.86524963378906,331.0097408294678,706.8864936294531,737.3849036071921,16866.524154858256,327.5079345703125,338.40325355529785,750.9994346975245,783.4010845506078,18270.897024944832,401.45633697509766,274.608793258667,573.0758163512265,597.8010039915622,13405.826086291567,363.5148620605469,304.2487621307373,722.1459147433278,753.3026879595047,17630.096445264924,340.53844451904297,318.0212688446045,832.0810485741554,867.9809408239346,20998.708317864104,326.21326446533203,324.94720458984375,900.1996010094889,939.0384481805823,22615.970351071785,389.71996307373047,254.34582710266113,563.8388418271453,588.1655029168562,13544.951148146149,352.4402618408203,282.3585891723633,629.9824015454468,657.1628070762466,15619.62386464582,343.883056640625,288.3438777923584,595.3288045602045,621.0140908355312,13746.75967579156,346.6064453125,287.1584701538086,613.5618283674113,640.0337730952865,14329.333775530358,377.2861862182617,235.41219234466553,524.7403494756817,547.3801176059247,13133.625876575346,347.7249526977539,256.1373996734619,544.1131037362828,567.5887036544615,13611.118695611189,343.43326568603516,262.5095272064209,553.4771311787736,577.3567393083945,12950.36410296824,348.7890625,262.8360843658447,614.7563799350442,641.2798632391654,14350.94287548414,2088.190310586073,2216.7990434078088,2425.5986641046998,2839.4587076732896,3480.2940831237665,2773.116144730533,3073.3408795975265,3176.840345197131,3639.2318045912507,2737.8453534095916,2981.6997859456915,3066.954085005716,3397.1943455767337,2661.387857826714,2951.9465328216384,3005.292813434201,3245.7191234638617,2536.7895167226307,2867.3950270509517,2937.0746069585975,3132.129263320487
442,17.68,439.9633026123047,209.06696319580078,480.7202713095731,501.4608061070799,1210.2603522843283,434.4062805175781,239.51735973358154,560.9748896132076,585.1779863265094,3310.657318943788,411.17244720458984,263.47317695617676,636.502120622287,663.9638175161798,4851.080349007978,383.28758239746094,270.55103302001953,781.0444416083676,814.7423744528631,6483.745352592041,361.7060852050781,270.1365852355957,875.6243567414344,913.4029122224972,4263.476695269481,405.81085205078125,266.7528820037842,696.7977887301912,726.8609245006352,3819.4440953251333,364.1219711303711,283.5973262786865,909.0897957556125,948.312207765747,7524.256352908367,341.13964080810547,289.60192680358887,1041.914836123601,1086.8679454563753,8737.07604622958,325.50228118896484,293.5990619659424,1121.2265129819282,1169.6015012990183,9655.010418710262,398.35262298583984,247.9064655303955,672.052521494382,701.0480299838299,2581.1756498066925,356.6769790649414,264.2846488952637,1013.6219063830424,1057.3543255788918,7601.290940484677,336.5264892578125,269.4331741333008,1218.8362104618318,1271.4225404842364,10086.039991507545,325.6771469116211,272.4334716796875,1312.9117368921418,1369.5569278487988,10762.96199170541,392.1182632446289,228.07162284851074,659.5858799743907,688.0435188800387,2496.950399079563,352.9105758666992,239.89530086517334,1061.647319364602,1107.4517808864287,11257.22434525455,340.4471969604492,242.02211380004883,1161.2253633288321,1211.3260902864424,14757.799986272781,338.2469940185547,243.38788032531738,1114.0424587593886,1162.1074931688063,13051.843001837995,386.88697814941406,209.67432975769043,686.7554041702604,716.385264210834,4225.12866512273,358.69293212890625,215.6476593017578,1048.7241201128,1093.9710140016934,13159.5577586808,355.04695892333984,216.18078231811523,1194.0557130887792,1245.5728958362722,16705.403913196944,359.1206359863281,216.0144567489624,1198.6988319104062,1250.4163406546095,15228.411935386102,2108.248742830356,2240.206162860869,2452.1572168053467,2872.048402651404,3516.8301996126665,2802.1905817105585,3111.273367908156,3220.3150630153855,3686.015864643212,2765.8872746089446,3023.9939589688474,3117.810986625085,3451.9766226906854,2688.9095985819154,2996.244604057096,3053.745857045659,3292.203423190614,2565.444927291064,2911.1538676110195,2986.897522792048,3182.1459169466716
443,17.72,443.94676208496094,190.6728458404541,470.51268756309906,490.8128191603925,-266.19967366718527,434.3305969238281,220.7072639465332,470.2562011315591,490.5452666971582,-2365.8179907337812,408.7550735473633,238.78259181976318,620.2160358380879,646.9750743912754,-424.7185781226108,381.91722869873047,241.5354824066162,726.1973073219298,757.52887668,-1430.3374443215773,360.82420349121094,237.93216705322266,805.4122647060994,840.1615401152036,-1831.0343026823402,394.18323516845703,234.30471897125244,861.7151351185722,898.8935813213445,4300.816420517734,350.73184967041016,243.01308631896973,1068.402980451542,1114.4989129851322,4154.66763048463,326.1034393310547,247.2019386291504,1124.679496581967,1173.203462861473,2158.3879351274445,310.29430389404297,250.33101081848145,1146.5728344457002,1196.0413823517713,660.9970263188245,388.90541076660156,215.0483751296997,854.7309238495844,891.6080383101713,4764.000208158535,342.2865295410156,217.45469570159912,1224.7779272233058,1277.6206108688114,5506.657132247989,326.09729766845703,224.13408279418945,1162.1036188085363,1212.2422378406543,-1479.507566089552,321.40026092529297,229.98528957366943,1066.577446158307,1112.594616551433,-6424.057782434142,386.49974822998047,195.98155975341797,814.4552859184724,849.5947198195805,4038.7800234885444,344.21154022216797,198.02616119384766,1069.0819887764114,1115.207216924583,193.88590095385894,338.0042266845703,206.67670726776123,885.7432848678231,923.9584185284313,-7184.191793950279,342.32322692871094,213.012957572937,766.1803014593381,799.2369253464308,-9071.764195559388,386.4241027832031,179.2020606994629,761.8946101502722,794.766329145618,1959.5266233696009,353.7859344482422,180.89899063110352,877.3356685944647,915.1880581223849,-4469.573896982714,350.3620910644531,187.36504554748535,729.8521564713726,761.3414132216495,-12105.787065365566,355.3196716308594,192.14816093444824,604.1768190777432,630.2438503385474,-15504.31225790155,2127.8812555967716,2259.8279735287556,2478.0362197809977,2902.3495577186036,3550.436661217275,2838.1463249634126,3155.853324427562,3267.2432015298446,3733.8575199372826,2801.551596141351,3075.0987834035996,3166.3006761387114,3496.4804073527425,2722.8933873746987,3040.852892734079,3090.704193786796,3324.1729002044713,2597.235580456889,2947.761389935915,3017.3511793209145,3207.355670960214
444,17.76,431.2911605834961,169.18458938598633,623.4527923271613,650.3514797876225,3988.4665156807487,410.3376770019531,201.82758808135986,763.258789317029,796.1893654215229,7641.102468109118,371.89449310302734,214.1744327545166,1108.000418342046,1155.8047706937205,12720.742407561127,339.4416809082031,216.45971775054932,1233.12766299556,1286.3305935365472,13220.042921413678,317.9833221435547,222.94122219085693,1134.6997241865495,1183.6560102406006,8587.361753134925,373.1391143798828,200.3755760192871,998.1363137176581,1041.200611569963,3557.6757562154626,329.9266052246094,204.39199447631836,1096.7129671112777,1144.030325697557,738.2853178106188,306.10137939453125,207.6302146911621,1108.4910174220604,1156.31653652683,-422.17315836607554,291.7268753051758,210.08381366729736,1108.0913440825182,1155.8996193985377,-1003.544073830841,372.6973342895508,174.8853063583374,1082.7551189613193,1129.4702702920902,5946.555799547971,321.3223648071289,177.53628730773926,1127.2132483719865,1175.8465326276744,-2544.3519560284244,302.5459289550781,187.26154804229736,1093.8037950493604,1140.9956382621815,-1781.16498946182,295.7933044433594,194.8374080657959,1087.1665565700937,1134.072038079749,536.9355382078993,372.0840072631836,155.15607833862305,1082.3970852844252,1129.0967893574507,6987.551738446754,323.47904205322266,156.57299995422363,1158.7172479415515,1208.70976299804,2337.563651836427,310.3804016113281,169.39905166625977,1159.9297712634475,1209.9746002822371,7150.404543845147,309.0531539916992,178.4597396850586,1199.17227172571,1250.9102068915765,11291.832038628643,372.77523040771484,142.07928657531738,988.8099146811201,1031.4718277884967,5917.637466071968,333.4663391113281,146.3078212738037,1002.9440887212186,1046.2158166128024,3275.693962260439,323.4779357910156,156.61760330200195,1021.0787828950916,1065.132926836098,7594.787840361212,322.8485870361328,163.85417461395264,1076.7198442092194,1123.1746053848851,12323.268876158443,2153.8953147882767,2291.6755481456166,2524.2684106087468,2953.802781460066,3597.7829016268993,2879.794349426211,3201.614537455464,3313.495862990918,3780.0935047132243,2846.7304069530346,3122.1326447087067,3211.940501669198,3541.8432888759326,2768.057258948997,3089.2012832540004,3139.103177798085,3374.2093084801345,2638.494453568428,2989.610022600427,3059.9564963943585,3252.2826551756093
445,17.8,424.64672088623047,163.4421443939209,219.5510381686577,229.02350317322453,-10533.199415359948,405.15647888183594,196.06106758117676,193.80656051675905,202.16828760064647,-14850.52694552191,370.23609161376953,205.9614658355713,209.46825700935955,218.5057033846508,-23432.47668272674,337.89798736572266,208.1385040283203,211.5797538224478,220.7083001070634,-26640.557335737096,313.7472915649414,214.57536220550537,234.42958478700646,244.54398031186014,-23477.80074821851,363.9775848388672,194.0099859237671,278.8977868268729,290.9307498572697,-18756.746542817335,318.5193634033203,196.89415454864502,341.2685613545243,355.9924931179728,-19700.9458144896,297.23670959472656,196.8349313735962,349.21386048352076,364.28058984236225,-19800.898667111695,285.0418472290039,196.4604091644287,379.3800457885108,395.74828634495947,-19003.783326339453,364.2898178100586,169.73759651184082,246.45644901362718,257.0897400602312,-21809.513255796475,313.2789611816406,173.15558910369873,228.97442356817103,238.85345776578748,-23424.826871547175,297.2037887573242,180.58107376098633,213.8445675539192,223.07082856123517,-22948.12024252366,292.4151802062988,185.94626426696777,237.78162435895845,248.04064264580902,-22150.7848858485,366.10923767089844,149.54559803009033,204.9014412060843,213.74185365596273,-22883.8733925372,317.74892807006836,149.3366575241089,230.7580686912965,240.71405773344614,-24199.89263161485,306.8426322937012,159.20333862304688,269.8012882246443,281.4417854967716,-23213.320369636636,307.6441955566406,166.74622535705566,294.9487050573929,307.674180236664,-23580.900666372814,369.7248077392578,135.23353099822998,187.36569836395446,195.4495363435562,-20900.557286123512,333.02356719970703,134.01922702789307,307.41421110851076,320.6775068821109,-18138.45774326729,325.4810333251953,141.67070388793945,377.0130981026543,393.27921739696296,-16796.34273597838,328.2994079589844,148.93770217895508,397.0300670580869,414.1598125939722,-17725.369819772823,2163.0562549152055,2299.762279649642,2533.008638744133,2962.631113464348,3607.564660839374,2891.4315794205017,3215.8542371801827,3328.0670865846128,3795.9234361670224,2857.0139965554436,3131.6867830193382,3220.8633348116477,3551.7649145817645,2776.606933095235,3098.8298455633385,3150.3608492179565,3386.5162756896007,2646.3124350221706,3002.437122875712,3075.6876650902373,3268.8490476793686
446,17.84,421.1809539794922,165.60231685638428,102.09641680608621,106.50133669785369,-3063.054161884271,398.70555877685547,195.76233386993408,161.44583463013618,168.41136770810894,-843.9229973134381,364.300537109375,204.463791847229,153.03968980707933,159.64254223765494,-1471.5790286748963,333.2946014404297,205.85978507995605,128.4127184676904,133.95304745894788,-2168.881316202888,310.30344009399414,207.03360557556152,207.27126853963566,216.21392649320737,-708.2513454663193,358.7276840209961,194.21725273132324,131.3497671462489,137.01681423939473,-3847.848390446874,315.4048728942871,195.0809097290039,90.09685034316279,93.9840524671705,-6550.211016270057,296.8795394897461,195.1247262954712,43.67759646787109,45.56205352840966,-7967.963407848815,288.6269950866699,194.74647045135498,99.34432254003012,103.63050413366912,-7302.944555282258,359.6402359008789,171.57138347625732,124.95345773785864,130.34453794178023,-3168.6300529612736,309.90610122680664,173.59119415283203,85.0218208526241,88.69006232107189,-3754.08488611789,293.21271896362305,179.4090986251831,103.98967441871001,108.4762783536494,-2864.863755189644,289.46590423583984,183.82697582244873,90.79376445067253,94.71103472899023,-3833.2401979204697,361.78627014160156,152.27983474731445,127.87713508767817,133.39435649144022,-2008.6874291130628,315.36874771118164,150.02972602844238,61.97581429743975,64.64974258745791,-4401.607878649706,303.02507400512695,158.43192100524902,97.36797608720818,101.56888879408895,-4496.822417567067,303.4528923034668,165.87203979492188,107.03744484148025,111.65554393541528,-4900.465907531217,366.10023498535156,138.42730522155762,120.77282765059259,125.98353579829897,-1736.6500136314305,332.2328567504883,136.3831329345703,62.31610019753768,65.00471002268823,-6391.819921485566,325.4524230957031,143.13530445098877,36.621999489002256,38.202044891886445,-8876.929312626913,329.0815734863281,150.0981903076172,34.98674399800061,36.49623678341031,-9441.589395264047,2167.3163083831196,2306.498734357967,2539.394340433639,2967.9892353627056,3616.213217899102,2896.912251990078,3219.61359927887,3329.889568725749,3800.0686563323693,2862.227778073115,3135.234385512181,3225.202385945793,3555.553355970924,2781.9427073548927,3101.415835266837,3154.42360476972,3390.982497447017,2651.3517764541025,3005.037311276619,3077.215746885913,3270.308897150705
447,17.88,419.7355270385742,165.41373252868652,36.441932322057674,38.01420877995494,-1712.1781979474686,399.8448181152344,196.39657974243164,32.59773445793178,34.00415412898666,-3360.180339478057,369.1130065917969,205.1745843887329,121.61694103901462,126.8640682107366,-819.4618506729582,340.8258819580078,204.92514610290527,189.72634281359421,197.91203010406213,1598.9745661278562,320.77239990234375,203.35378646850586,277.42137188928353,289.39063543119147,1829.4177234496026,358.63780975341797,196.75100326538086,63.38359977554311,66.11826655619426,-1772.463692080012,315.9246826171875,199.7453498840332,117.33287078828208,122.3951630083424,710.2777635292973,298.5043716430664,199.99500274658203,128.35417853713489,133.8919818402964,2208.2482077971686,290.2775573730469,199.87635612487793,134.72212811149916,140.53467472718228,922.604264837829,357.7632522583008,173.94897937774658,75.729906020031,78.99725055439305,-1283.6821846846797,310.3483581542969,178.5913896560669,125.49289387372511,130.90724789116095,1055.4296392522265,296.4602279663086,185.06003379821777,162.94052414217745,169.97054515978195,1537.3566701533136,294.57719802856445,189.14318561553955,184.3695521223947,192.32412225312413,2440.3271881033475,358.9509582519531,154.64587211608887,92.32119996924712,96.30437100402271,-927.2496371854377,313.9449691772461,156.18202686309814,157.8724779565014,164.6838396111815,2500.8524255930897,302.77881622314453,164.78227615356445,158.87820296716913,165.73295633180078,1604.1016884427956,303.6086082458496,170.8919906616211,125.5591348697557,130.97634683549367,483.02007250195976,363.2709503173828,140.8696746826172,93.44122590136358,97.47272012574774,-712.7703918137807,329.6336364746094,141.2649393081665,138.26600158712284,144.23144758218703,1980.66843898747,324.1754150390625,148.262357711792,132.09235574929673,137.7914416094365,2489.7349179387516,329.1224670410156,153.75585079193115,91.44722693077838,95.39269065571439,1472.411346807602,2168.8368767343177,2307.8589005231265,2544.4689031620683,2975.9057165668683,3627.78884331635,2899.5569826523256,3224.5094057992037,3335.245247999361,3805.690043321457,2865.387668095291,3140.470675427827,3232.0012077521847,3563.246320861049,2785.7948821950536,3108.003188851284,3161.052923022992,3396.221551320437,2655.2506852591323,3010.806569179907,3082.727404550291,3274.1246047769337
448,17.92,417.6283264160156,166.66613101959229,61.28211629287921,63.92611518640374,647.79766016122,399.8612976074219,197.15417861938477,18.944452222606525,19.761805045012565,-356.05872709935244,370.8378219604492,207.13953495025635,65.36445309364733,68.18458320843452,-1466.9871250575522,345.17269134521484,204.91601943969727,108.67047421187044,113.35902987796055,-2113.8250056525394,328.6451721191406,198.82118225097656,227.10823874632604,236.90675694837063,-1312.096962070521,360.93666076660156,199.7665500640869,94.79661938856776,98.88659166653825,819.2081277585999,316.06510162353516,205.3383493423462,139.8690468751777,145.90365578797844,587.7123194909011,297.9763603210449,205.46566486358643,137.40210140908025,143.33027468490698,235.9573211152643,291.0847282409668,204.19026374816895,109.71931174680161,114.4531192000296,-652.0388881788168,359.3239974975586,177.6835584640503,101.1898174648856,105.55562239457265,663.95929600449,310.87486267089844,185.29240608215332,168.04171384786045,175.29182419581747,1109.614407616413,296.7198181152344,192.5313377380371,186.8953076032462,194.95885071174897,624.7076387991754,296.0893440246582,196.7045545578003,192.77721240217892,201.09452856424053,219.26015777791008,359.79896545410156,158.313946723938,94.12055946910293,98.1813633405765,46.92480841384459,313.8925361633301,161.54296875,134.02995732225116,139.81264043269638,-621.7799794621278,302.8673553466797,171.33705139160156,163.88432963065142,170.95507085862369,130.55286317057266,304.91039276123047,178.32767486572266,188.71943876362286,196.8616834748351,1647.1334159835358,363.1087112426758,143.7502670288086,72.12893742414649,75.24091922694697,-555.7950224700193,329.3555450439453,146.31159782409668,126.35786733574245,131.80954037893733,-310.54768008124256,324.1219711303711,153.4462594985962,129.60443179779767,135.19617691037746,-64.8816174764761,329.5057678222656,158.566632270813,120.6506784234432,125.8561164786501,761.5856455733926,2171.393921341774,2308.6493727249267,2547.196286490406,2980.4400777619867,3637.2651135942847,2903.5124463189873,3230.3455520307225,3340.9784589867572,3810.268168089458,2869.609892991074,3147.4823483956593,3239.7995617806546,3571.2901020036184,2789.722136728677,3113.595694468592,3167.891125857337,3404.0960186594307,2658.26032202821,3016.0789507950644,3088.1352516267057,3279.1588494360794
449,17.96,416.72950744628906,168.81149768829346,58.151062347960824,60.6599728394079,-81.65355867489606,399.52518463134766,198.14477920532227,26.151738153815735,27.280047209135788,187.95605410308056,370.8483123779297,207.99774169921875,21.45677155386398,22.382517655318654,-1145.0516388278966,344.81163024902344,206.93487167358398,51.27212606190336,53.484246869357825,-1496.8695752150682,326.66576385498047,203.26214790344238,121.55305683786477,126.79742774450696,-2752.733230096592,362.1907424926758,202.01797485351562,64.42842229039626,67.20816763132426,-791.9606008803498,318.5244369506836,207.66201496124268,84.58631745073303,88.23576925292284,-1441.69716337639,299.83415603637695,208.24223041534424,83.51916390533604,87.1225736815004,-1405.1925250851646,291.6305351257324,207.4867343902588,83.5337650654579,87.1378048043837,-682.8828598911475,360.7168197631836,179.807710647583,63.50185215028947,66.24162089488867,-982.8500374920995,311.71268463134766,187.4203634262085,57.1737925950853,59.640539070313864,-2891.28212813759,297.0806121826172,195.35991668701172,71.28740785388109,74.36308211074083,-3014.8942150252033,295.80305099487305,200.34343242645264,91.25306790004169,95.19015469066977,-2647.609346839269,360.8622360229492,160.32644748687744,56.90289768220013,59.357956476042055,-970.585171613361,314.327392578125,163.59273433685303,52.38462955948546,54.644749003321735,-2129.1972857343662,303.3321189880371,173.65736961364746,59.160173965927285,61.71262228150228,-2731.0612144280353,304.75942611694336,181.20474815368652,72.02578371667731,75.13331498309117,-3043.2092122935983,364.04720306396484,145.62881469726562,52.498263312298064,54.76328545099669,-511.940844398757,328.6642837524414,147.56306648254395,35.742271683955046,37.28436148928723,-2363.1294722412526,321.70528411865234,155.42950630187988,78.15706939932355,81.52913318421838,-1341.676093153977,324.98756408691406,161.6526460647583,136.78826276988633,142.68995215806345,420.8458919853339,2173.82032025535,2309.740574613292,2548.091587196619,2982.579447636761,3642.3370107040646,2906.20077302424,3233.8749828008395,3344.463361934017,3813.7536802816335,2872.2595578268692,3149.867969958472,3242.774085065084,3575.097708191245,2792.0964549877185,3115.7814844287245,3170.359630748597,3407.101351258754,2660.4508534462498,3017.570325254636,3091.3964169540745,3284.8664475224023
450,18.0,416.46026611328125,168.777494430542,6.784500577489857,7.077215860595772,-1339.5689244703033,399.38018798828125,198.53879928588867,10.496304420785563,10.949164389622482,-408.27207048783265,370.4298782348633,207.961106300354,10.500871527333361,10.95392854263978,-285.71472781697184,344.26563262939453,206.63289070129395,15.598595855590439,16.27159268855898,-930.3163545199712,325.55057525634766,202.67167568206787,31.546622786119737,32.90769255306948,-2347.243379785937,361.72264099121094,201.86508178710938,12.310953086295429,12.842105538388205,-1359.1515523234013,318.86526107788086,207.5595188140869,8.897560967111769,9.28144361959197,-1973.8581408332716,300.0392532348633,208.03753852844238,7.244119571693231,7.556664981198644,-1989.1477175075438,291.46249771118164,207.19365119934082,8.445943164012592,8.810340899131527,-1958.1865976313043,360.4426956176758,179.55798625946045,9.270461058301478,9.67043237560175,-1414.279712982173,311.9416809082031,187.6281452178955,7.730320488599228,8.063842893745365,-1289.4174044142123,296.5966796875,195.1735782623291,12.964197534545526,13.523534026336277,-1520.988702110114,294.3376922607422,199.6776008605957,40.23841365679917,41.97448818590484,-1330.3916626191233,360.8564758300781,160.09567737579346,5.77104973074801,6.020039974976012,-1333.4479125266512,314.3832015991211,163.38961601257324,5.266147814269126,5.493354213727006,-1228.7848697398683,302.97122955322266,172.81720161437988,22.859946565362698,23.846232240223962,-946.6597510319579,304.00402069091797,179.82851028442383,39.24815306531415,40.94150309228817,-854.7952972700749,364.3994140625,145.61020374298096,8.81755901272136,9.197990004396031,-1139.1323861650164,328.8100814819336,147.26603507995605,8.272115511176942,8.629013503311073,-716.3836996494039,320.5838394165039,154.45341110229492,37.16853557302872,38.77216111460346,-1068.924301740373,322.58548736572266,160.12754917144775,71.13320738443446,74.20222870736728,-1712.1930862674042,2174.103408889774,2310.1785411888773,2548.5297443383242,2983.230311344303,3643.6533184061873,2906.714457245776,3234.246240545623,3344.765628533265,3814.1060939175986,2872.6463751218935,3150.1905236742214,3243.315026426137,3576.776687718682,2792.3372565867176,3116.0012185972737,3171.313480038206,3408.7390113824454,2660.8187730464256,3017.9154857947683,3092.9473033986583,3287.8345366706967
451,18.04,417.7033996582031,170.65162181854248,56.22351863857531,58.649265823284104,1289.3012490672083,401.3013458251953,200.1448917388916,62.60181907265798,65.30275615468828,1358.839794126645,372.530517578125,210.41629314422607,80.77990192794525,84.26512705130354,1832.7799627165937,346.2687683105469,210.82371711730957,116.123798718975,121.13392588001287,2621.5583297863473,327.4248504638672,208.0828857421875,143.1653368230729,149.34216319672825,2910.8617660914692,364.7395324707031,203.99182319641113,92.27900364205077,96.26035412869312,2085.456214757623,321.97933197021484,211.9960641860962,135.50916103805196,141.3556639580022,3301.8555084602554,303.01517486572266,215.14187335968018,192.5611638988948,200.86915871178988,4832.812343264781,293.5353088378906,216.71493530273438,243.60751854230526,254.11789332116962,6132.688810550952,362.32532501220703,182.32808589935303,83.73225727014534,87.34486089689543,1941.860713032342,313.4787368774414,192.30138301849365,122.98803954427441,128.29432235797023,3005.7619866056216,296.91694259643555,201.7763614654541,165.26364232323888,172.39389359188266,3971.7589891386597,292.57450103759766,208.28611850738525,219.6807617949012,229.1588236871899,4679.6083875321265,361.1418151855469,163.11319828033447,75.77454617614575,79.04381669692135,1825.5944180486335,314.98083114624023,166.69153690338135,83.88922250781393,87.50859835360315,2050.3811034969035,302.4801254272461,177.88870811462402,127.38073207065545,132.87653631216617,2725.757601798555,301.8674087524414,186.78146839141846,181.84598052552417,189.69167190151273,3718.754220230614,362.9690933227539,148.3901596069336,78.15838096484144,81.530501336845,1808.3127833112244,327.3831558227539,150.78832626342773,95.00872334287163,99.10784678360241,2261.9708320072837,319.3167304992676,158.68642330169678,110.4648057313526,115.23077730340543,1911.4654047200493,321.29188537597656,165.4215145111084,136.24306203758437,142.12122890042858,1697.9750048265323,2176.4493795227054,2312.790651435065,2551.900349420376,2988.075668379504,3649.6270049340565,2910.564871410924,3239.9004671039434,3352.800394881737,3824.270809650445,2876.140169557769,3155.32229656854,3250.210782169813,3585.943040666169,2795.4990092545945,3119.5015625314177,3176.6285414906924,3416.326678258506,2664.0799930998996,3021.8797996661124,3097.556534490795,3293.519385826714
452,18.08,423.1266784667969,171.63743019104004,137.80369004272964,143.74918974210786,2127.498097970594,409.8736572265625,203.07037353515625,226.4439313912576,236.2137882477415,4272.77580232633,382.13134765625,217.03439712524414,291.5210525122895,304.0986426300636,5495.837889469001,356.0404968261719,220.2855348587036,340.04840937949353,354.71969804464413,5839.644304115782,336.6920852661133,220.77183723449707,392.8192418706618,409.7673125916114,6510.62873487208,375.68748474121094,208.7828779220581,298.7597951338388,311.6496986741849,5384.733613637294,333.3106994628906,219.15664672851562,335.10616937105857,349.564226543821,5205.21406464547,312.3919677734375,225.1883840560913,343.56278757244166,358.38570305167246,3937.9136084970646,302.218074798584,228.81983757019043,372.42372006965905,388.4918319977859,3359.348466915407,370.0278091430664,186.29133224487305,216.55770504275858,225.90102356950138,3463.904066815149,321.15962982177734,197.49446868896484,231.79227662284555,241.79288626219557,2837.4640976056335,306.2999725341797,209.73072052001953,307.52345315189973,320.7914621413501,3709.9392137366863,305.6624221801758,217.70633697509766,403.13939572263126,420.5327264479058,4784.3475690178975,366.0747528076172,167.76128768920898,169.44506620164563,176.75572377439005,2442.7976769367174,318.14125061035156,175.04709720611572,223.33220653569578,232.9678089379807,3636.480264609439,309.1136932373047,189.82130527496338,341.31281187642264,356.038652815631,5579.052912586621,312.8702163696289,199.19915199279785,414.77451817584426,432.6698428392083,6074.4542734423885,365.47950744628906,155.589280128479,190.60678659773149,198.8304603764588,2932.498975990345,328.6684799194336,163.18239212036133,311.51336899432636,324.95352172995894,5646.141873658913,320.20076751708984,175.72257041931152,426.476721274073,444.87693405023725,8241.153918670796,321.88785552978516,184.34150218963623,473.2342933076831,493.65184778480824,8788.265472109491,2182.1993471123897,2322.2392029649745,2564.064295125579,3002.2644563012896,3666.0176974377205,2923.030859357891,3253.883036165696,3367.1358230038036,3839.8104829303566,2885.176210500549,3164.9940120190277,3263.0424406554666,3602.7643497240856,2802.56923820557,3128.8202748889366,3190.8700876033176,3433.6334719720744,2672.033211514958,3034.8779405353107,3115.351611852804,3313.2654597381065
453,18.12,430.5036163330078,175.37115097045898,206.70008941187228,215.61810400987525,1796.7228566941849,424.6647644042969,208.06068420410156,390.2563677537936,407.09386402433,4272.001894414713,399.44042205810547,228.02686214447021,512.6148309451486,534.7314471426986,5765.820112815875,371.8214416503906,236.4507007598877,564.7736317310244,589.1406240563558,5860.523150292792,352.26917266845703,240.64538955688477,631.2704124674592,658.5063888508772,6218.476906481645,391.7665481567383,217.91327476501465,462.2637415686125,482.2079748157587,4263.956903539345,348.7263488769531,240.80097198486328,664.322522696927,692.9845226604987,8585.507402916941,330.6949234008789,251.94488525390625,810.442988837263,845.4093133602205,12175.5902577137,323.8254928588867,259.21523094177246,932.3225211286563,972.5473022457306,14601.386756198619,380.4045867919922,196.85767650604248,370.2407539534191,386.2146824501456,4007.841472016105,332.39288330078125,216.0454273223877,542.1738938883673,565.56582716769,8094.323522637362,318.7713813781738,231.37766361236572,624.5629390808673,651.5095234966885,8267.95153388346,317.84854888916016,243.2387351989746,707.2857640436331,737.801400426026,7931.716849453005,371.65897369384766,180.8395528793335,355.51419037205386,370.8527456119486,4852.425545938963,328.07605743408203,199.8067331314087,666.9613734026786,695.7372258042575,11569.23542165692,318.8549613952637,216.01326942443848,698.6197514262741,728.7614952416731,9318.071060651051,319.5401954650879,227.70126342773438,731.8038404276275,763.3773020084978,8267.68647923224,366.98184967041016,171.4647674560547,398.6603582988855,415.86044227112956,5425.749547366769,335.7490539550781,187.23388195037842,626.8017488197819,653.8449260236886,8222.285107343241,328.47782135009766,201.16302967071533,668.8266718089443,697.6830019619554,6320.151697792953,329.13990020751953,211.8625545501709,711.5126821775325,742.2106877003062,6213.970997887448,2190.8240712727843,2338.5229575259477,2585.453553011287,3025.830081263544,3692.3579529917556,2942.3191783505213,3281.6024170721157,3400.952195538212,3878.712375020186,2900.6247977985545,3187.6166451057356,3289.1028215953343,3632.2764057411273,2817.403348030048,3156.649763921107,3220.020547412985,3464.1685640524142,2688.667629205803,3061.031737576259,3143.2589319312824,3342.953887246119
454,18.16,435.1863479614258,183.60706329345703,236.85204677168335,247.07095870678108,786.3213674226458,437.0075988769531,218.91353130340576,410.89068876365025,428.6184467486802,538.1145681087546,416.3165283203125,243.89119148254395,579.0508979788447,604.0338787596235,1732.560790423122,388.9019775390625,256.90784454345703,666.2579446176596,695.0034477910824,2646.5705933681647,369.7842025756836,265.61656951904297,762.5352866234832,795.4346474169382,3423.2064641515253,407.91088104248047,236.82376384735107,621.6138681181137,648.4332157341289,4155.6310229592555,370.14659881591797,267.5146293640137,856.0251887424076,892.958143881345,4999.340530521158,357.5958251953125,282.9379177093506,1025.9832412550613,1070.2489866103388,5620.991831252957,354.89959716796875,289.6787166595459,1087.89473315686,1134.8316316313033,4057.1082346393155,391.04400634765625,218.73038291931152,608.0771611823349,634.3124715567327,6202.444727664678,350.1930618286133,250.48376083374023,969.1636764054098,1010.97795833741,11135.303279242999,339.8038101196289,269.7474002838135,1093.9034895160507,1141.0996340173322,12239.752763016091,340.2292251586914,280.9362602233887,1096.0149586250761,1143.3022018403983,10137.520035359306,377.4307632446289,204.914288520813,618.9236881603573,645.6269687528759,6869.355578523182,338.9616394042969,235.32061100006104,928.6184012081542,968.6833691600879,6823.653583895759,333.4581756591797,255.62267303466797,1055.3905441813652,1100.9250589770954,9304.089093385559,336.55975341796875,268.12668800354004,1096.5514993166141,1143.8618914223562,9512.114735346458,368.9992904663086,196.61541938781738,630.7858986799888,658.0009708584697,6053.513214683504,340.8644485473633,222.42226123809814,888.9563047231297,927.310063180925,6836.628428930911,337.2562026977539,239.60689544677734,985.8342897302616,1028.3678203738211,8267.120460296645,340.4019546508789,249.95006561279297,992.9414538476543,1035.7816209979014,7339.273332439881,2200.7069096210557,2355.667695395895,2609.6149081616722,3053.630219175187,3724.175338888433,2968.256506979886,3317.32074282737,3443.7621550026256,3924.105640285438,2925.9972966608243,3228.0557634392317,3334.7468069560273,3678.008493814743,2843.228426780163,3195.3970986875106,3264.057549772069,3509.923039709309,2714.987668040142,3098.1241401034954,3184.393644746235,3384.3851520860353
455,18.2,436.05152130126953,206.61166191101074,575.5215474152176,600.3522554033843,8832.032417415081,441.93634033203125,241.01431846618652,566.0925749963188,590.5164727411269,4047.4506498111678,425.04615783691406,270.9656524658203,711.1754657924071,741.8589222133696,3445.626086343654,400.88863372802734,290.6721496582031,895.7218550121036,934.3675111483772,5984.101583932369,383.2625961303711,304.6769714355469,1033.01200703751,1077.5810064263594,7053.658975235529,417.35931396484375,260.3386688232422,633.5532932958299,660.8877639015332,311.36370418510637,381.2916946411133,295.8808135986328,761.9274772678259,794.8006143052971,-2453.9382394011964,372.0410919189453,312.86149978637695,830.6949255884449,866.5350139694576,-5092.849316022029,372.00435638427734,320.1002311706543,872.5112223481256,910.1554625608976,-5616.904226760142,398.14884185791016,243.47322463989258,643.5676460353116,671.334182946232,925.5427847374818,357.40612030029297,280.93780517578125,782.4149431818734,816.1720059138976,-4870.14881058781,351.65855407714844,300.6057071685791,826.4268184830097,862.0827606375723,-6975.421834493997,356.4893341064453,309.173583984375,814.6078796634265,849.7538971768056,-7338.707616589818,382.6307678222656,229.98629093170166,640.1393171114444,667.7579397787049,553.2742756457253,345.14705657958984,264.40741539001465,743.4302149713827,775.5052930643604,-4829.451902393185,346.29295349121094,282.2885227203369,739.8475609273725,771.7680664647455,-8228.924812808747,354.3487548828125,289.70789909362793,699.1947355847768,729.3612869226773,-10362.51511249197,373.20972442626953,221.2255096435547,624.1916254878828,651.1221896878826,-171.9695292646776,345.29964447021484,249.12137031555176,676.624613617036,705.8173836771452,-5537.316987594494,346.6898727416992,264.69234466552734,670.0158081178552,698.9234432073665,-8236.109429161366,354.3633270263672,271.2150764465332,635.9641324232331,663.40261797442,-9309.475075587037,2224.7209998371914,2379.28835430554,2639.289265050207,3091.004919621122,3767.2785791454876,2994.6920175359473,3349.1127673995816,3478.423555561404,3960.5118587878737,2952.8506639786733,3260.702643675788,3369.23011738153,3711.9986497018153,2869.9387443713113,3226.417310410085,3294.9282724306586,3539.097491186216,2741.0325556276575,3126.3568354505815,3212.3505824745303,3410.921256805012
456,18.24,438.14151763916016,235.03633975982666,712.5352603123241,743.2773846681357,3573.1282316187844,441.46373748779297,275.5576801300049,863.6648613921874,900.9274279619111,7760.273880519606,421.07181549072266,309.6301460266113,971.7054785907288,1013.6294258308495,6794.262590436998,394.86743927001953,331.95427894592285,1042.9732083175575,1087.9719808075306,3840.111741478836,374.5613098144531,346.9878387451172,1079.9079463198607,1126.5002572239446,1222.981269939629,421.8661880493164,302.6810359954834,1064.5386241707547,1110.4678301885413,11239.501657175202,404.08119201660156,347.90820121765137,1419.9934535691953,1481.2586537151192,17161.450985245552,393.74759674072266,372.2994804382324,1581.9382683017745,1650.1905298755155,19591.387897651446,387.05047607421875,387.95677185058594,1737.6161527311024,1812.5850908668963,22560.740707649966,404.1488265991211,283.9010238647461,1021.7652516172168,1065.8490130494513,9862.870752580482,366.62403106689453,323.2094192504883,1081.624714082361,1128.2910944269127,7802.977212825377,356.39976501464844,341.0841464996338,1018.8790199993523,1062.8382558168444,5018.887379481802,355.10772705078125,349.905424118042,1018.8816291438329,1062.8409775320965,5327.177008882273,387.53807067871094,268.68910789489746,975.3171478458664,1017.3969194943467,8740.974492891044,350.4113006591797,305.7448482513428,1041.7820133352957,1086.729392067912,7780.602475088787,347.3532485961914,324.6921730041504,1060.4226112444512,1106.174233094438,8360.154165742313,351.5182876586914,333.8319396972656,1105.3682937991446,1153.059083911131,10592.44492471134,374.4563674926758,257.7608871459961,913.9160000312257,953.3466372061645,7555.611187957046,346.8178176879883,289.0843963623047,999.7963232368312,1042.9322417118797,8427.87145086836,346.5654754638672,305.18136978149414,1012.2304053191527,1055.9027886106337,8924.48363508168,351.6898727416992,312.09437370300293,1024.1656061140156,1068.352930135428,10123.757804025203,2254.452095223917,2415.3254514240166,2679.834442083441,3134.523798853423,3812.3385894344456,3039.110730743489,3408.3631135481864,3544.431176756425,4033.0152624225493,2995.484624500651,3305.8342874528644,3411.7436476142034,3754.512288803099,2910.634621151085,3269.886486092801,3339.1752417544362,3585.219854542661,2779.166421115904,3168.0741251190566,3254.5866940189553,3453.6553740104296
457,18.28,431.68521881103516,250.0561809539795,408.7170659940218,426.35104366359445,-7923.158525113531,438.83880615234375,287.99946784973145,317.891831228173,331.60718084193036,-14233.00617799952,423.5429382324219,321.66996002197266,307.26980067141477,320.526865899156,-17327.56399829234,401.1760711669922,345.0381660461426,363.1347357238744,378.80207715290743,-17729.247591365576,380.0094223022461,358.21054458618164,311.88044191114716,325.3364318998746,-20029.09563310175,421.43848419189453,321.16785049438477,462.2940358327447,482.2395761170119,-15705.706351788234,400.38230895996094,365.20729064941406,442.2529190370221,461.33379122824164,-25498.12156217194,382.31842041015625,388.903112411499,503.92625098995165,525.6680009593504,-28113.06322290413,368.4560775756836,403.23217391967773,601.6069958321734,627.5631528244493,-29625.54845106117,401.6079330444336,302.10405349731445,459.4877772180223,479.3122422992595,-14663.419268754797,362.6467514038086,344.29698944091797,536.4841388933926,559.6305893659656,-14216.512626523676,354.94873046875,356.5218257904053,387.64307289221085,404.3678193241246,-16461.760912317994,358.3238220214844,358.98170471191406,240.7308355291246,251.1170966649888,-20293.09702167769,384.05460357666016,284.6589660644531,408.63409136934007,426.2644891231213,-14778.310759280634,347.84664154052734,323.4543514251709,447.35610749345636,466.657155250542,-15501.805920434248,346.44798278808594,337.51882553100586,321.4639571826178,335.33342512065013,-19271.020199344697,354.1083526611328,340.65442085266113,182.43952051398878,190.310819998308,-24068.706597820572,371.4414596557617,269.3876266479492,300.2818891385258,313.23746297728326,-16002.729355722031,343.9686584472656,302.6872158050537,347.4500010532326,362.44062921544224,-17012.290312410936,346.6082763671875,314.4260501861572,231.11948709175124,241.09106942454926,-20370.292979652113,355.04772186279297,315.8225154876709,125.43472377749248,130.8465680632255,-23437.659051805065,2271.5061369704604,2428.5897386576935,2692.6555167194074,3149.6758819395395,3825.352046710441,3058.400313788169,3426.816465197316,3565.457896794799,4058.117788535528,3014.6571141926215,3328.2195110275024,3427.9183603871684,3764.556972669699,2927.6852007160096,3288.552772302823,3352.5885787592624,3592.832287342593,2791.6959196349953,3182.571750287674,3264.2303367959375,3458.889236732958
458,18.32,427.37213134765625,257.18421936035156,208.28414334370186,217.27050148295956,-5227.013554515872,433.8764190673828,294.76444244384766,209.74711982531625,218.79659765482998,-2820.2645796775096,418.73302459716797,326.207799911499,165.31647687386254,172.4490076736622,-3701.946455637345,397.0395278930664,347.8157329559326,124.56390978986754,129.938183062081,-6221.597352270661,377.4485778808594,361.1219787597656,96.93545886845321,101.11771074706961,-5605.468028820124,416.7677307128906,328.17649841308594,210.56038876938214,219.6449548484265,-6564.865531714635,387.6313781738281,366.4873695373535,320.3755978067948,334.1981087994815,-3178.392060719004,368.81988525390625,380.2390766143799,400.9956106822423,418.29644843211673,-2684.288813180841,356.78924560546875,384.2896556854248,556.1777847933563,580.1739118293189,-1184.7310248782605,400.00526428222656,310.33802032470703,209.7122386687822,218.76021156105062,-6513.80076845522,362.6594924926758,351.4643096923828,179.18328940362224,186.9140997538567,-9317.912240302723,351.6030502319336,359.25089836120605,107.93925763977474,112.59626518180352,-7294.288853558027,349.9850082397461,356.07396125793457,220.7809820850022,230.30651265829664,-520.2646001673038,383.99967193603516,291.9612407684326,182.5620328434977,190.438618086261,-5895.6467759215075,348.2768249511719,330.0553894042969,165.37601127554996,172.51111066961022,-7353.651114523295,342.80208587646484,339.8630905151367,108.36322775159447,113.03852735947132,-5557.37244402947,345.44864654541016,340.0133514404297,217.0850639754828,226.45113524836037,903.5078812513092,371.0643768310547,274.21523094177246,121.0577204126962,126.28072017487906,-4673.918570060105,343.0767059326172,305.0584602355957,63.336301980795774,66.06892811199579,-7409.292527586162,342.72083282470703,313.082857131958,102.82383258765367,107.26013661949237,-3345.773320126422,349.10362243652344,311.9271755218506,177.66891863571473,185.33439190431847,1362.195596027324,2280.196957029779,2437.3416025638867,2699.553477026354,3154.873409262023,3829.396755140324,3067.186111982106,3440.1843895492952,3582.1897547320837,4081.3247450087006,3023.4075226550635,3335.696075017657,3432.4222109944403,3773.769233176031,2935.30274543946,3295.4532167296074,3357.110119853641,3601.8903327525272,2796.7471484419907,3185.2145074121545,3268.5207422607173,3466.302612409131
459,18.36,423.5102081298828,257.4232292175293,96.73280419474327,100.90631259703297,-2909.104722148165,428.28319549560547,294.10497665405273,140.79915893702,146.87389726132167,-1798.0675098377078,416.0438537597656,324.2244815826416,83.53588819452473,87.14001953523001,-2132.724703460805,395.2761459350586,341.68848037719727,159.39875331508728,166.27596567146358,908.4445652345643,375.87718963623047,351.05506896972656,254.7203536922185,265.71018847699827,4114.811943248216,413.0615234375,329.2761039733887,96.64724762120457,100.81706471027839,-2970.6972534537026,378.2991027832031,363.5038948059082,244.9393871956357,255.50722505604406,-1967.2720935859352,360.2564239501953,374.4708251953125,258.1249623894979,269.2616880157341,-3725.8690104095663,350.49755096435547,375.7694149017334,264.7875616285298,276.2117431404571,-7599.054217221545,398.8370132446289,311.8172836303711,47.12370962644607,49.15684822622338,-4240.084083370681,361.8206024169922,350.2565002441406,36.76394482321915,38.35011441582317,-3714.0996334508386,347.1917724609375,358.84509086608887,110.74760521106526,115.52577808354116,73.23782254344096,342.53116607666016,356.2744331359863,186.4134382999373,194.45619129899467,-896.2580339825493,383.6618423461914,293.2173728942871,32.51919384549802,33.92222490491653,-3912.909829533611,349.62596893310547,330.2632713317871,34.12664263230314,35.59902659711738,-3422.802101812321,340.5486297607422,339.24957275390625,58.38700898334046,60.90609932301427,-1303.3107009114262,340.5150604248047,338.72074127197266,127.50272805176914,133.00379577402416,-2336.1834868584056,370.1712417602539,274.92241859436035,28.48030712908359,29.709081608356684,-2414.2909641630595,344.4779586791992,304.421911239624,38.47648538455208,40.136542036272004,-648.3096518930946,342.59613037109375,311.85035705566406,30.969815344962843,32.305998924416926,-1873.853442376886,346.89136505126953,309.7455024719238,77.67633180137294,81.02765430391743,-2607.6684400100257,2284.23320953366,2443.2165584543395,2703.039077807763,3161.5244478888817,3840.0251626794034,3071.2187945705173,3450.404678551537,3592.960222252713,4092.373214734319,3025.3737965841124,3337.23007959429,3437.0432421177816,3781.54748082799,2936.659634435657,3296.8771777934926,3359.546363826562,3607.2104845834883,2797.9355117063246,3186.8199690936053,3269.812982217694,3469.543718581288
460,18.4,419.5868682861328,256.59387588500977,100.25100523098736,104.57630538280753,91.7498196443642,423.21537017822266,292.9280948638916,130.06706009670327,135.67876517124932,-279.8783022518087,411.9015884399414,321.99926376342773,117.55306334472253,122.62485570790469,887.1209043168669,391.69116973876953,338.32042694091797,122.97316342802192,128.27880441605487,-949.9290313852179,372.6844024658203,346.97224617004395,129.57462118684714,135.1650801293803,-3263.6277086904493,410.14881134033203,328.9243698120117,73.34681605763545,76.51134287608133,-607.6430458549264,375.0035095214844,359.9117088317871,121.87271797699009,127.13088056951516,-3209.408612163223,355.535888671875,368.20624351501465,196.10016086012985,204.56084465662616,-1617.521083977698,344.7577667236328,368.0708312988281,240.06940743898696,250.42713145432953,-644.6152921531891,396.69437408447266,311.834135055542,53.56763564157332,55.8787955350756,168.04868272130537,360.04417419433594,346.5446949005127,102.8749123305656,107.3134201828973,1724.0826441768534,343.0867385864258,355.960636138916,125.42772366984526,130.83926593799154,382.83719636125966,336.27769470214844,355.4901695251465,157.56144365596916,164.35938582718163,-752.420136795326,382.29454040527344,293.380765914917,34.4257523231937,35.911041287697856,49.720409569533075,350.54588317871094,328.11381340026855,58.450896157778786,60.97274289081405,634.3429073424167,339.5158004760742,337.43239402770996,52.2546340900027,54.50914491752043,-159.9238601373459,337.9928207397461,337.6663398742676,68.3440530348421,71.29273711323613,-1542.7764665197008,368.76705169677734,275.1880645751953,35.72741875559373,37.268867735697796,188.99465318352782,345.1185989379883,302.12525367736816,59.60838814424707,62.180174528792726,551.0908123130181,342.8835678100586,307.83714294433594,100.58736185737334,104.92717401696662,1815.5293773137423,346.75952911376953,304.7057247161865,126.03754535266725,131.47539819806127,1261.193597353596,2288.4162617489724,2448.64370906119,2707.9440720360794,3166.6556000655237,3845.431765884579,3074.2792482855607,3455.4899137743178,3601.142656038978,4102.390299992492,3027.6089484055155,3341.522616401606,3442.2768127553013,3788.1218562610775,2938.096076087165,3299.316087509125,3361.7267296232626,3610.062194068018,2799.4262664157523,3189.307176074757,3274.0100691783723,3474.8027345092105
461,18.44,419.17823791503906,259.5304298400879,74.12121791053319,77.31915606928624,-681.4287328380324,422.78812408447266,295.1304531097412,56.08543186339926,58.50522133478381,-1929.3385959116379,411.03607177734375,323.4049415588379,41.26930728264758,43.0498594142084,-1989.3749073424071,390.11390686035156,338.5553455352783,39.86653463128238,41.58656454914629,-2167.3059966727146,371.2422561645508,346.27827644348145,40.0107792948555,41.737032606328434,-2335.7011880762966,410.0799560546875,329.53479766845703,15.357474122670878,16.02006782935055,-1512.2818761682695,374.70226287841797,360.267276763916,11.650592643649219,12.153254038557556,-2874.4406632739397,355.24600982666016,368.3244323730469,7.8261720793938085,8.163829973249118,-4909.925367084426,344.74910736083984,368.1647300720215,2.3574302973786674,2.45914093459037,-6199.1997629934785,396.62357330322266,311.8626022338867,1.9077360385612874,1.9900447491643352,-1347.2187696477815,359.5464324951172,346.16809844970703,15.603919497609237,16.27714601754779,-2275.906854133738,342.74078369140625,355.6757926940918,11.20325224676139,11.686613271742104,-2978.816316656236,336.17061614990234,355.35807609558105,4.251065343348989,4.434476307983401,-3998.1227379799557,382.24609375,293.49995613098145,3.2164990685404287,3.355273975359888,-813.8941828084493,350.0654602050781,327.5869560241699,17.825279246475535,18.59434567980828,-1059.459930275144,339.1492462158203,336.89815521240234,16.197475449348094,16.896310766348126,-940.3208537793078,337.734375,337.24745750427246,12.304893342833976,12.835784349076377,-1461.4238191039938,368.9258575439453,275.86069107055664,17.277979109201382,18.02343243899079,-481.1358824176752,344.52392578125,302.17841148376465,14.926107909589964,15.570090447806734,-1165.2521020246497,342.18238830566406,308.1836128234863,19.552718393829647,20.396314681392735,-2113.271483389347,346.03328704833984,305.3134059906006,23.673614912929406,24.69500606946791,-2669.509803214834,2291.509027991744,2450.983917914581,2709.666066412648,3168.3190626474893,3847.101247188832,3074.9200509987345,3455.9760439358597,3601.4692092379078,4102.488665629876,3027.688550195482,3342.1737022423076,3442.744277286171,3788.299235313397,2938.2302870461795,3300.059861336317,3362.4025820539164,3610.575625441981,2800.147203713312,3189.929979692669,3274.825921765628,3475.790534751989
462,18.48,416.87931060791016,258.3159828186035,64.99975159306011,67.80414676880879,-237.87523251193613,420.3543472290039,293.6143684387207,71.68412704322485,74.77691763289286,406.79240745272625,407.7444839477539,321.53738021850586,94.6121550059992,98.69416862240723,1391.107730204971,386.5840148925781,336.2922477722168,104.82648994089443,109.34919803555582,1694.065837160238,367.7998352050781,343.40975761413574,112.02305102223238,116.85625262931266,1877.9805005746057,405.65345764160156,326.1328983306885,139.56810010117476,145.58972475387472,3239.2414231131042,368.98067474365234,355.44705390930176,187.0346210465398,195.10417479260215,4573.773018851115,349.72484588623047,362.48966217041016,200.82298575903604,209.48743444751713,5033.090111856701,339.26753997802734,362.52917289733887,196.54370640113137,205.0235268396136,5064.109647625581,391.74560546875,308.3232879638672,150.66792064029784,157.1684437873563,3879.459975954799,354.4811248779297,341.4085292816162,173.7649992133385,181.26203902602433,4124.622325211913,339.34234619140625,349.7632026672363,170.4921154098427,177.8479476128938,4154.033358528793,334.0319061279297,349.4296073913574,157.56114236829882,164.3590715405433,3998.114880813998,377.29610443115234,289.95606422424316,152.19552412799254,158.7619552784872,3885.1670325781824,344.8145294189453,323.8871383666992,160.58666822639992,167.51513282243621,3723.0196785656985,335.7594299316406,331.85729026794434,151.86584093525488,158.41804800130953,3538.043430874035,336.0624694824219,330.45204162597656,174.9516808627174,182.49991970633957,4241.6033839315805,363.9603805541992,272.3540496826172,151.97141087904467,158.52817272929175,3512.618507257524,340.1305389404297,299.3613338470459,130.4745529413542,136.10383917489986,3013.3437181773284,338.87306213378906,305.43542861938477,107.54114367164951,112.18097470354948,2294.6165005539187,343.7294006347656,302.44460105895996,91.98483007559402,95.95348853018417,1781.4620615179067,2294.2211938624964,2453.9749946198967,2713.613833157544,3172.693030568912,3851.7754972940043,3080.7436399888898,3463.780210927564,3609.848706615808,4110.6896067034595,3033.9752879469766,3349.4241838033486,3449.858195190687,3794.8735981750187,2944.580765257319,3306.7604666492143,3368.739303973969,3617.875622230235,2806.4883306224838,3195.374133259665,3279.31316075377,3479.6286742931966
463,18.52,414.3893051147461,257.59806632995605,64.78585609847215,67.58102281598161,-5.5780988206795,416.96903228759766,292.3719120025635,90.15283983414263,94.0424576082805,481.638499384691,405.3019714355469,318.72570991516113,93.11067764694918,97.12791046406159,-39.15645395864118,384.9308776855469,332.6715087890625,99.50695141987661,103.80014958873168,-138.72621117060328,366.4547348022461,339.33197021484375,107.34769783140274,111.97918269938883,-121.92674824809586,401.9382858276367,323.9311408996582,107.96480153380968,112.62291115963795,-824.1703398559192,366.6801071166992,352.59138107299805,91.6770103208392,95.63238798259435,-2486.794670250195,348.0659484863281,360.0541305541992,73.67052852466607,76.84902182234642,-3315.9603156292674,338.7758255004883,360.0176525115967,63.98006415781061,66.74046521890347,-3457.076540517753,388.0956268310547,307.09696769714355,96.26202993720204,100.41522692253463,-1418.8304216205418,351.7591857910156,338.95986557006836,91.53177851544874,95.48089019365133,-2144.528720809325,336.8362045288086,347.0028591156006,93.20757264053431,97.22898596366258,-2015.4740412307801,332.8953552246094,345.95449447631836,91.40622834396157,95.34992319692094,-1725.2287085905593,373.92322540283203,289.1100597381592,86.93401423693865,90.68475672686176,-1701.9299637906356,342.772216796875,321.9528865814209,70.3223418228521,73.35637858948509,-2353.968855823778,333.51295471191406,329.3217086791992,84.6899673294774,88.34389107521764,-1751.8539231522973,334.22176361083984,327.82819747924805,80.12785179011594,83.58494440194829,-2472.874382609782,361.60106658935547,271.36722564697266,63.93445893076994,66.69289236774783,-2295.882009038598,338.9945983886719,296.68599128723145,72.66282900098575,75.79784539893109,-1507.6498443992193,337.4261474609375,301.1855220794678,112.2365461551583,117.07895894699159,122.44960608605275,341.9023895263672,297.2198009490967,138.37563409574372,144.34581015316576,1209.8080405745395,2296.9244347751355,2457.736692924228,2717.4989495761065,3176.845036552461,3856.25466460198,3085.248556435275,3467.605506446868,3612.922667488702,4113.359225312216,3037.9918970238778,3353.2434194110947,3453.7473546292335,3798.687595102895,2948.208155526393,3309.6947217927936,3372.2730596169777,3621.2190200063133,2809.1560463171936,3198.4060470756226,3283.9963191116494,3485.4025066993236
464,18.56,413.1010437011719,258.1468105316162,35.00658570683421,36.51693455693905,-776.6022064760641,416.7251205444336,292.8529644012451,13.483887345891107,14.065645701829087,-1999.4202976612855,405.18444061279297,318.94792556762695,6.284568924060164,6.555714802934201,-2264.3048915281847,384.66461181640625,332.6707077026367,6.656676855265039,6.943877221449459,-2421.406809182056,366.0166549682617,338.5319709777832,22.80231238604479,23.786111451181,-2204.826781205196,401.5125274658203,324.1530704498291,12.003200299702556,12.521074848281984,-2502.545907783899,366.17298126220703,351.9875907897949,19.71261237103262,20.563107237241155,-1876.73201863383,347.88585662841797,359.48055267333984,15.029651166458075,15.678101048055789,-1529.2730193572656,338.7613296508789,359.4615840911865,13.906433264710255,14.506422240107943,-1305.851074469888,387.6068878173828,307.2259998321533,12.6371257449562,13.182350820528157,-2180.8219025501617,350.9930419921875,338.5429573059082,21.805802284137375,22.746607213851807,-1818.3570744949882,336.25659942626953,346.82029724121094,15.191916289386828,15.847367052015327,-2034.5404727911814,332.59620666503906,345.2731132507324,18.60393498822875,19.4065962946529,-1898.583172556701,373.6497116088867,289.38371658325195,9.672702063813693,10.090027951057694,-2014.8682193951017,341.8207550048828,322.0718193054199,23.97165688968449,25.00590697970039,-1208.7617902446175,333.20987701416016,329.44055557250977,8.13866830804404,8.489808759825923,-1996.352057884793,334.4564437866211,327.582950592041,8.486048130220004,8.852176182317068,-1868.3192054907806,361.9104766845703,271.75578117370605,12.417477712279359,12.953226138047205,-1343.4916557425156,338.11084747314453,297.4709129333496,29.549933071416028,30.824856247553573,-1124.3247287844379,336.7755889892578,302.3550224304199,33.45666409655378,34.90014203438389,-2054.4704228151927,341.7113494873047,298.2693386077881,26.66957059947301,27.82022138344364,-2913.139719243053,2298.385112157413,2458.299318752301,2717.7611781682235,3177.122791641319,3857.206109060027,3085.7493994292063,3468.4280307363574,3613.5497915306246,4113.93948220182,3038.519191056699,3354.1532836996485,3454.381249311314,3799.463858954681,2948.6117566444354,3310.6949580719815,3372.6126519673708,3621.5731070536062,2809.6741753627157,3199.6390413255244,3285.392324793025,3486.5153155546614
465,18.6,413.22853088378906,258.3280563354492,5.539800489341949,5.778813553025402,-768.4530250978412,417.0646667480469,292.42547035217285,13.648323761097744,14.237176677833586,4.2882744001124795,405.3196334838867,318.54881286621094,10.534706356436832,10.989223165499142,110.83770906412353,384.6886444091797,332.4090385437012,6.569261481202167,6.85269033676847,-2.2796721170247336,366.24698638916016,338.49738121032715,5.822854511843671,6.0740798581239845,-442.8007898264254,402.2227478027344,323.237829208374,28.962038268077716,30.21159689573742,442.2630511863859,366.1981201171875,350.79397201538086,29.847086757582574,31.134830542161186,264.29308262300077,348.06026458740234,358.5816192626953,22.892403392420718,23.880089407544688,205.0497089872225,339.3399429321289,359.0030765533447,18.456409650454745,19.252706019545837,118.65709448594734,388.5249710083008,306.0344409942627,37.60559474334716,39.22807707435137,651.1431563455803,351.28753662109375,337.38412857055664,29.89158665422358,31.181250373761987,210.86607899775453,337.0661926269531,345.3448677062988,42.073844778288844,43.889108443604606,701.0435347897319,333.85093688964844,343.9456558227539,45.66516149952026,47.63537146910286,705.7193793612489,374.52857971191406,288.29432487487793,34.99270849756556,36.502458619555725,660.3107667124508,342.0968246459961,321.1688804626465,23.604991534279492,24.62342195531805,-9.562125609558514,333.92200469970703,328.00586700439453,40.0426111161823,41.77023780222939,832.0107260600868,335.5427932739258,325.96638679504395,48.69184812630821,50.792643600706384,1048.511685459733,362.6164245605469,271.05746269226074,24.824522970289724,25.89556971665261,323.5585894651351,338.4493637084961,296.84200286865234,17.855690813332338,18.626069344777612,-304.969672569399,337.7157211303711,300.8108711242676,45.19576652634508,47.1457245877891,306.13956383513016,343.22837829589844,296.08800888061523,66.42465555401547,69.2905277923078,1036.757660221604,2298.6162646995344,2458.8688058194143,2718.2007470948433,3177.3968992547902,3857.449072254352,3086.957863305036,3469.6734239580437,3614.504995106926,4114.709590442602,3040.088314139673,3355.400533714599,3456.1368136490582,3801.3692738134455,2950.071854989217,3311.6798949501945,3374.2834614794597,3623.6048127976346,2810.7099981513816,3200.3840840993157,3287.2781537765363,3489.2869366663535
466,18.64,413.47774505615234,257.9336643218994,11.663317604207448,12.166528013798557,159.69286151932886,417.1955108642578,291.4412498474121,24.821993583545414,25.89293120026073,291.3938630606786,405.3205871582031,317.88414001464844,16.616838393233213,17.333767001175065,158.6135958918981,384.4039535522461,332.1804141998291,9.128183507430387,9.522016301620937,66.73314912131167,365.7551574707031,338.6103057861328,12.615656068242703,13.159954840923888,177.14687456999758,403.4117126464844,321.33716583251953,56.04774007480172,58.465903345046776,706.3576612327339,366.6823959350586,349.4797611236572,35.014937309844484,36.52564648740624,134.7703986311264,347.98282623291016,356.50285720825195,52.005098174001375,54.24884284777452,759.2188360057457,340.06797790527344,355.62549591064453,86.37883826516996,90.10562785098558,1771.3230457859936,389.91539001464844,304.0102958679199,61.39232701298065,64.04108091562742,620.3250960319012,351.80118560791016,335.57164192199707,47.096597096182435,49.128565933811274,448.6828890012322,337.0769500732422,343.2172393798828,53.191388036613105,55.48631483779769,289.9301598548272,334.3776321411133,341.4324760437012,64.19443360679318,66.9640835747483,483.2178026411361,375.84285736083984,286.3986396789551,57.66795091571086,60.15601770642454,591.3389771717204,343.23963165283203,319.5564651489258,49.4083178649756,51.54002521564168,672.9150815080907,334.57408905029297,326.43625259399414,42.49193598213408,44.32523806954147,63.87500668280204,336.24794006347656,324.22794342041016,46.90027559635105,48.923774200578535,-46.72173500319623,363.52745056152344,269.64537620544434,42.01158040279525,43.82415768993301,448.21469933201,340.0960922241211,295.56715965270996,52.06330299144754,54.30955889496004,892.0872387545608,338.9797592163086,299.5220375061035,45.13095097886266,47.07811259256313,-1.690299880649171,344.0577697753906,294.6676254272461,41.120093786820675,42.89420814596548,-659.907991158558,2299.102925820086,2459.9045230674246,2718.8940977748903,3177.777779906855,3857.975470447989,3089.2964994388376,3471.13444981754,3616.6749488208375,4118.313815556641,3042.649957376298,3357.3656763519516,3458.35626624257,3804.047837156435,2952.478095697474,3313.74149595882,3376.056471002242,3625.561763765658,2812.462964458979,3202.5564664551143,3289.1612782802385,3491.0027049921923
467,18.68,413.7260437011719,257.4104404449463,14.478765540706373,15.103447623914342,73.42299025289462,417.57415771484375,290.9260654449463,15.984140694816723,16.67377174654244,-230.47898634295728,404.9528503417969,317.51641273498535,13.001291242339583,13.562228131249379,-94.28847174814217,383.47644805908203,331.1373710632324,34.89453238555926,36.40004672805586,671.9507606608731,365.08373260498047,337.7084541320801,28.10858138794472,29.321317869385485,404.0340757115399,402.13218688964844,319.29991722106934,60.14341229128054,62.73828213537913,106.80946975830885,365.2346420288086,347.55970001220703,60.11772848318899,62.711490206937256,654.6460929882753,346.8616485595703,355.14673233032227,43.98944518102862,45.887356862628174,-209.03714962865863,339.52198028564453,354.21512603759766,37.80919679322984,39.44046347482723,-1266.6291094039589,388.8656234741211,301.5311050415039,67.30711767430356,70.21106348137522,154.24956414369504,351.0190963745117,332.7238082885742,73.83181890558838,77.01727102934218,697.2176273882727,337.0713806152344,341.28673553466797,48.262796976888666,50.3450811655651,-128.53084180581487,334.83280181884766,339.9320125579834,39.19957036994431,40.890824310807524,-651.8314815985194,375.1198959350586,283.9043140411377,64.9246371314501,67.72579151583258,189.24434523520102,342.42076873779297,315.85095405578613,94.87277314582693,98.96603105526889,1185.6501459906801,334.5176315307617,323.43875885009766,74.95063457123872,78.18435766801016,846.4779899617174,336.94793701171875,321.05395317077637,81.25657601203248,84.76236709862997,895.9648224512857,363.1792449951172,267.63416290283203,51.02833811398937,53.22994076209277,235.1445768039939,338.02501678466797,293.71456146240234,69.46884882195856,72.46606188395302,453.9125747248244,336.4984893798828,299.51602935791016,62.03192776204614,64.70827705100014,440.7541114609252,341.73789978027344,295.84951400756836,65.08963728266006,67.89791055006457,625.0925601024771,2299.7070637250426,2460.5714739372866,2719.4365869001404,3179.233781775977,3859.1483231627644,3091.806030724253,3473.642909425818,3618.5104430953425,4119.891434095634,3045.458399915553,3360.4463671931253,3460.3700694891927,3805.683470128867,2955.1871273581073,3317.700137201031,3379.183845308962,3628.952258449603,2814.5921620894624,3205.4551089304728,3291.7496093622785,3493.718621414195
468,18.72,412.3758316040039,259.04651641845703,53.031931998784046,55.31997911608873,1005.4132873043598,416.0013198852539,292.3457622528076,52.97026208426134,55.25564847123187,964.5469181172359,403.9179229736328,318.6262607574463,37.93775568559182,39.57456900281017,650.3085217890199,382.7353286743164,333.00015449523926,50.119981401099814,52.28239326583785,397.0586634445496,364.52037811279297,339.49055671691895,46.725648114534,48.7416124673904,485.5073649501228,401.74686431884766,320.70902824401855,36.52111853576569,38.09681145957653,-616.036766895065,365.5198669433594,349.0912628173828,38.94738340118634,40.62775680941308,-552.0933349381045,346.7678451538086,357.0508289337158,47.660144211302025,49.71642712355753,95.7267565232339,338.67645263671875,355.90487480163574,47.23721977071019,49.27525573229536,245.86980643670327,388.16566467285156,303.30631256103516,47.70550322601007,49.76374313962183,-511.1830085438347,349.8979949951172,334.08193588256836,44.02683034560172,45.926354999137374,-777.2729007551202,335.81104278564453,341.8600559234619,34.61527582677624,36.108741727131864,-355.90848596083083,334.3870544433594,338.93314361572266,27.345359370556192,28.525166862406508,-309.1414362100254,374.4482421875,285.61497688293457,45.944845432554125,47.927122283214125,-494.96673081546146,341.6334915161133,317.8102111816406,52.78786501760664,55.06538193675214,-1097.5162279629187,332.9472351074219,325.1505661010742,58.075538046014415,60.58119006365445,-440.07919010889293,335.4282760620117,322.43980407714844,51.417118603369616,53.63549507140496,-778.1718006806251,362.8261947631836,269.2946434020996,42.43995725372103,44.27101673417023,-223.97310069806338,339.4566345214844,294.66922760009766,43.01828665542578,44.8742979879111,-689.7940974010479,337.45532989501953,299.8345184326172,25.2113449427391,26.299081009396655,-960.229901040087,342.2016906738281,295.8431625366211,11.59585955544719,12.096159507353889,-1395.0437760677669,2301.919862889686,2462.7816998761355,2721.0195696602527,3181.3250775066103,3861.09798766146,3093.329903182636,3475.268019698194,3620.4991001802846,4121.8624443249255,3047.4489496411384,3362.2834213930905,3461.814419158278,3806.8244768033637,2957.104212249436,3319.902752478501,3381.607092911508,3631.097678252459,2816.363002758829,3207.2500808499894,3292.8015726026542,3494.202467794489
469,18.76,412.8044891357422,259.51698303222656,15.911593929186607,16.598094972034396,-968.0471036013583,416.23592376708984,292.64413833618164,9.48904857263469,9.898450783986878,-1133.9299421811247,403.96949768066406,318.6957550048828,2.1635331104653814,2.256878110543958,-932.9422723066554,382.8523635864258,333.07305335998535,3.447047208637271,3.595769047191381,-1217.1656054661617,364.71534729003906,339.89087104797363,11.131726722632159,11.612001799899305,-928.2402666872773,403.03394317626953,322.6266860961914,57.73854660895199,60.22965923009889,553.321194263059,366.4217758178711,350.31423568725586,37.98932628358023,39.62836459908957,-24.98480525808766,346.95068359375,358.29214096069336,31.367633033902298,32.720980340606815,-424.88616957376786,337.2874450683594,357.9316234588623,61.42603349013195,64.07624164882736,370.0246479133,390.4256057739258,304.76795196533203,67.28541599279649,70.18842548719876,510.6170586894232,351.3890075683594,335.47144889831543,50.95258159858541,53.1509157541004,180.61401887407573,335.1436233520508,343.57521057128906,46.010896578294854,47.996023186222054,297.18203647725477,330.65574645996094,341.88663482666016,118.96892871685544,124.1018081753234,2389.4160328229223,376.69673919677734,286.7764091491699,63.26859267135306,65.99829750430038,451.77938052715643,342.8971862792969,318.58214378356934,37.020301832390466,38.617531872798814,-411.1962515988331,333.27709197998047,325.48516273498535,11.746288344589882,12.253078502385469,-1208.2027890317245,333.9021301269531,323.4747791290283,46.099720532705206,48.088679424035554,-138.67039118423517,364.7068786621094,269.9535942077637,49.819600133657204,51.96905213690876,192.45088506846315,340.63182830810547,294.9174499511719,30.028057418080234,31.323609128609533,-338.7672214825391,339.42237854003906,298.91295433044434,54.30562106199751,56.64862111953253,758.7385027533968,344.36988830566406,294.1798496246338,68.31768993955123,71.26523658994839,1479.2269270648624,2302.5837866885677,2463.177637907495,2721.109844784675,3181.468908268498,3861.5624677334563,3095.7390895518397,3476.853154282158,3621.807939393909,4124.425493990879,3050.2564866606263,3364.4094580232545,3463.734260085727,3811.788549130377,2959.7441441496076,3321.4474537534134,3382.0972160516035,3633.0212254294206,2818.4417648443055,3208.5030252151337,3295.0675174474354,3497.053077258087
470,18.8,413.18355560302734,259.21711921691895,12.083296692927213,12.604626976847914,-99.83669987966204,416.25518798828125,292.1550750732422,12.23606312747017,12.7639844743034,71.63834225791308,404.0766906738281,317.88662910461426,20.404886980036025,21.285249830755287,475.7092930052832,382.1480941772461,331.3978958129883,45.42953477617526,47.38957870004181,1094.8452413212608,364.11476135253906,337.6674556732178,57.57755311872573,60.061719723060996,1211.2429480790422,405.4916763305664,322.63575553894043,61.44374720283711,64.09471961446023,96.62650960903356,368.39237213134766,349.6484184265137,52.00097628524421,54.24454312133856,365.4044630562247,347.21309661865234,357.5350570678711,20.031796855395203,20.896062842357004,-295.62293745624527,334.3801498413086,358.24307441711426,73.09825252967882,76.25205514777647,304.39533747372775,394.54833984375,304.4611072540283,103.35342848493352,107.81258177608518,940.6039072221606,354.9485397338867,335.85362434387207,89.49974618892152,93.36118642971378,1005.2567668903345,334.6923828125,346.32402420043945,69.64012130381909,72.64472386669773,616.2175170118919,325.697021484375,346.4531421661377,168.52659779876362,175.7976283222503,1292.3955036731722,381.6048049926758,286.1934471130371,123.56413970191826,128.89527818757045,1572.424517081752,347.7859115600586,318.52020263671875,122.22794171248219,127.50143032865675,2222.0974613964486,336.68907165527344,325.5260467529297,85.30561531757297,88.98610101478934,1918.325562810097,335.9355163574219,323.28712463378906,51.050671958380065,53.25323819363465,129.11396923997742,368.60584259033203,269.36339378356934,98.58453306141836,102.83793376134344,1271.722040610867,343.53912353515625,294.6463680267334,72.99764956399932,76.14711169671507,1120.5875642026385,340.93456268310547,299.5371150970459,40.898330842362405,42.66287730445597,-349.643595376914,345.03047943115234,295.4655647277832,36.1372726691257,37.696404675852186,-839.220797852405,2303.0879717676416,2463.688197286467,2721.961254777905,3183.3644914164993,3863.9649365223786,3098.302878336418,3479.0229360070116,3622.6437819076027,4127.47557619679,3054.56898993167,3368.1439054804428,3466.640049040395,3818.820454263267,2964.8999552771106,3326.5475109665595,3385.6566600921947,3635.151354957166,2822.5552821947595,3211.5489096830024,3296.7740325396135,3498.560933445121
471,18.84,414.23656463623047,260.62265396118164,43.90583632429307,45.80014072634567,829.8878437374437,416.89247131347656,293.44462394714355,35.960623732357234,37.512134272632956,618.7037449582389,404.5487976074219,318.6956977844238,23.418436719229554,24.428818287610735,78.5892114213862,382.5059127807617,331.7171859741211,11.989066894938317,12.506331661923719,-872.0811759529523,364.1266632080078,337.88829803466797,5.529071055255221,5.76762120065893,-1357.3524630600516,405.11241912841797,323.4041404724121,21.42211811667643,22.346369105770055,-1043.7087627172546,368.0525588989258,350.5795955657959,24.781090291425265,25.85026314762562,-709.8569993428235,346.6758728027344,358.29955101013184,23.359425508545186,24.36726105558779,86.77995533076964,333.2710647583008,359.35120582580566,39.195224041639044,40.88629046144513,-884.1441171582836,394.3214416503906,305.4169178009033,24.55932347993368,25.61892827224078,-2054.84133759611,355.30426025390625,336.093807220459,10.730357128508425,11.193315232620048,-2054.1967799273434,334.8971176147461,346.7756938934326,12.397627061742657,12.932519037028214,-1492.805120741738,324.9211120605469,348.0666446685791,44.759257138677285,46.690382130902684,-3227.68115478369,381.6542053222656,287.0038318634033,20.29722635284331,21.172944217449277,-2693.0583492530295,349.08668518066406,318.923864364624,34.049181365329204,35.518223286549656,-2299.5801760526774,338.0574035644531,325.61742782592773,34.28449644319574,35.763690964279675,-1330.5602512627415,336.1918258666992,323.4553813934326,7.665054701033683,7.99576123296024,-1131.4369240168603,368.84082794189453,269.93353843688965,15.416773356451143,16.0819255111412,-2168.9002062550558,344.4408416748047,295.02659797668457,24.46515913256684,25.520701231786486,-1265.6602616232146,341.8250274658203,299.43071365356445,22.419979878870446,23.387283320371594,-481.88984960210934,344.8129653930664,294.9327278137207,14.38809259752875,15.00886262325671,-567.1885513148869,2304.9199773966952,2465.1886826573727,2722.9384075094094,3183.8647446829764,3864.195641370405,3099.196733100649,3480.0569465329168,3623.6184723498263,4129.111027815248,3055.5937470625595,3368.591638089748,3467.157349801876,3820.6880695485033,2965.7468730458086,3327.9682398980217,3387.087207730766,3635.4711854064844,2823.198559215205,3212.5697377322736,3297.7095238724287,3499.1612879500517
472,18.88,413.48621368408203,259.1648483276367,40.98950945505278,42.75798979158884,-76.05377336892064,416.97540283203125,292.11424827575684,33.32395031905965,34.7617023599711,-68.76079781654632,405.71128845214844,317.93867111206055,34.68135618331645,36.17767310123062,293.72137034049706,384.59205627441406,332.0316410064697,52.74275212930556,55.018322666146275,1062.7997751055639,366.39244079589844,338.95440101623535,62.601535749404356,65.30246060753616,1488.370985171931,408.1111526489258,321.91746711730957,83.67571478552267,87.2858789033944,1623.4877449406088,371.8858337402344,349.39770698547363,100.28352502188982,104.61022823052926,1968.9991270725911,351.20277404785156,357.740535736084,114.03215818263268,118.95204212756963,2364.619526799546,338.5526657104492,359.30583000183105,132.04489668086538,137.7419349334483,2421.3911118000797,396.34105682373047,303.9067554473877,63.04480441697981,65.76485397147493,1003.6481424808538,357.7179718017578,336.29273414611816,60.54737482946824,63.1596735185318,1299.158957147794,338.3368682861328,346.74367904663086,85.9974913577466,89.70782784333869,1919.382720157762,329.27555084228516,348.05371284484863,108.86144960444952,113.55824484771506,1671.6965679203092,382.39891052246094,286.12375259399414,28.82192476702562,30.06543823886892,222.3123505354911,349.92340087890625,319.7054386138916,28.62419722458485,29.859179799731727,-141.4760871704482,339.65187072753906,326.72664642333984,48.55854347463099,50.653587559017566,372.24741486844727,338.3905029296875,325.2018070220947,70.19696976970684,73.22559739596011,1630.7459040749968,368.4837341308594,269.5769691467285,12.61590386589547,13.160213329733542,-73.04280453519145,345.5088424682617,295.9705924987793,35.634878915973076,37.172335291898875,291.29085150280974,343.53321075439453,300.3251552581787,48.20474517247473,50.2845247331141,672.4310353185625,346.55914306640625,296.29237174987793,55.327254246888046,57.7143323678752,1067.6367436154624,2306.6302969883586,2466.5791507517715,2724.385514433459,3186.065477589622,3866.807739794707,3102.6881682567846,3484.241355662138,3628.376554034929,4134.6207052125865,3058.2243412214184,3371.118025030489,3470.7456629156095,3825.230399342412,2966.9494905753636,3329.162607090011,3389.1133512331267,3638.4002093023223,2823.724967748394,3214.0566311439493,3299.7209048617533,3501.4698612447664
473,18.92,413.01509857177734,260.5379104614258,36.29091718570254,37.8566781399328,-122.53279129140111,417.0672607421875,293.223352432251,27.822539262381913,29.022934540397603,-143.4691954893375,406.18446350097656,318.7455081939697,23.38376444749138,24.39265009090036,-294.6255752582564,385.2328872680664,332.2828674316406,17.207902965091346,17.95033288024207,-926.699744647605,367.37071990966797,339.08729553222656,24.681609763372375,25.746490561432278,-988.899251152597,407.2694778442383,322.29761123657227,23.0884986012483,24.084645086514776,-1580.0308454219908,371.07688903808594,350.07837295532227,26.4303056835804,27.57063345308698,-1925.9898694360568,350.95592498779297,358.01673889160156,9.260893638361752,9.660452172141078,-2732.289748885714,338.7750244140625,359.5983695983887,9.186362467901553,9.582705376239876,-3203.9807389302105,395.4304504394531,304.10096168518066,23.27713537310214,24.281420536440308,-1037.0858358758658,358.5438919067383,335.4483890533447,29.52819262481973,30.8021778157795,-808.9373925688074,340.4299545288086,345.9568977355957,55.90189425833897,58.313765053704245,-784.8515697408611,332.2300338745117,347.19640731811523,76.90880457513583,80.22701234111962,-833.2808126648861,381.75853729248047,286.07394218444824,16.057688006348165,16.750492235210608,-332.8736500914578,351.2533950805664,318.46827507019043,45.41102709084599,47.37027250606937,437.77731765844106,340.80379486083984,326.12377166748047,32.503722672692206,33.90608623290777,-418.68753315274495,339.43798065185547,324.5083808898926,31.405108852492337,32.760073042373875,-1011.6381088396558,368.17832946777344,269.90796089172363,11.259094754062925,11.74486508760621,-35.38370605318333,345.25848388671875,296.18577003479004,8.253059711247307,8.609135546494942,-714.0799936350984,342.03235626220703,301.35669708251953,45.52913038706501,47.493471334287186,-69.77633497067276,344.1524124145508,297.6079273223877,68.5703967418801,71.52884635298035,345.36284962762875,2308.144564113956,2467.7400681333875,2725.361220437095,3186.7834909048315,3867.837599417164,3103.6515540602454,3485.3441810002614,3628.762972121815,4135.004013427636,3059.195598042876,3372.3501121431204,3473.078213517758,3828.4394798360568,2967.619510264772,3331.0574179902537,3390.4695946824427,3639.7106122240175,2824.194762351898,3214.400996565809,3301.6206437151245,3504.331015098886
474,18.96,411.80908203125,261.7375946044922,42.52732900111498,44.36215810992249,162.63699924974233,416.4625549316406,294.10746574401855,26.778319884677554,27.933662624591392,-27.231797895155285,404.9137496948242,319.81727600097656,41.55869200060935,43.35172955076174,473.97698649653444,383.51551055908203,333.17490577697754,48.380750111184604,50.46812335316781,812.9447618231435,364.99996185302734,339.8232078552246,62.05874590995825,64.73625226002069,974.7440424647102,406.3368606567383,322.16915130615234,23.53556845691088,24.551003639683344,11.658963829214208,371.08287811279297,351.1848449707031,27.66220559984357,28.855683329119266,32.126246900807146,350.5812072753906,358.4955024719238,15.199258407711874,15.855025943877285,154.8643442934052,338.63067626953125,358.51049423217773,27.435255594287298,28.618941632285416,475.9059064011385,394.33494567871094,304.23248291015625,27.5842857600559,28.77440166074856,112.32452810770627,357.1803665161133,336.2926197052002,40.09307050797064,41.82287424964385,275.5174108466088,340.04085540771484,346.1725330352783,11.121395722467259,11.601225071769099,-1167.8134995483786,333.2360076904297,346.33907318115234,33.0435805103887,34.46923607832,-1143.9444065699904,380.5955505371094,286.4502239227295,30.558613144788488,31.877055526189295,378.1640822744672,349.16858673095703,319.484338760376,57.980660984474156,60.48221955918323,327.79867632784647,340.3508758544922,326.77823066711426,19.8974277312516,20.755896401850144,-328.7547457764406,340.6397247314453,324.1028594970703,31.708007987590364,33.07604067161824,7.8991907311090515,366.84192657470703,270.3591728210449,35.26298429087948,36.784395382524366,625.988257372954,343.0308532714844,297.6943302154541,67.2592557599634,70.1611365788099,1538.8000258078741,341.2701416015625,303.4585762023926,55.895365547264696,58.30695466330978,270.33708322556487,345.08968353271484,299.42713737487793,51.16152340886919,53.36887229737025,-453.9993513902525,2309.9190504383528,2468.857414638371,2727.0952896191257,3188.8022158389585,3870.4270495075643,3104.633594205833,3486.498408333426,3629.3971731595702,4136.148771092927,3060.346574109306,3374.0230271131063,3473.542262520629,3829.81824927919,2968.8945924858194,3333.476706772621,3391.299830538517,3641.033653850882,2825.6661381671993,3217.2074420289614,3303.9529219016567,3506.465769990781
475,19.0,411.2074279785156,264.03270721435547,59.316573838626354,61.87576998073507,437.8402967703146,415.33870697021484,296.5260887145996,66.67444841458763,69.55109789242252,1040.435881695778,402.5277328491211,322.161283493042,83.61910484018424,87.22682653860491,1096.8774246960793,379.99244689941406,335.0255584716797,99.48898477495318,103.78140777819435,1332.8321106256635,361.1593246459961,341.1770439147949,101.80669867519055,106.19911876336343,1036.5716625835685,403.82678985595703,324.3525981903076,83.17111773650002,86.75951116301843,1555.212688083377,367.7655029296875,352.24084854125977,87.03491270214649,90.7900084266918,1548.3581274393134,347.4871063232422,358.43871116638184,77.36555255114769,80.70346657429504,1621.2110157604438,337.00565338134766,356.8366527557373,58.32261930081687,60.838931566565606,805.4997483570048,391.5853500366211,306.6242980957031,91.10795820348274,95.03878427890791,1656.6095654539836,353.6622619628906,337.3736572265625,92.01121456784202,95.98101137359447,1353.9534280987655,337.54981994628906,345.86986541748047,62.73388915163886,65.44052435840467,1345.9824821658892,332.52696990966797,344.90092277526855,40.08593241783215,41.81542818870458,183.65480275961445,378.0697250366211,288.69847297668457,84.53704168708673,88.18436750093866,1407.682799368734,345.94459533691406,320.91854095458984,88.21513632432573,92.02115245012219,788.473322273474,337.4077606201172,327.2104740142822,74.36717015080134,77.57571984666288,1420.4955861203184,338.4571075439453,323.41020584106445,57.24719902727061,59.71711260143792,666.026798245492,364.9320983886719,272.4538993835449,70.86661357709903,73.92413278857987,928.4934351513875,341.3380813598633,298.5648536682129,47.587339614757404,49.640481394095964,-513.0163796178484,339.56661224365234,303.629207611084,42.801338697622846,44.64798987424079,-341.4741197267247,343.5780334472656,299.0042781829834,39.242004575839445,40.93508932804244,-310.8445742331954,2312.394081237582,2471.639458554068,2730.58436268067,3192.9534721500863,3874.675014258099,3108.103974652354,3490.1300086704937,3632.625311822542,4138.58232835559,3064.148125480462,3377.86226756805,3476.159883494965,3831.490866406738,2972.4219671858573,3337.157552870626,3394.4028593323833,3643.4223383549397,2828.6231034787425,3219.193061284725,3305.7388414966263,3508.1031735639026
476,19.04,410.72200775146484,264.12549018859863,12.355198226339786,12.888259621993878,-1224.6877589685298,413.94847869873047,296.58273696899414,34.78454821792628,36.285317325840296,-831.6445141645555,402.14866638183594,321.44991874694824,20.151476196005373,21.020905712937953,-1655.148020641674,381.61876678466797,334.02743339538574,47.70462528085637,49.762827315782545,-1350.464511560295,363.8385772705078,340.1319122314453,71.8970394970045,74.99901613190505,-780.0025657864594,400.1615905761719,324.7299385070801,92.11430221197863,96.08854670383464,233.2258885204052,363.909912109375,351.3897514343262,98.71026687707297,102.9690923255149,304.47709747057735,344.8143768310547,356.60694122314453,81.00487664084046,84.4998082320551,94.90854144400167,336.5281295776367,353.8041400909424,76.74699523943983,80.05822178919901,480.4822555658351,388.4558868408203,307.5922966003418,81.89383752324692,85.42712307042216,-240.29153021214393,350.86509704589844,336.67041778564453,72.10529316611631,75.21625484435434,-519.1189132310033,335.6808090209961,343.3860397338867,77.71177462804638,81.06462630092925,390.6025485631144,332.2720718383789,340.8119487762451,102.42278003280265,106.84178077005205,1625.658814533687,375.6555938720703,289.7489833831787,65.81983645626805,68.65961395237518,-488.118838714087,343.7343978881836,320.9559631347656,55.262855868249005,57.64715554011973,-859.3499227500613,334.83482360839844,326.66911125183105,65.73183450030594,68.56781517789133,-225.19761671928862,336.0357666015625,322.5890636444092,63.91970777070214,66.67750477321502,174.00980429442754,363.5049819946289,273.1900119781494,40.144449757108106,41.87647024138238,-801.1915636799372,339.4712829589844,298.16697120666504,47.71822714337926,49.777016026665706,3.413365814243541,336.94156646728516,302.9110908508301,68.03747592954184,70.97293282884631,658.1235738651379,340.73097229003906,298.4678363800049,72.4289610625952,75.55388729708434,865.4699492260477,2312.909611622462,2473.090871247102,2731.4251989091877,3194.943985242718,3877.674974903375,3111.947516520507,3494.2487723635145,3636.005304151824,4141.784657227157,3067.5652104032793,3380.870917761824,3479.402468547002,3835.76453763754,2975.1683517439524,3339.463439092231,3397.145571939499,3646.0894385458682,2830.2981622883976,3221.1841419257917,3308.5777588097803,3511.1253290557856
477,19.08,408.9325714111328,263.09563636779785,51.615654773520866,53.84259702625751,1023.8584351065906,412.00096130371094,295.57634353637695,54.80449197555951,57.16901567201662,522.0924586544081,400.5339813232422,320.7161521911621,44.339747947215386,46.25277333869026,630.7966906438077,379.89246368408203,334.1195869445801,43.21902555387018,45.08369770712151,-116.9782402165259,361.580810546875,340.67344665527344,58.04508005924417,60.54941797599815,-361.2399538976724,399.22977447509766,323.0669116973877,47.65723591423961,49.713393348873254,-1159.3788338740346,362.4937057495117,350.30613899230957,44.58037950019597,46.50378686929033,-1411.632636405614,343.3507537841797,355.35069465637207,48.22050821403206,50.30096786646586,-854.971009139731,335.7999801635742,352.21715927124023,43.65138665682673,45.53471290277219,-863.0877221606704,387.9640579223633,306.05146408081055,40.43560110128537,42.180183224719975,-1081.1734961425545,349.66236114501953,335.2078056335449,47.34057426465989,49.38306942550539,-645.8296354712237,334.55322265625,340.843448638916,69.5351551653264,72.53522899501466,-213.23493264786464,331.9889450073242,337.4351978302002,84.71499186270967,88.36999528458024,-461.7946371367953,375.47393798828125,288.2589054107666,37.52774993240809,39.14687367192689,-737.8185070112073,343.07186126708984,319.9226474761963,30.686886699929577,32.01086340616082,-640.9073033489727,333.48499298095703,325.5072212219238,44.52549244798335,46.4465317313441,-553.0320861636808,334.4693374633789,321.7759895324707,44.12191743096011,46.02554458884262,-516.29900460931,363.5311508178711,271.6713237762451,37.97284113278518,39.6111682013093,-56.632551001827025,340.24707794189453,296.66436195373535,42.27656282222518,44.10057269795743,-141.91108321770685,336.8150329589844,301.06106758117676,46.35863476056581,48.35876443014915,-565.354209967429,339.81956481933594,296.5784740447998,52.44254958610096,54.70516797245992,-521.2179831156107,2315.063315503512,2475.3776318739824,2733.275309842735,3196.7473331510027,3880.0969516224154,3113.936052254462,3496.108923838286,3638.017342866483,4143.606045743269,3069.2524177322675,3382.846240538844,3482.3038777068023,3839.299337448923,2976.7342266908295,3340.7438736284776,3399.0034332087525,3647.9304603294217,2831.88260901645,3222.94816483371,3310.512109386986,3513.3135357746837
478,19.12,408.9186096191406,261.1655330657959,48.2538449765565,50.33574293381005,-87.67135231118637,411.34708404541016,293.8077163696289,47.140730291610424,49.17460324298301,-199.86031072584024,399.89898681640625,318.55310440063477,56.3581946560183,58.78975239791154,313.424476480532,379.5897674560547,331.62943840026855,62.71196446452015,65.417653737105,508.34890074958724,361.7035675048828,337.9695224761963,67.66773251030251,70.58723693847028,250.94547406180325,399.442138671875,322.22522735595703,21.701542034531453,22.63784868642403,-676.8886165612306,362.85083770751953,346.9814872741699,83.5944536226814,87.20111175156914,1017.4331220569703,344.6597671508789,352.73820877075195,73.05220092834965,76.20401666364486,647.5762199294751,336.59961700439453,351.7309284210205,23.396574494230027,24.40601282334002,-528.2175019858042,388.8606262207031,304.98547554016113,34.82246295841119,36.32486788665836,-146.38288345154038,350.74195861816406,334.3406867980957,34.61778606087904,36.111360264547145,-331.79272902395616,333.7965393066406,341.7703628540039,29.913830974442906,31.204454418638438,-1033.2693644094056,328.580322265625,340.06693840026855,107.65908990702096,112.30400969457563,598.3503602498846,376.6781997680664,286.92687034606934,44.892676517406215,46.829557849508134,192.0671044395311,344.1141128540039,318.81022453308105,38.10981808204122,39.754054980776495,193.5797893653918,333.8301467895508,324.12506103515625,35.61511207928593,37.15171562085334,-232.3704027622691,334.1733932495117,320.172815322876,40.75652190164741,42.514950058678686,-87.76486325409837,364.6873092651367,269.8140335083008,54.693632482358055,57.053373178568236,436.0551244314735,340.8419418334961,294.8514175415039,47.70109073289478,49.75914027078814,141.46418932076762,337.6523971557617,299.2499828338623,49.88240396171544,52.03456561766733,91.89502968795455,341.1668014526367,294.8335647583008,55.112129814010515,57.48992645457718,69.61896205293155,2317.0767452208643,2477.3446160037015,2735.6268999386516,3199.364039300487,3882.920441099954,3114.8415662019192,3499.5969683083486,3641.0655035330287,4144.582286256202,3070.7054124477336,3384.2906949494263,3483.552055883548,3843.791497836706,2978.6074090048096,3342.3340358277082,3400.489501833587,3649.6310583317695,2834.164743943593,3224.938530444542,3312.593492011693,3515.613132832867
479,19.16,409.8081588745117,259.34349060058594,50.68984503058564,52.87684349410593,63.527514007396846,409.51908111572266,290.286169052124,99.1932779362213,103.47294275482867,1357.4584877961413,390.9604263305664,318.01700592041016,223.86556392665184,233.5241778767887,4368.360636971929,365.88497161865234,335.76991081237793,357.91491721175805,373.35705110545604,7698.4849342087755,348.9973449707031,347.6630973815918,399.5415228222603,416.7796243788462,8654.809686009397,399.79270935058594,322.3908519744873,9.693145614142306,10.111353532355835,-313.16237885170483,363.8434600830078,342.58360862731934,112.71267611926004,117.57563139843568,759.3629911716632,351.51599884033203,342.46607780456543,308.75211291377155,322.0731320674823,6146.727885095936,348.4410858154297,339.2904853820801,429.37818893127286,447.903584676618,10587.43929633195,390.88050842285156,304.7940731048584,50.72326267845355,52.911702936567956,414.6708762477399,354.5902633666992,333.38770866394043,99.1136240690965,103.38985224502109,1681.9622995118486,333.13209533691406,346.0963439941406,109.41777338978281,114.13857105923469,2073.3529160149064,320.4913330078125,351.27373695373535,345.52865386877784,360.4363860714959,6203.309409423007,379.4122314453125,285.9850215911865,72.29284321969305,75.41189668986215,714.5584710088503,349.8881149291992,315.39095878601074,167.7618814969749,174.99991856040992,3381.146589490836,340.2538299560547,321.15766525268555,176.8988820510367,184.5311323175474,3684.485417417351,339.0876007080078,319.29076194763184,124.818500987229,130.20375852181533,2192.2202115784157,365.8591842651367,267.16564178466797,72.40195843963659,75.52571965389562,461.80866188318464,343.71875762939453,291.1922550201416,116.36564001369052,121.38620134629943,1790.6765268877823,341.53839111328125,294.97572898864746,144.41735303282505,150.6481972778189,2465.3407915037888,344.47975158691406,291.50776863098145,117.35778221080122,122.42114922686339,1623.2805693071555,2319.1918189606286,2481.4835337138948,2744.9678670537232,3214.298321344705,3899.5916260751083,3115.2460203432133,3504.2999935642856,3653.9484288157278,4162.498429643267,3072.821880565197,3388.426289039227,3488.117598725917,3858.208953279566,2981.6238848724042,3349.3340325701247,3407.8707471262883,3654.839208672642,2837.185772729749,3229.7939784983937,3318.619419902805,3520.5099788019415
480,19.2,412.37831115722656,254.72551345825195,132.12540360265572,137.8259153027142,2123.726795215207,411.33655548095703,282.8456783294678,191.48125767000315,199.74266024609207,2406.742937281585,401.4787292480469,310.1267623901367,328.7197127026496,342.902228079758,2734.4512550742324,383.59066009521484,326.57023429870605,498.8270318866075,520.3487775467123,3674.7931610314067,366.82178497314453,331.64488792419434,599.1106406696151,624.9590931522083,5204.486719334052,407.9430389404297,321.8829345703125,204.153515326926,212.96165873460163,5071.257630056145,376.05628967285156,343.8995933532715,307.0881615976738,320.3373900609714,5069.043966563393,353.80584716796875,354.0585422515869,295.411405203656,308.1568434447265,-347.90721556889395,337.1128845214844,358.7167167663574,562.1980358110178,586.4539048074794,3463.758003271535,403.1707763671875,308.1283378601074,318.3630078244677,332.0986862139694,6979.674581935036,375.3235626220703,340.28223037719727,546.2394894110902,569.8068316141554,11660.424484228357,351.6929244995117,352.34092712402344,489.5783885581761,510.70110422052255,9914.063329032197,335.7729721069336,356.7393207550049,405.7409116700016,423.2464840361075,1570.25244911529,394.36519622802734,289.3934154510498,383.4125588848976,399.95478103352906,8113.572108591673,372.6649856567383,318.6672592163086,575.2825309405565,600.1029266331832,10627.57520181933,359.2753601074219,322.8302764892578,477.3731753356584,497.96930066125253,7835.954208592628,355.10868072509766,320.8999729156494,402.5423617875387,419.90993365918234,7242.654378434176,383.0923843383789,269.657621383667,435.31105766898304,454.09242529204477,9464.167640953729,364.26822662353516,290.03233909606934,514.5544680182454,536.7547692871563,10384.21419852142,354.6076202392578,295.20715713500977,326.7819503642708,340.88086155489685,4755.816606926949,350.97801208496094,295.6101322174072,192.1210173557747,200.41002217544832,1949.7218237146233,2324.7048555727374,2489.4732401237384,2758.6839561769134,3235.1122724465736,3924.5899898011967,3123.764486692597,3517.113489166725,3666.274702553517,4185.956585835566,3086.1058280137554,3411.218562303793,3508.545642894738,3875.13881264101,2997.6220761137456,3373.3381496354523,3427.7895191527386,3671.635606019009,2855.3494697414303,3251.26416926988,3332.254654365001,3528.5263796889594
481,19.24,414.8330307006836,248.8671112060547,158.79728623621824,165.64854847227855,695.5658292391086,414.9129867553711,275.58231353759766,202.40326201729283,211.13589126041285,284.8307753580194,409.62947845458984,302.76763916015625,274.5352975279306,286.3800422398821,-1413.0546459968982,396.37901306152344,320.5256652832031,353.62302153394216,368.87998285022724,-3786.719867412127,380.97084045410156,329.65038299560547,357.22351276316266,372.63581621516494,-6308.081923426084,416.60545349121094,317.0515251159668,247.96666001340756,258.66510866966917,1142.5862483766884,384.7715759277344,340.2864646911621,235.86398786364353,246.04027028759467,-1857.4279943344188,363.2474136352539,352.50200271606445,239.22530264612476,249.54660800830464,-1465.2558859105468,346.005859375,360.38723945617676,226.2129082889371,235.9727977215808,-8762.027677147464,412.0077133178711,304.8547554016113,235.59472190465448,245.759386927956,-2158.4824821503353,383.8777160644531,335.71603775024414,242.41449036499293,252.87339229383886,-7923.3359830079135,362.10166931152344,350.4455280303955,264.4977626154265,275.9094408341202,-5869.791584660059,344.4593048095703,358.60107421875,222.0902150318974,231.67223207583544,-4789.356299006802,402.818603515625,288.62305641174316,212.2109030826565,221.36668011657693,-4464.702522923803,380.87413787841797,315.8678913116455,216.83323209376596,226.18843815413305,-9347.862211976253,368.4659194946289,323.32048416137695,230.09058733950818,240.01777809494163,-6448.788064157773,360.1771545410156,326.0735321044922,181.0648045298726,188.8767922971561,-5775.828534050656,389.4287109375,270.50588607788086,159.82136074806152,166.71680637790772,-7184.390472853425,370.9974670410156,288.1967353820801,174.3776748738637,181.90114839782632,-8871.340522233248,364.49180603027344,292.05482482910156,259.3674128025094,270.55774358659556,-1758.0779492075321,361.14463806152344,292.9955291748047,262.4362217969609,273.7589554430336,1833.7233316896318,2331.3307975116286,2497.918675774155,2770.1391578665084,3249.8674717605822,3939.495422449803,3134.111091039384,3526.9550999782286,3676.256566873849,4195.395497744429,3095.9362034908736,3421.3334979955466,3519.582020528103,3884.405701924044,3006.476743318409,3382.3856871616176,3437.3902302765364,3679.1906777108957,2862.0181419965465,3258.5402152057927,3343.076964108465,3539.4767379066807
482,19.28,414.35131072998047,251.31903648376465,62.469951264824566,65.16519894904854,-2512.08373808075,411.51248931884766,280.7930088043213,155.55290092613697,162.2641851116837,-1221.7926537182286,403.1281280517578,307.6249694824219,202.88730695882214,211.64082017865897,-1868.4805515305775,388.77254486083984,325.2985954284668,224.4983583731424,234.18427405366262,-3367.3927199141153,373.75499725341797,335.7594108581543,236.36388065101227,246.56173080233052,-3151.8521353208607,415.380859375,319.8324680328369,75.96575814284898,79.24327844772108,-4485.545755548702,383.0582809448242,341.6371250152588,54.54162979753436,56.894812382589144,-4728.636447625138,361.37096405029297,352.86048889160156,47.759654671537994,49.820230933349194,-4993.159426873886,343.8669967651367,359.7721481323242,55.63873763254921,58.0392546126499,-4448.3385777232725,412.5592041015625,305.4224109649658,19.785962876239232,20.639622428433462,-5627.994112488063,383.8426208496094,335.60022354125977,3.0253724055483504,3.1559012086748663,-6242.9372771291,361.9944763183594,349.511775970459,23.497117472404618,24.51089369875326,-6284.963678384173,344.5552062988281,357.03309059143066,39.27284169104147,40.967256901515256,-4767.624379358004,404.52281951904297,287.4729251861572,51.400109571707894,53.61775219007202,-4193.723198162623,381.1138916015625,314.10255432128906,44.53858255267573,46.46018660475558,-4493.206288734437,367.8490447998047,321.1160087585449,57.22896005741936,59.69808671659379,-4507.992284458696,358.6088180541992,323.9191246032715,66.61996236675077,69.49426106006796,-2984.563280927204,391.11358642578125,268.2847309112549,69.69727256697465,72.70434090430247,-2350.311636840131,371.62952423095703,286.2103843688965,52.11217851263342,54.360543136140485,-3188.515131542146,364.1309356689453,290.9542179107666,28.956465236323638,30.20578341716651,-6008.799004235726,360.10841369628906,292.75434494018555,26.598058788826627,27.74562421674788,-6150.3332806571425,2333.9374054695904,2504.409243178622,2778.604790673655,3259.234842722729,3949.3578916818965,3137.280822177293,3529.230892473532,3678.2493761111823,4197.717067928936,3096.761788388011,3421.459734043894,3520.562456276053,3886.044392200104,3008.6214534060114,3384.244094625808,3439.7781537452,3681.9704481532985,2864.926315632719,3260.714636931238,3344.2851954451517,3540.586562875351
483,19.32,419.5320129394531,244.23720359802246,219.3627594944251,228.82710127093682,4091.547558047207,417.5823974609375,273.2035446166992,242.9554376688842,253.4376786101446,2279.337337461522,411.0312271118164,299.8534297943115,277.1008434182551,289.05627785350015,1935.3864418710295,397.04627990722656,318.4629535675049,268.30566904784956,279.88163827023266,1142.434105414251,382.35252380371094,329.8239040374756,261.1844463225606,272.45317248375073,647.2860420355055,423.64891052246094,311.63174629211426,291.1319576731823,303.69276040849786,5611.23704901942,391.37168884277344,337.05925941467285,237.2625185510668,247.49914017042747,4765.1081946959575,370.10047912597656,349.431095123291,234.4743790304102,244.59070718972822,4869.261906409476,352.8921890258789,357.853946685791,230.66966658628246,240.62184154559714,4564.564673323681,419.0738296508789,297.9964828491211,246.96249010413922,257.6176141448421,5924.449792910216,390.72193145751953,329.87025260925293,223.82677638319507,233.48371685617113,5758.195391187407,368.6063003540039,345.07933616638184,199.00178971414775,207.5876634346143,4576.919243396526,350.67100524902344,353.41504096984863,177.6465589721624,185.3110675396548,3608.5952659534883,409.29065704345703,280.5325698852539,210.50654140962527,219.5887842601614,4149.275801752234,387.1878433227539,306.5510559082031,242.27827207856913,252.73129690948878,5156.777757618331,374.30206298828125,316.2310981750488,202.3360372461513,211.06576609628118,3784.191984492185,365.3942108154297,322.1728992462158,175.16217114752374,182.71949153261008,2830.630761813553,395.5472183227539,261.75270080566406,197.36468322973556,205.87992447216104,3329.389589196464,377.8376007080078,275.98443031311035,299.07184535655483,311.9752122120326,6440.366726897302,371.1071014404297,282.5398063659668,273.2549296404486,285.04443325625994,6370.966245977335,366.7442321777344,287.0987606048584,217.97322239883187,227.37761300580988,4990.79971972655,2343.090489520428,2514.546750323028,2790.1670417877945,3270.4301082535385,3960.2560185812467,3149.4285325936326,3539.1308580803493,3688.0330043987715,4207.341941590759,3107.0664929538048,3430.7990827181407,3528.865962813438,3893.4568349016904,3017.405004776418,3394.353346502188,3448.2207843890515,3689.2792278146026,2873.161512611605,3273.1936454197194,3355.6869727754024,3549.681667395583
484,19.36,423.0584716796875,237.53581523895264,189.31540677143127,197.4833643471551,-783.5934230945434,422.5251007080078,268.2422161102295,175.08050994062086,182.63430707693976,-1770.0842883301207,414.99542236328125,296.4485836029053,130.6422155614095,136.27873554941286,-3819.4385576021823,399.3101119995117,315.0176811218262,103.06198974104478,107.50856899326004,-4309.326731924315,383.51497650146484,325.4403018951416,113.37786384693452,118.26951845508816,-3854.591350716564,428.3063507080078,306.1445617675781,179.9321800850527,187.69530110360043,-2899.936482622436,397.09556579589844,330.65237045288086,214.78331165276728,224.05007449828338,-586.2266418036022,377.5455093383789,343.63203048706055,235.9258696057441,246.104821899268,37.85286773849421,361.03599548339844,352.8350257873535,239.15365171045045,249.4718657140725,221.25060421188394,421.6273880004883,289.62873458862305,218.71767074805572,228.1541803602298,-736.5858446153077,393.70494842529297,321.65353775024414,218.53602864327667,227.96470136023385,-137.97538739843205,372.43160247802734,338.33873748779297,193.7598495655321,202.11956131915957,-136.70255288636852,354.35962677001953,349.10101890563965,141.89942542087132,148.02163441919447,-932.2358280115083,410.41866302490234,270.7895851135254,245.20163865213837,255.7807912745485,904.800175359678,388.2826232910156,298.0129623413086,215.19988518809802,224.48462097634385,-706.1668983286232,376.0418701171875,307.67226219177246,218.34691753380008,227.7674311075283,417.54162528117786,367.5048065185547,314.0602111816406,209.56848799251543,218.61025880411196,897.2691817875472,395.31166076660156,252.4178409576416,233.44578565547397,243.5177354559863,940.9452745956315,377.40482330322266,268.92382621765137,176.84637838196028,184.47636339310216,-3187.471220473261,371.38450622558594,274.9068546295166,190.9497735430145,199.1882453926747,-2146.404696589631,367.8483200073242,278.89657974243164,206.90393428383643,215.8307437089199,-288.67173242224953,2350.9898240943144,2521.8521226061052,2795.618191209771,3274.730451013269,3964.98679931945,3156.9363446377765,3548.0928610602805,3697.8771972747422,4217.320816219322,3116.192660168214,3439.91767077255,3536.9507452662046,3899.3777002784586,3027.6362364274,3403.332731341242,3457.3314816333523,3698.0236381667673,2882.9022220298443,3280.5726999554436,3363.6545025911096,3558.3148971439405
485,19.4,427.63545989990234,230.47536849975586,210.35495199338047,219.43065456311254,548.6822553989363,429.35779571533203,260.94517707824707,249.9156103785189,260.6981459253876,1951.5959712111965,420.15750885009766,287.04986572265625,268.07535634813263,279.6413887967871,3584.0663311843564,401.0300827026367,303.4833240509033,291.5472648850829,304.125985927976,4915.435423367899,384.2002487182617,312.8271961212158,315.7926884003111,329.4174711138053,5278.698816467928,434.37610626220703,293.79661560058594,343.9782942195166,358.8191366108969,4278.0958876824125,405.86700439453125,323.20695877075195,287.63289342272634,300.04273005950904,1899.8163890306414,385.7935333251953,338.32557678222656,245.1891496995803,255.76776348980346,241.5735397633867,369.4984436035156,349.9859046936035,223.22986918270774,232.86105626998017,-415.2702361023081,426.4255142211914,276.381139755249,352.2435096093299,367.44095228913636,3482.1692982226646,400.79662322998047,311.44360542297363,310.77983531642104,324.18833995714334,2405.5909649227374,379.0422058105469,331.3022232055664,241.36669413971651,251.7803892084235,1241.5206972315978,362.2320556640625,344.1470718383789,232.5359222746347,242.56861628703584,2363.674546696034,413.30631256103516,258.00415992736816,327.68660431343505,341.8245465327739,2151.0938814556353,394.8461151123047,287.0241165161133,319.9942943417516,333.8003541085235,2732.893328304491,381.27742767333984,297.5764274597168,284.3160014191575,296.5827317254495,1720.3825154480298,373.95008087158203,302.4090385437012,332.87702808700715,347.2389096143272,3215.716270255381,397.2230529785156,241.83631896972656,268.8192094239351,280.4173351948888,922.489993472562,379.8100280761719,260.01148223876953,230.77977218244374,240.73669761533915,1406.5083555559247,372.60948181152344,267.2373390197754,194.1681534041548,202.54548130687834,83.93089785509105,370.30364990234375,271.2558174133301,200.63943696216938,209.295966491764,-163.3694304288973,2359.7670502768387,2532.280048443121,2806.8038467616425,3286.895490450388,3978.1634981640022,3171.2891101022124,3560.094570262661,3708.107907814334,4226.635258470121,3130.8902982597792,3452.8852043708357,3547.0219608345415,3909.0804449299403,3041.3092182887112,3416.6847455055827,3469.19479090237,3711.9131945513404,2894.1189154376398,3290.202167860057,3371.7563218433847,3566.6867358036106
486,19.44,430.78861236572266,225.52308082580566,146.77262108076337,153.10508267335243,-1658.1392972440028,433.0823516845703,256.6244602203369,142.61160395944628,148.76453969147073,-2798.3401558479222,424.3741989135742,282.61465072631836,152.99429555371194,159.5951894625697,-3001.1549833554354,404.3205261230469,298.56322288513184,147.9746882585549,154.35901268618107,-3744.174331044873,386.15699768066406,306.62055015563965,162.6947307149682,169.71414704740695,-3992.583101659958,440.2362060546875,287.6403522491455,212.4858054525616,221.65344306842383,-3429.1423385618273,412.3911666870117,318.7436771392822,197.61954695265956,206.1457842154932,-2347.423646100396,392.03224182128906,335.26147842407227,173.76381680257148,181.26080560049232,-1862.6739472327786,375.14781951904297,348.1614303588867,148.41696928118745,154.8203757935262,-1951.0170119113488,431.44519805908203,270.47515869140625,193.7747373866911,202.13509147098617,-4132.646520453754,406.8488311767578,305.868501663208,205.71673935776903,214.5923276067443,-2739.900308759976,385.7931900024414,326.4718723297119,207.52722282732893,216.48092385340516,-882.4866338754582,369.46773529052734,339.67357635498047,212.67231468979548,221.84799919187358,-518.0154273790563,417.71331787109375,252.17742919921875,182.64118987314518,190.52119032268433,-3782.5839052522397,400.62713623046875,280.64083099365234,215.2999930764024,224.58904799006228,-2730.2826529615304,387.7583694458008,291.7730712890625,217.48785756551507,226.87130724943304,-1742.7856119004111,380.3422546386719,297.4294853210449,202.57072185711124,211.31057610579523,-3398.2083377132994,401.1598205566406,236.0883378982544,174.17201512114846,181.68661551553407,-2468.2679919838674,385.49915313720703,254.35269355773926,200.60538579611747,209.26044619816216,-786.9062854294249,378.0058288574219,261.6156005859375,194.81482306646177,203.22005134167645,16.864250869952713,374.34478759765625,265.13769149780273,183.3068782648426,191.21559964436184,-452.009171185054,2365.891253583773,2538.23063003078,2813.1876543401454,3293.0698509578356,3984.952064045898,3180.155247824949,3568.3404016312807,3715.358340038354,4232.8280735018625,3138.975701918619,3461.4688974751057,3555.6811977886773,3917.954364897615,3048.930065901619,3425.6683074251846,3478.2696431923473,3720.365617595572,2901.386380058261,3298.5725857079838,3379.8851238970515,3574.335359789385
487,19.48,432.9347229003906,222.10192680358887,100.96436645774773,105.32044437000333,-1194.6159575837275,434.25987243652344,254.83137130737305,53.62906727625768,55.942877619580536,-2320.5415517972547,428.59439849853516,282.2977924346924,105.80194856982963,110.36674254029951,-1230.7111730567544,413.83663177490234,301.80192947387695,251.3034609108784,262.1458748610059,2694.6715543706205,398.6222839355469,314.10887718200684,363.5402342502749,379.22507079403283,5237.773093665647,447.1961975097656,282.8342628479004,211.45326964178332,220.5763588036043,-26.92710662048796,422.75733947753906,316.15779876708984,267.0958457169937,278.6196174673957,1811.8458312975627,401.9329071044922,332.52230644226074,256.81490926828616,267.89511303769893,2165.857685930165,384.39300537109375,344.4159507751465,249.37682173667278,260.1361114059664,2632.8933903110046,439.24171447753906,265.10144233703613,236.72570588195384,246.9391668765022,1120.101885137901,417.81402587890625,300.8214282989502,301.7743821966015,314.79434920962996,2505.0505400721413,395.99437713623047,321.9711685180664,278.74781808422273,290.7743107573013,1857.3346725974034,379.0738296508789,335.8182907104492,258.77146802355696,269.9360869453337,1202.2021938365035,425.555419921875,246.63368225097656,240.09333445689936,250.4520907963964,1498.2725118428014,411.1742401123047,274.7944450378418,301.47722658450664,314.48437290600043,2247.3831228984536,396.7879104614258,288.319730758667,241.68441686904237,252.11181999151123,631.0128185519545,387.8703308105469,296.55781745910645,189.45932233445347,197.63348910483975,-341.927175023887,408.6167526245117,230.5083703994751,232.83829307090676,242.8840327824309,1529.9354316724205,393.7992858886719,246.9184398651123,278.5681376008804,290.5868780123224,2033.1607953540065,385.23494720458984,256.2923240661621,224.4401715704997,234.12357679852394,772.5881364211873,380.1678466796875,262.82429695129395,156.64412572899764,163.40249048789732,-695.327728911613,2370.104071358573,2540.468345135563,2817.6023240417576,3303.5556859522753,4000.1210668776594,3188.9783021770936,3579.4851863299764,3726.074144559862,4243.233517958101,3148.853268593679,3474.0606714434903,3567.3121702189696,3928.7518083754285,3058.948149533475,3438.2476823414245,3488.3541159920073,3728.270957159766,2911.101741369558,3310.196060828477,3389.2500669689925,3580.8714594089015
488,19.52,440.7761764526367,214.879732131958,266.51511411991964,278.01383037627244,4317.3346501567285,446.9164276123047,247.22064971923828,369.2149374091734,385.14460735263805,8230.043243326438,446.18473052978516,275.8370018005371,468.48265482033077,488.69520125166736,9458.211467784196,435.2976989746094,296.76904678344727,551.0826353222626,574.8589336320185,7817.826469275316,422.5105285644531,310.506649017334,603.9579244455024,630.0155115617429,6269.761019192751,458.2305145263672,272.6448154449463,375.4838465237477,391.6839867082093,4277.690697615125,440.3977966308594,308.6488723754883,479.30268628799445,499.98205979644564,5534.061058226249,423.0805206298828,326.5507221221924,549.3640511485592,573.06620164932,7629.277215290525,407.96714782714844,340.19182205200195,598.740060464501,624.5725243730768,9110.910324177761,448.52733612060547,257.02388763427734,307.6825263910878,320.9573985486832,1850.455791804525,432.3902893066406,294.3775749206543,398.42714349338866,415.6171654814032,2520.5704067943316,414.39598083496094,316.32946014404297,481.1755735063457,501.9357521832958,5279.036035649862,399.5005416870117,330.4386234283447,528.0810689854108,550.8649714768936,7023.222113288997,433.28819274902344,239.923095703125,255.9635562591035,267.00702865319107,413.87344641986704,421.8721389770508,269.5051860809326,298.3509892240804,311.22325495361883,-81.52794880953991,408.84239196777344,284.888391494751,313.3335019701147,326.85218380795806,1868.5090954111708,400.29041290283203,294.7456455230713,313.78974479822455,327.3281110987737,3242.365549848349,414.6817398071289,224.43570613861084,214.5654340033723,223.8227965817506,-476.53090501700746,403.2284927368164,239.3067741394043,302.95151933210957,316.02227358082905,635.8848892126659,396.87217712402344,248.6147117614746,348.5423673124701,363.58012529583254,3236.413712432715,393.70227813720703,255.9525489807129,379.4747645179116,395.8470916860976,5811.115029955007,2381.2246245736237,2555.8741294296688,2837.150132091824,3326.550043297556,4025.321687340129,3204.645661645422,3599.484468721834,3748.996792625834,4268.216418933024,3161.691564535626,3490.6853580627467,3587.389600306302,3950.7864072345046,3069.6284306796024,3450.696612539569,3501.428203344326,3741.364081603717,2920.054653232828,3322.83695177171,3403.793271980826,3596.7053430763453
489,19.56,445.44857025146484,209.85294342041016,171.5733599693445,178.97584215108245,-2475.9497056297496,455.58616638183594,241.5216064453125,259.3784211461026,270.5692268819372,-2864.3845117675214,455.6705856323242,276.6841220855713,238.09013498526502,248.36246387240064,-6008.318434481668,447.9005813598633,307.06947326660156,406.91785884208986,424.4742102479709,-3759.6180846011903,444.39598083496094,330.39133071899414,739.2452178831687,771.1397355069589,3528.105598630401,475.18959045410156,262.49648094177246,494.08940835071024,515.4067506359875,3093.0690981944535,462.6334762573242,299.4773483276367,601.3226576738477,627.2665469798642,3182.1121795854638,447.85308837890625,316.86272621154785,664.9893691089267,693.6801399649239,3015.348457890099,435.3902816772461,329.8040771484375,733.1155751064686,764.7456310944718,3504.3276680348754,461.66683197021484,247.04137802124023,412.53549040982546,430.33421287838877,2734.420358242639,450.10379791259766,284.1197204589844,511.73233072214816,533.8108717069886,2954.8426556396334,433.87420654296875,304.8637390136719,565.0575400852634,589.4367815530834,2187.5257342446903,420.4119873046875,316.74922943115234,624.8440134502463,651.8027247371123,2523.443831505466,442.11429595947266,232.89905548095703,281.9987133438461,294.1654649372976,678.9609071026632,434.742431640625,263.98627281188965,350.09180663548,365.1964147229747,1349.328994233896,423.61026763916016,277.36616134643555,414.3323682819155,432.20861651807627,2633.910817752955,416.25205993652344,284.2416572570801,477.6949507270767,498.30495895734737,4274.421196464341,420.3435516357422,221.4682388305664,159.8084310333347,166.70331881443968,-1427.9869441827727,413.2643508911133,237.66634941101074,254.22608317043824,265.19459279884705,-1270.69201954955,409.8920440673828,245.30173301696777,335.8689880224285,350.359956781673,-330.5042128539881,407.6609420776367,249.86414909362793,380.7171786468502,397.14310940742047,32.400443033071724,2388.3836582596673,2566.696898504946,2847.08463064672,3343.5290117074746,4056.1672767604073,3225.2619316708615,3624.575130601029,3776.7439982244314,4298.8062441768025,3178.9049330507614,3512.037792931026,3610.967071568425,3976.8585162239888,3081.395049277094,3465.304469128488,3518.716548005049,3761.296279962011,2926.7227859854056,3333.444735483664,3417.8076702520925,3612.591067452642
490,19.6,445.8903121948242,204.2237663269043,141.16207594148204,147.25247221326146,-793.0842484455247,458.87123107910156,236.57123565673828,148.52992335214356,154.93820323467077,-2890.7755911816607,465.3189468383789,270.96879959106445,280.3522172851466,292.4479312901345,1102.1366854433459,465.8657455444336,300.0585079193115,482.11821636365136,502.9190650895892,1961.121371040457,472.34291076660156,323.83681297302246,717.6317803573991,748.5937925724288,-563.6485733632526,490.8174133300781,250.66411972045898,490.04694922689504,511.18988080155964,-105.42174586069564,479.02111053466797,288.71681213378906,490.11713930643486,511.2630992114487,-2900.0861942103866,460.04295349121094,303.6181354522705,450.00833036519845,469.42380749846217,-5606.408311661544,446.717529296875,309.5580768585205,579.9822553189169,605.0054192383599,-3993.505296402799,474.6345901489258,236.13707542419434,423.5759726051708,441.8510334326929,287.9205138576026,463.7486267089844,276.52024269104004,390.4591969945327,407.305444273039,-3162.6356858487397,445.60577392578125,294.6394157409668,389.0424620480462,405.8275847137368,-4590.229920983664,433.22479248046875,299.56809997558594,535.8166581498857,558.9343103619867,-2321.710359378139,452.4532699584961,223.64736557006836,346.8502464678758,361.8149983947987,1691.2383364375273,445.55301666259766,260.16597747802734,286.643730259391,299.01088974225695,-1654.6381245179432,432.64583587646484,270.56264877319336,282.76456273865665,294.96435667912516,-3431.106495973778,426.44447326660156,269.50841903686523,447.87944663209436,467.20307370248054,-777.5471313716707,428.58097076416016,215.41254043579102,255.5955752572209,266.62317121915055,2497.996310117772,421.34178161621094,238.56402397155762,203.17896473214918,211.94506144088317,-1331.2382839490972,419.6233367919922,246.01770401000977,243.93989084776715,254.46460573204956,-2397.3837762405865,420.5323028564453,245.8418083190918,337.13049551022164,351.6758916392058,-1136.6804442053663,2394.2737571481975,2572.894426634333,2858.782547898326,3363.645774311058,4086.1110284633046,3245.7095269029237,3645.0256545694865,3795.5209505243697,4323.006460946337,3196.5789743880687,3528.3300107019477,3627.200174956975,3999.2158886384686,3095.8676492128857,3477.2649047181785,3530.515122272214,3779.98440291011,2937.387712834172,3341.922537941299,3427.9862544813745,3626.65810311821
491,19.64,442.61138916015625,202.63285160064697,91.11238230030338,95.04339925208541,-1305.226824029401,460.0013732910156,232.5322437286377,104.85310323975783,109.37695955737567,-1139.0310919323774,474.0895080566406,264.53590393066406,271.92012919798094,283.65204324106776,-219.89720122666796,483.08155059814453,290.8692169189453,487.86973974668075,508.91873625831414,149.9917792181236,498.316650390625,313.2675361633301,701.0459874075962,731.2924104612151,-432.5345527803421,498.07178497314453,241.86644554138184,285.071239886768,297.37055473474203,-5345.48315167044,482.36080169677734,279.8562240600586,236.72710827898186,246.94062977953777,-6608.061735797773,461.99241638183594,287.7066993713379,400.7603739452108,418.0510624752141,-1284.3186255812016,452.1254348754883,283.74189376831055,659.4129738328058,687.8631527538013,2071.443337886035,478.97289276123047,229.44584369659424,199.36375609105187,207.96524674444964,-5847.144667206081,465.6641387939453,275.60245513916016,53.10085061711033,55.39187120794402,-8797.839326627374,447.05142974853516,282.35143661499023,309.3181531189792,322.66359391095557,-2079.0997700695316,437.6525115966797,276.40600204467773,589.5376775136184,614.973107314827,1400.969923821006,456.28292083740234,220.10467529296875,130.42449984033752,136.05162654755296,-5644.084296181143,445.61805725097656,262.6472568511963,62.053291642397724,64.73056266968956,-5857.0081768141845,433.1309509277344,266.43917083740234,103.79790129117367,108.2762312308974,-4667.203136205694,427.6785659790039,258.2090377807617,284.16434680654874,296.42453401915867,-4269.463492083047,433.4489059448242,214.09890174865723,126.05167472975478,131.4901371829699,-3378.3258509045163,428.59142303466797,248.80199432373047,313.6213258335779,327.15242574740427,2880.1841076630276,425.3498077392578,252.4507999420166,215.31545575660633,224.60517780305835,-746.4856982247802,424.16675567626953,245.1716423034668,92.3930793810706,96.37935163194031,-6382.413500181638,2398.075493118281,2577.269505016628,2870.128629627968,3384.002523761391,4115.362724881753,3257.604349092314,3654.903279760668,3812.242993023379,4350.520987056489,3204.897584257847,3530.5456855502653,3640.106718713413,4023.8148129310616,3101.3097142747883,3479.854127224966,3534.8461715214494,3791.8413842708765,2942.6473183214907,3355.0086349711955,3436.9704615934966,3630.513277183488
492,19.68,439.9776077270508,199.32127475738525,105.78086377683805,110.34474805011219,382.5337199506695,457.6782989501953,225.54755687713623,184.02194978880098,191.96152271902554,2064.614079041247,475.5221176147461,254.79372024536133,246.1738627273338,256.79496167168213,-671.4270392346407,487.7445983886719,278.6326217651367,327.37428470230554,341.4987519838289,-4185.49960686213,502.9384994506836,297.79306411743164,403.7486639554185,421.16828137950176,-7753.103227042834,496.97532653808594,238.87052536010742,79.7564998619958,83.19757060404865,-5354.324603267334,478.0415725708008,275.2867126464844,157.1944949765046,163.97660525480643,-2074.1006131182835,462.8057861328125,272.6715087890625,376.42938099093226,392.6703159820399,-634.5186623293557,460.6916809082031,263.85655403137207,541.298962881458,564.6531475196743,-3080.2501308531732,480.6971740722656,228.8210391998291,45.84980029102535,47.8279764469927,-4003.4317574364236,458.5604476928711,270.0926685333252,224.75010525764972,234.4468824835008,4476.375281888919,448.57322692871094,264.8814296722412,438.4040724871364,457.31888732533287,3366.3823353594325,448.9670944213867,255.34832954406738,597.6230812770478,623.407353446918,210.85615330227654,460.59322357177734,220.81738471984863,109.22071801266706,113.93301378579788,-552.9653190438769,440.0215530395508,259.4838523864746,160.71711793537963,167.65121074576405,2573.016201901862,433.7789535522461,252.2585964202881,354.8843105512427,370.19568981142226,6547.986464513122,435.4627227783203,242.3316764831543,442.0716138613077,461.14466369401583,4118.003241871429,440.2467727661133,215.45335292816162,173.28720978054668,180.7636355086013,1231.8374581407852,426.05255126953125,249.6372127532959,66.81812845746926,69.7009769685194,-6436.286219472122,424.1886901855469,244.84548568725586,192.33596726691977,200.63424603732503,-599.2732941433331,427.44110107421875,233.45794200897217,304.0683644083132,317.1873046095479,5520.198824440189,2402.4892830402855,2584.947965925389,2880.400428094835,3397.6624738407445,4132.209456136933,3260.932251916476,3661.4623439708603,3827.9498056626603,4373.107112957276,3206.8107033157266,3539.9235608496056,3658.3994742064265,4048.7511070689384,3105.8670348262203,3486.5601756547967,3549.6539991139066,3810.2871708186367,2949.877863741835,3357.796674049937,3444.9958314349897,3643.2007693678693
493,19.72,442.8179931640625,197.5266981124878,83.99514407541545,87.6190898761031,-568.1414543502271,460.6441116333008,224.83019828796387,76.28338702139142,79.57461133086095,-2809.6727847041147,477.2976303100586,254.69358444213867,44.45835488341101,46.37649753628343,-5260.461603384967,488.1332015991211,278.58716011047363,9.781334814844595,10.203347630199131,-8282.385108840745,502.84523010253906,297.9240131378174,4.019236342522925,4.192645113063034,-10424.390906660969,497.07374572753906,239.270281791687,10.292337606256456,10.73639748683674,-1811.5293279302978,478.26725006103516,275.74536323547363,12.779150313564463,13.330502997400778,-3766.1525564351414,462.83836364746094,273.9690399169922,32.448500758963775,33.84848178594406,-8970.545854902395,459.8572540283203,264.7086524963379,29.81547429469378,31.101854168853567,-13338.78233377052,480.1930236816406,228.9984655380249,13.361505385175326,13.937983607392507,-847.2498209900049,458.1271743774414,270.26209831237793,11.630568985793749,12.132366465869882,-5557.862900440772,447.9917907714844,265.5455017089844,22.06608929605853,23.018124232390704,-10857.519077323554,448.17440032958984,255.70226669311523,21.703044553786018,22.639416031430166,-15019.198435387196,459.74491119384766,221.03291988372803,21.881631814966955,22.82570838749887,-2277.6826349574753,439.3029022216797,259.5505714416504,18.04353122226808,18.822014072941034,-3720.729916820575,433.5166931152344,252.9701328277588,18.958253413386544,19.776201684111918,-8760.487203182758,435.7688522338867,243.03711891174316,19.225053049646302,20.054512312252115,-11027.253784544093,439.54944610595703,215.75546264648438,18.99892682610198,19.818629939262973,-4023.625139233459,425.8064270019531,249.60262298583984,6.213574208111444,6.4816570408348335,-1580.482998192114,424.3852996826172,245.0064754486084,6.352804380674565,6.626894258266359,-4850.183794476467,428.12305450439453,233.62305164337158,17.541409441305277,18.298228395337727,-7472.226905355254,2405.9940466353296,2588.1309503786233,2882.255487996287,3398.0706077459527,4132.377161941456,3261.3617078159496,3661.995564090756,3829.303744934098,4374.35118712403,3207.3682226600226,3540.4088555082403,3659.320199175722,4049.6566837101955,3106.78006316172,3487.3130562177143,3550.4450471812715,3811.089351311127,2950.6706089394056,3358.0559403315697,3445.2609072053206,3643.932698503683
494,19.76,436.6556930541992,194.84076976776123,168.05533634235366,175.30603442883125,2192.1736138182036,454.8390197753906,220.0329351425171,188.269795050608,196.39264001599537,2920.4507171283603,471.98253631591797,250.41881561279297,170.5210263994139,177.8781059586116,3287.540210558204,481.5818405151367,274.82654571533203,188.8493987971817,196.99725059583997,4669.847574141021,491.8008041381836,294.8207759857178,286.8028784116154,299.1769042947273,7374.606479541608,489.89036560058594,240.23992538452148,181.21320099786817,189.03159128714208,4457.379845007633,467.69474029541016,276.884765625,265.8432345263539,277.31296273514187,6599.561493443527,457.6464080810547,267.566499710083,206.0778428540801,214.96901080725704,4528.013225532824,460.84861755371094,255.43521881103516,233.15683288719845,243.21631590546144,5302.861543415197,473.8402557373047,230.3034210205078,162.13530107182947,169.13058097675986,3879.8149342341835,451.19007110595703,270.0472640991211,173.51072650275995,180.99679579409155,4221.610733205542,444.9038314819336,259.7574520111084,164.00650116497889,171.0825134478873,3701.609730387415,448.0635452270508,249.23226356506348,161.77381843711314,168.7535022800268,3652.852156214916,454.77062225341797,222.61271953582764,130.4782486749591,136.10769435984477,2832.0496493086475,434.38228607177734,259.8504638671875,123.24365795441132,128.56096934927322,2743.473881908305,430.6815719604492,248.93088340759277,123.37303149549595,128.6959246737585,2722.9930747411645,434.4720458984375,238.67578983306885,113.75109341274316,118.65885090080245,2465.108464713758,435.57003021240234,217.4775266647339,108.40103590610109,113.0779667356904,2331.4834199106854,420.85426330566406,251.11398696899414,129.44145965556052,135.0261733829693,3213.612908553361,420.3660202026367,243.18477630615234,110.3211088816902,115.08088069540416,2711.349660928445,424.9952697753906,231.3243055343628,97.04145694197238,101.22828207631254,2073.2513420243704,2413.006288012483,2595.986655979263,2889.3706122346316,3405.950497769786,4144.3442381132445,3268.922971467435,3673.088082600162,3837.902505366388,4384.0798397602475,3214.133445899093,3547.6487273400044,3666.163499713637,4056.4068238013965,3112.224370936114,3492.455494991685,3555.5928841682216,3815.835705347159,2955.193727608833,3363.4569872668885,3449.8641424331367,3647.981829786735
495,19.8,433.91551971435547,192.5738525390625,88.90818175989762,92.74409912729053,-2064.048382538518,452.38746643066406,217.40179538726807,89.90623662214668,93.78521477319222,-2565.1856310700787,466.0723114013672,249.18877601623535,150.92166003774196,157.43313069651623,-511.1243815523842,470.2583694458008,275.7462501525879,284.018984081606,296.2728996621778,2481.8912266584457,473.9035415649414,296.4239501953125,449.2230620484419,468.60465901100946,4235.693867907054,483.68762969970703,241.94292068481445,160.80680498829955,167.7447673202186,-532.1705991730867,462.24437713623047,278.6124801635742,142.94110695874,149.10825900081127,-3205.117593358265,451.3100814819336,269.6311569213867,166.60552994070662,173.793676556157,-1029.3833562775008,453.28548431396484,257.8492069244385,198.4759478718466,207.03913430059876,-904.429540121567,467.88822174072266,232.14417457580566,155.75437864593476,162.47435552847764,-166.40563620705535,445.2916717529297,271.19808197021484,150.24042544414883,156.72250443663202,-606.8572839364883,439.1078186035156,261.68469429016113,152.70074510491781,159.28897386595176,-294.83848954838834,442.49217987060547,251.23271942138672,147.99057311214318,154.37558288710804,-359.4479848229689,449.01885986328125,224.57749843597412,151.9521444383315,158.50807504365739,560.0095170953153,428.50330352783203,260.98119735717773,149.6683708599599,156.12576872556423,689.1199844072752,425.36014556884766,251.1265754699707,143.91543192536517,150.12462093171783,535.7174064489833,430.0665283203125,241.34459495544434,128.77088644270978,134.32666848596568,391.69543962908085,429.4486618041992,219.31921005249023,159.8103346346947,166.7053045461208,1340.6834452607602,415.73535919189453,251.99440956115723,129.8516539814708,135.45406542249398,10.69730098811732,415.88279724121094,244.95469093322754,120.49866676905101,125.69754632611311,265.4166407677238,421.05865478515625,234.17005062103271,121.43723347794733,126.67660721977225,636.2081285864928,2416.7160519775744,2599.738064570191,2895.6679374624923,3417.801413756273,4163.088424473684,3275.6327621602436,3679.0524129601945,3844.854252428635,4392.361405132272,3220.6324201202324,3553.91762751747,3672.5350586682757,4062.581847116881,3118.5646939378603,3498.700525740708,3561.5978690054903,3821.208772086598,2961.8619397906778,3368.8751498837887,3454.8920442861813,3653.048894075526
496,19.84,434.07215118408203,193.41221809387207,21.32179373317155,22.2417162562293,-1762.5595717765307,449.0867614746094,220.10507583618164,106.66061360807686,111.26245442921658,436.93099140060883,458.4486770629883,253.93017768859863,224.44471805992575,234.12831944489983,1917.37971870959,457.7823257446289,281.81407928466797,346.834089307905,361.79814413891035,1638.1311119183138,456.28326416015625,303.2603073120117,472.4999698734292,492.8858421818384,607.0295792707242,477.5662612915039,246.3255786895752,188.21338019592395,196.33379115898916,714.7255959692636,453.14769744873047,281.85845375061035,241.4615987386909,251.87938843842335,2569.278235940302,445.08460998535156,270.7126235961914,157.9676895829263,164.783159115241,-225.2629360229001,449.22969818115234,258.6431407928467,103.31908143743279,107.77675283531637,-2481.55953663206,462.69886016845703,235.01169204711914,148.22307929265602,154.61812047843372,-196.40587625109802,436.9911193847656,273.068904876709,212.71922216283312,221.89693047404694,1629.3606509353729,433.04161071777344,260.9981346130371,152.6233974184769,159.2082890363158,-2.0171207408992586,437.8798294067383,249.84169006347656,120.43862408947088,125.63491312277209,-718.5167441083987,444.7222900390625,225.83879470825195,111.94691973444684,116.77683667949448,-1043.2809591040727,421.55128479003906,262.2091770172119,176.49096750273478,184.10561841596584,699.4962422600402,420.0019073486328,250.3769588470459,135.26049383027626,141.09626807664296,-225.70882137687178,425.44578552246094,240.01087188720703,120.23435767971394,125.42183369881047,-222.62086967888024,426.03321075439453,218.9824676513672,85.80028160766015,89.50210953655476,-1930.079875239151,409.82078552246094,251.10952377319336,149.51004261607645,155.96060945613914,512.6636008411289,410.6952667236328,242.5173568725586,143.28963281170533,149.4718218992533,594.3568893285051,416.3032913208008,231.5929412841797,135.21966899323,141.05368186400278,359.42686610576334,2417.6057206278238,2604.18856274736,2905.0330702402885,3432.2733395218297,4182.803858160959,3283.486113806603,3689.1275884977313,3851.4455787932443,4396.672475245685,3226.81714493937,3562.7935047364317,3678.903390229728,4067.6072436417917,3123.23576740504,3506.064750477347,3567.241719728556,3826.22564543455,2965.44202417214,3375.1135742620345,3460.8709171621513,3658.691041350086
497,19.88,435.35831451416016,196.7965793609619,90.5128350629609,94.41798472542523,1804.4067117298982,446.1077117919922,227.53621101379395,200.15073544620162,208.78618009254404,2438.0931415831865,448.1695556640625,262.3459053039551,332.11896214847377,346.44813714370997,2807.9954424702537,442.3964309692383,288.85233879089355,422.9826052247653,441.2320653910806,1985.8480313042562,438.6686325073242,309.48280334472656,467.03499945273376,487.185087218775,-142.51887407658614,469.80323791503906,250.6010913848877,221.56339492247753,231.1226824676539,869.7222827166186,445.1350784301758,284.1625499725342,208.43302721795905,217.42580890820705,-861.3394882554076,435.9750747680664,278.897180557251,306.1562147456213,319.36523463593375,3864.5518880173186,437.58033752441406,269.9193477630615,405.3242894167302,422.81188673818525,7875.878347571723,453.9987564086914,236.8082571029663,222.09155126684115,231.67362596224305,1926.3876370952332,427.6919174194336,276.9463348388672,251.87995690342908,262.7472436036936,1021.257828241167,422.9084014892578,269.0730285644531,323.9269223099258,337.9026541543851,4467.359127951733,426.14585876464844,257.4763298034668,349.9765983148592,365.0762357732263,5986.033066261355,435.5161666870117,225.83616256713867,230.15309320827834,240.08298076104623,3082.653602038794,411.91829681396484,263.5305976867676,243.07998932079875,253.5676040064689,1736.5496397625768,410.4063034057617,254.83526229858398,264.5185304171048,275.93110465649715,3370.870914496355,415.1064682006836,244.2839527130127,279.6881102499186,291.75517155208644,4158.333446331899,416.47682189941406,217.4027967453003,242.1517191234004,252.59928386426964,4077.429358192872,399.3376159667969,248.77432823181152,268.50277250581075,280.0872456989489,3103.1659060702436,401.3454055786133,242.5770664215088,233.75129499826008,243.83642590956217,2359.115100257721,407.4404525756836,232.51928329467773,222.77794457481082,232.38963350771917,2283.3987910929095,2421.3824400168405,2612.5400099510616,2918.890995726037,3449.922622137473,4202.29126164971,3292.7310211053095,3697.82462085406,3864.2201881786814,4413.5849507152125,3236.0840899778595,3573.3033944805793,3692.4194963959035,4082.210293072721,3132.8390866354816,3516.2074546376057,3578.278963914816,3837.8958522966336,2975.5459955267106,3386.317064089992,3470.624374198534,3667.9866266903946
498,19.92,433.6662292480469,200.9242343902588,111.52546959292931,116.3372031955068,547.9804617520393,442.16880798339844,231.25548362731934,135.4343752225463,141.27765153046985,-1687.7132140518547,437.10391998291016,264.116735458374,280.1608159430394,292.24827199338466,-1354.9966287581328,425.44689178466797,289.99717712402344,424.70396555887027,443.0276933108052,44.890697993115225,418.62354278564453,308.2448387145996,502.0820266498008,523.7442081021551,913.9780220845025,457.79788970947266,252.17422485351562,302.6994533020892,315.75933223603846,2115.916244209614,435.29876708984375,285.2237033843994,247.3346257444782,258.0058054679939,1014.4999139946719,417.60303497314453,293.4275150299072,585.5886280665889,610.8536772902319,7287.211066357453,406.58313751220703,296.8645763397217,1026.788607639503,1071.089100290699,16206.930338812845,442.6308059692383,236.45333290100098,284.33724296928995,296.60488973601844,1623.2815943443845,420.1763916015625,273.1615447998047,210.3683732748249,219.4446549017997,-1082.5647175473478,405.3180694580078,285.62896728515625,603.9033903972642,629.9586246580237,7301.399262590965,393.95263671875,289.8870277404785,1142.053218566438,1191.3267689739437,20656.263330017937,425.2805709838867,223.51927757263184,262.3635067463674,273.68310312295694,840.0030590477677,401.44287109375,256.10435485839844,321.017548746991,334.86775652429037,2032.5038129455365,394.84310150146484,262.831392288208,437.4295288421286,456.3022972812292,4509.279815618301,392.7640151977539,262.45442390441895,719.961470108751,751.0239961032885,11481.720613780051,407.22930908203125,215.05338191986084,238.53228729258817,248.82369271105216,-94.38977883043691,388.80775451660156,239.84360218048096,345.17735474338383,360.06993024860145,1999.567113741314,387.71484375,245.39963722229004,347.9934640990693,363.00753981464015,2979.2778476269496,389.05757904052734,246.23082160949707,573.332540050006,598.0688039588613,9141.979261278553,2426.035928144661,2618.1911160122804,2930.5809266057727,3467.6437298699057,4223.241029973796,3305.3613943947507,3708.14485307278,3888.6543352702906,4456.42851472684,3247.9482855673,3582.0811806766515,3717.6178413822245,4129.863363831679,3143.7864107604,3529.602164898577,3596.531055806065,3867.936812140765,2985.498943235153,3400.7198612999364,3485.14467579112,3691.909378848749
499,19.96,431.3886260986328,203.05237770080566,77.92813218138183,81.29031853730486,-876.1721164550487,438.0372619628906,232.474365234375,107.68978854675748,112.3360328180997,-723.540467809254,430.0128936767578,263.3996772766113,178.1797310838437,185.86724320536817,-2659.5257197004125,415.6383514404297,288.4885025024414,248.0972122958505,258.8012935919622,-4605.659992971076,408.2448196411133,307.8009223937988,259.7053087283522,270.91021793283403,-6320.849754233026,448.63842010498047,248.80825996398926,243.9590168874945,254.48455695913884,-1531.8693819224904,423.24981689453125,280.1278495788574,327.0559268081855,341.1666586319486,2079.0213290988677,406.94252014160156,289.93703842163086,280.4349338822556,292.53421667051117,-7957.986515493018,396.1329650878906,295.753698348999,262.7262758178831,274.06152375942685,-19925.689413281805,433.0166244506836,231.12414836883545,274.80981383675925,286.6664024741608,-248.46218154644077,407.25276947021484,266.8124198913574,359.97516936669086,375.5061922340005,3901.538433305019,392.5906753540039,281.67529106140137,333.18361713261623,347.55872635418694,-7059.9974575959195,381.60999298095703,288.5441207885742,310.3871106372179,323.7786712870978,-21688.70244217115,415.9125518798828,217.9987621307373,271.84079977670075,283.5692911752254,247.15470130671093,389.1561508178711,251.68559074401855,326.4285636209564,340.5122280444205,141.11178800325348,385.7368850708008,260.0587749481201,237.97398045355214,248.24129788756073,-5201.524984841712,386.8437957763672,260.59484481811523,155.13508705234656,161.82834478112537,-14729.89128305408,398.2521057128906,209.67158317565918,261.6700427709489,272.9597198481633,603.4006784277778,378.3519744873047,235.63655376434326,281.7607500131651,293.9172347486639,-1653.8173874984395,379.0408706665039,242.85510063171387,225.98738282534123,235.73754202815152,-3181.749944662216,382.57225036621094,244.38600540161133,168.5653338745628,175.83803565465334,-10555.769207605197,2429.2875408861532,2622.6845573250043,2938.0156163339875,3477.9957816135843,4234.07743869111,3315.5407766731164,3721.7915194180578,3900.355703937111,4467.390975677217,3259.4149416662667,3597.101428366011,3731.5201904363917,4142.814510683163,3155.1291824074087,3543.2226540203537,3606.460707721568,3874.4099459320105,2996.4173320290797,3412.4765506898825,3494.5741774722455,3698.942900274935
500,20.0,430.35118103027344,204.1979455947876,38.63788676274712,40.3049070294852,-1024.6352876954913,437.5811004638672,232.58216857910156,11.718171634408876,12.223748705008635,-2502.8071028272766,427.4808883666992,263.1530570983887,63.59968751137603,66.34367733387052,-2988.089146787441,411.84715270996094,287.9238796234131,95.82531897099955,99.9596741900669,-3971.0404850473824,402.784423828125,307.9823112487793,136.58519399813042,142.47812204384238,-3210.8023972247915,445.1512145996094,244.4392490386963,139.7516965505692,145.78124241810994,-2717.5828635257226,417.4222946166992,275.6924057006836,183.08669103572615,190.9859125019694,-3754.5186532494804,401.3795471191406,285.90582847595215,171.75076869327094,179.16090512225327,-2834.3327887064474,389.9174499511719,291.31253242492676,190.97870165924354,199.21842160397503,-1871.0775538862954,429.7383117675781,226.38709545135498,144.02040738906675,150.23412553094317,-3410.8069235804405,400.4503631591797,264.61910247802734,178.68158287864313,186.39074724833443,-4727.886124641651,388.75938415527344,277.80967712402344,136.06469821908266,141.93516962740782,-5140.588918169478,380.87215423583984,283.0854892730713,137.7068081918926,143.64812795229497,-4503.263583370071,412.35965728759766,213.44844818115234,144.32692278226494,150.55386544068043,-3325.385643363624,381.69586181640625,252.92701721191406,189.0718310268759,197.22927959870017,-3582.0737111430085,383.4605026245117,257.6212692260742,83.37922098303132,86.9765929629492,-4031.617623115288,388.9148712158203,253.899507522583,175.20861668460176,182.76794094873262,523.4899041901813,394.53285217285156,205.2242374420166,144.93906256087837,151.1924158101031,-3044.182600951504,371.61720275878906,236.5612506866455,169.94891628318896,177.2813123195944,-2915.8980607267367,376.0016632080078,242.36228942871094,76.97257976701623,80.29353909490692,-3886.1000733311153,382.8929138183594,240.04371643066406,108.85282080851768,113.54924376491918,-1557.219797243354,2430.8997371673327,2623.173507273205,2940.6693634273424,3481.994168581187,4239.776563572863,3321.3720263698406,3729.4309559181365,3907.522140142001,4475.359712541376,3265.424306687504,3604.557058255945,3737.197597221488,4148.560435801255,3161.1513370250364,3551.111825204302,3609.9397714400857,3881.7206635699595,3002.4650286614838,3419.5678031826665,3497.7859190360423,3703.484870025532
501,20.04,426.6258239746094,205.59757232666016,99.49007544963428,103.78254550971396,1586.9409620057188,436.02649688720703,232.98455715179443,40.14589677039203,41.877979685629086,741.3557745155113,427.4696350097656,261.9390106201172,30.352465812575147,31.6620140279248,-867.0415826486429,411.8922424316406,285.31079292297363,65.33689227292791,68.1558332842067,-795.0960226465053,401.72157287597656,304.1869354248047,98.53466963363005,102.7859189906206,-992.3050763305444,442.72911071777344,242.0254611968994,85.48742217283755,89.17575187338203,-1415.137263618198,411.75724029541016,275.8915615081787,141.71384790047625,147.8280502112326,-1078.94655726842,395.8486557006836,283.92831802368164,146.84453401386946,153.1800982688185,-649.5201713358689,386.97582244873047,285.8134174346924,155.9115094351201,162.63826567937363,-914.503898115035,426.53831481933594,223.20037364959717,112.9025473321956,117.77369454904053,-811.5107745475661,395.43766021728516,264.22436714172363,125.70552585657504,131.12905381840758,-1381.5423357481714,384.6940231323242,276.68932914733887,105.42277930959682,109.9712141337911,-799.0988873404181,379.2117691040039,280.4033088684082,78.86289728533818,82.26541380689638,-1534.5678536349649,408.67359161376953,210.6785774230957,115.26942398168534,120.24268939582704,-757.7794011213346,378.80455017089844,250.81426620483398,89.52443747856985,93.38694301779596,-2596.0584145226053,379.75059509277344,257.56104469299316,92.75990812452751,96.76200709370404,244.6353532688711,385.1858901977539,255.4354476928711,100.82290054782992,105.17287495498614,-1939.8766498436619,390.79933166503906,203.26071739196777,105.45907490941764,110.00907569659705,-1029.5835028376516,368.0579376220703,235.64961433410645,91.85399131479082,95.8170047695063,-2036.6076887522026,371.6264343261719,242.64902114868164,109.61535832083678,114.34468073405873,851.2785409787953,378.3154296875,240.9986686706543,116.9008520845009,121.94450498457887,209.88153049149219,2435.0510389877213,2624.84862646063,2941.9358439884595,3484.720401912555,4243.8880003324875,3324.939056444776,3735.344077926586,3913.6493440727536,4481.865243168551,3270.135254469466,3609.8022204086815,3741.59644578684,4151.851052353531,3165.9610446008696,3554.847302925014,3613.8102517238335,3885.927578568159,3006.8653916893472,3423.4004833734466,3502.3597062654044,3708.3626502249153
502,20.08,423.2061767578125,202.29788303375244,118.80113771834328,123.92677788350274,503.60580934471955,432.9892349243164,229.51071739196777,115.3595545137429,120.33670858319628,1961.46822243918,425.54588317871094,258.5435199737549,97.56465111984772,101.77404931319893,1752.8008821318533,410.9726333618164,281.5011978149414,97.97542972745143,102.20255084307897,851.1679389718068,399.9351501464844,300.1037406921387,111.4220169931582,116.22928716372854,336.08420432769856,441.103515625,238.61030101776123,94.55778145801986,98.63744914368347,236.54243175753606,410.20751953125,272.6025581359863,90.89546753400994,94.81712576196253,-1325.273111231752,392.98717498779297,280.3814506530762,113.93073557789069,118.8462436743593,-858.3463648614803,383.668212890625,280.9875297546387,146.26489857738605,152.57545463181236,-251.57027618903172,425.2439880371094,219.80698585510254,90.79634678434924,94.71372847669434,-576.4991518086547,393.36334228515625,260.6854820251465,102.55030092557871,106.97480351426205,-603.8562576036384,381.4230728149414,273.0655574798584,122.04209590552378,127.30756625898665,433.408803129889,376.1154556274414,276.4640808105469,125.26141374387927,130.6657806191567,1210.009170306508,407.19738006591797,206.9532823562622,100.17804109741407,104.5001932331391,-393.56240406719854,376.9752883911133,246.34400367736816,120.75141231950421,125.96119650904583,814.356337281247,376.3890838623047,253.80718231201172,125.97430424474274,131.40942857112512,866.1855369355269,381.66881561279297,251.62333488464355,129.66788755034582,135.26237044271642,752.2373871932568,389.08092498779297,199.2378044128418,109.36392899976263,114.0824035688347,101.83319680594138,365.8983612060547,231.46649837493896,117.69194275855443,122.76972703322264,673.8180565929085,368.29017639160156,239.00590896606445,123.49818667979788,128.82647964169766,362.0449726909733,374.7161865234375,237.24377632141113,130.03309172201006,135.643331241015,342.47065641090336,2440.0081101030614,2629.6620948039576,2946.0068059609875,3488.8085039462785,4248.537171819037,3328.8845544105234,3739.136762957065,3918.4031938197277,4487.968261353823,3273.923803608534,3614.081212549252,3746.6887484371996,4157.077683578296,3170.141052330195,3559.885750785376,3619.066628866678,3891.338073385867,3011.4286878321004,3428.311272454776,3507.512765451072,3713.7883834745553
503,20.12,418.8974380493164,200.78986644744873,114.1253238841507,119.0492274358935,-121.93876119023095,427.4779510498047,227.38665103912354,147.66073406786654,154.03151303422257,842.3701112756571,420.16117095947266,257.1065139770508,139.32899895251887,145.34030765644408,1089.1564585811288,405.2787399291992,281.14288330078125,142.62891474263503,148.78259734331166,1164.5011625058173,393.3738708496094,300.4936981201172,164.32143196954735,171.41103184944467,1379.5436171429033,436.82056427001953,235.00310897827148,139.98996999536973,146.0297961006457,1184.8086739240562,407.0291519165039,269.13622856140137,117.57301299115458,122.64566607596782,695.7135078501324,390.7344055175781,277.1587944030762,98.29955363452868,102.54065898085057,-407.6396173377184,382.08152770996094,276.98598861694336,107.61592975486612,112.25898741034302,-1007.9116805367335,421.27750396728516,215.671648979187,143.2524147996206,149.43299812697748,1367.9817412570785,391.0923767089844,255.94874382019043,131.32491545411318,136.99089032830702,750.4021703511241,379.27162170410156,268.65652084350586,122.64875137723811,127.94039570270118,15.820736092863186,373.8662338256836,272.4352169036865,115.35473303441192,120.33167908255685,-258.35253841499616,403.3628463745117,202.6097059249878,144.84971704505546,151.09921550826323,1164.9755568781031,373.16551208496094,241.94706916809082,145.44635734050243,151.72159767387433,644.0100291207124,373.13732147216797,247.75860786437988,171.68141186958118,179.0885559187929,1191.9781836916948,378.9812469482422,243.97287368774414,202.7199143090333,211.46620542220023,1905.0958744870954,384.8896026611328,195.0537872314453,148.0565403405505,154.44439625219388,1009.0498170839794,361.3755416870117,227.7495288848877,146.35521555407598,152.66966830791284,747.4985318672552,364.1532516479492,235.8266830444336,130.43586497636633,136.06348202903493,180.92505968343175,371.3204574584961,235.26248931884766,98.28680630244455,102.52736166887074,-827.8992393036067,2444.770079200497,2635.8233553253267,2951.8204182672453,3494.7598078400106,4255.393613093015,3334.725746254549,3744.042589600104,3922.504820178962,4492.458620850237,3279.9011235336134,3619.5608481623844,3751.8063642653074,4161.890950741599,3176.1850209505255,3565.954614692331,3626.2301711034297,3899.796721602755,3017.6064636821884,3434.418059187092,3512.955304732233,3717.88947794131
504,20.16,413.8490676879883,200.90702533721924,126.24324118192555,131.68996871340843,316.0185319378734,420.17208099365234,228.68807315826416,185.5219609803175,193.52625145247043,987.3684604561965,410.54698944091797,258.54615211486816,243.03426229594774,253.51990410257218,2704.4899111532027,395.08216857910156,282.68025398254395,257.7954323571985,268.91794050705676,3003.3835790936273,384.5753479003906,303.13502311706543,229.66089652386495,239.56954839536547,1703.96291364802,426.72935485839844,235.76645851135254,253.00100036714923,263.9166541581243,2947.1714514369646,400.48240661621094,266.2185859680176,179.18655140947965,186.91750249799796,1606.7959105507534,384.0339660644531,279.90617752075195,181.0455793099557,188.85673761077717,2157.9019657481654,372.09957122802734,286.85314178466797,350.89186977842076,366.0309963550384,6344.300223617384,412.27630615234375,215.95962524414062,225.14508160417722,234.85889996839558,2135.6475460354523,384.4218444824219,252.63507843017578,186.20616682623222,194.23997715848424,1431.2271707544305,370.00789642333984,270.23672103881836,234.9383412923078,245.07468696703327,2928.3572816083024,361.30592346191406,278.1932830810547,345.43154399349476,360.3350864191893,6000.085183415811,395.32501220703125,202.5351905822754,200.95448900219915,209.62461135945102,1463.1348962796949,365.45047760009766,239.08212661743164,205.7450681687279,214.62187865592472,1572.5070245512597,362.2118377685547,248.9472770690918,274.7488951708335,286.60285549030084,2687.857489287698,365.7684326171875,249.4027805328369,357.12598520454713,372.53408085870126,4026.6968859125254,377.9388427734375,194.72225189208984,173.9665533544374,181.47228916129393,675.6973227275012,353.8155746459961,225.76726913452148,195.3881639505776,203.81812884970338,1278.7115135447634,354.85435485839844,235.4265260696411,232.6875683013503,242.7268050369976,2666.583075199067,360.9785461425781,236.32440090179443,259.9071779937847,271.120796788384,4214.835877987831,2450.0376779490334,2643.5644053834253,2961.9612144313487,3505.516525460293,4264.97639502883,3345.2824124208737,3751.5192897000234,3930.0590896833933,4507.0998607044385,3289.2954795323494,3627.330447248724,3761.609351743989,4176.304354198367,3184.570005404904,3574.5394898385675,3637.6942853230416,3914.6980848371036,3024.86535524864,3442.57078434108,3522.6643769337134,3728.7343098128454
505,20.2,413.75194549560547,200.1723575592041,18.52649225276709,19.325812315134105,-2809.1039099568584,417.03052520751953,229.35526371002197,80.29055046259899,83.7546626608302,-2744.2897197910056,403.80847930908203,260.1424312591553,173.12500163058044,180.594428935686,-1823.1368791721543,387.31849670410156,285.179386138916,203.89988737993292,212.6970880843897,-1405.5213105666767,377.19947814941406,306.12321853637695,198.95471602755083,207.53855876764652,-800.7747406929739,416.25587463378906,241.4974021911621,298.47267826849844,311.3501942360877,1185.8385019490854,390.323486328125,274.02551651000977,320.30437273316153,334.123810740983,3680.1577060746263,372.39376068115234,291.52344703674316,411.1381552870968,428.87659014253785,6000.4963132940165,359.1788864135742,301.3557243347168,485.58534052691266,506.53577730571027,3512.619523766797,402.8611373901367,221.76541328430176,276.53274849929295,288.4636726462514,1340.1193169463952,372.97908782958984,255.67374229431152,295.98369665314345,308.75382624057653,2862.8462270523073,356.85264587402344,274.4150161743164,345.0713397750314,359.95934129560266,2872.1163582142344,347.5107192993164,283.57592582702637,370.20306996508117,386.175372597208,646.0071544504685,387.8387451171875,206.67211532592773,213.8316237064817,223.05732625530484,335.8178723963455,355.56640625,238.5764980316162,247.42489608037505,258.099970490998,1086.9522958768314,350.0069046020508,252.96003341674805,321.1917331443972,335.049456056321,1211.1650141505038,352.96451568603516,257.7818298339844,382.5480002324132,399.052921252121,662.9710098354934,373.55323791503906,196.37864112854004,117.1994967902914,122.25603462841383,-1480.4063633220026,347.50701904296875,222.1959114074707,181.2327057457018,189.05193756158755,-369.15478220289583,345.809326171875,234.9735975265503,226.40904383048928,236.17739547341907,-163.7352390894634,351.0834503173828,239.72100734710693,261.5457138988041,272.83002684337634,42.73075137480902,2450.8107104416385,2646.914591889858,2969.184991588776,3514.0244089836688,4273.277937379536,3357.7364201903174,3764.884242129663,3947.2141532890946,4527.361291796667,3300.834026438199,3639.6806002983467,3776.007725395813,4191.751369102255,3193.4922984551163,3584.863488658207,3651.096263565295,3930.6602016871884,3029.7555966337763,3450.132861843543,3532.11147275265,3739.6475108865807
506,20.24,414.1996383666992,202.06862926483154,48.71008165918639,50.81166381400083,787.1462874716682,417.3557662963867,232.6148557662964,81.89445241900842,85.42776449568053,41.82754587125821,404.53685760498047,262.11639404296875,52.601473445478234,54.87094855503422,-3143.087009516295,386.7002868652344,284.62037086486816,20.836888585675833,21.735890018683172,-4774.029951642663,373.4126281738281,301.13834381103516,156.5032123571004,163.2554974499912,-1107.076532941383,411.8806838989258,248.67010116577148,210.04449609962984,219.10680414108484,-2306.0847523750717,384.82635498046875,280.5564594268799,213.4122601281393,222.61986935864715,-2787.5985345583963,366.40491485595703,296.6194438934326,196.58881307399608,205.0705796266199,-5595.150262897949,352.8550720214844,305.63939094543457,190.95226513676943,199.1908444855098,-7683.623320505012,397.54573822021484,229.87878799438477,242.4875222586472,252.94957512707703,-887.8524379793589,365.4366683959961,263.7891483306885,276.979135098111,288.92931846365974,-495.61269442291973,350.90953826904297,280.84407806396484,218.8797683451274,228.32327161047834,-3290.901742128108,343.8808059692383,288.84212493896484,159.90060168441454,166.79946614116673,-5484.397661401033,382.3154067993164,215.02129554748535,250.26994993620386,261.06777335913046,950.2611775956403,348.1585693359375,246.3163948059082,267.8409623989143,279.3968819895301,532.4227874633025,343.85772705078125,261.9095706939697,271.4620162580503,283.1741651530065,-1296.8822725828616,348.18920135498047,268.0707263946533,283.5765101746369,295.81133534855815,-2581.039647589071,369.2876434326172,204.74444389343262,234.7631149019585,244.89190048558032,3065.8966464291625,341.9889831542969,230.89097499847412,257.45491221797465,268.5627287265223,1987.7697791233693,341.25850677490234,244.67997550964355,268.006215803081,279.5692652032431,1084.796743245601,347.6005172729492,250.03223419189453,272.0893943595053,283.82861129823044,274.9646113713524,2452.8431769941985,2650.3317024696853,2971.379829530977,3514.893844584416,4279.808157277535,3366.5006923559613,3773.7890369040088,3955.4169764741596,4535.328925576087,3310.9520094432823,3651.2377730368935,3785.1406562602324,4198.423347747902,3203.9350093894814,3596.0393639377885,3662.423230171415,3942.4926551011304,3039.5512726531997,3460.875370992604,3543.29424336078,3751.0006553385097
507,20.28,410.0307846069336,208.93527030944824,200.82657460158055,209.49117812961828,3966.987857890436,414.2948532104492,239.74870204925537,194.06981944095395,202.44290475374055,2925.3785064515005,401.4344787597656,269.52052116394043,200.69543611331974,209.35438170982974,3862.0858288698882,382.36595153808594,292.1622562408447,217.4662297813963,226.84874634092597,5127.82140805607,370.0416946411133,310.1931381225586,241.54773454999864,251.96924055399023,2217.843577599976,407.5822448730469,257.84388542175293,253.2722048933862,264.19955972392495,1127.3188895710027,378.0165100097656,289.97411727905273,290.5450351769967,303.0805153137407,2011.5161488773388,358.87569427490234,304.48041915893555,272.12599871546905,283.8667949383723,1969.9053827938108,344.96368408203125,312.11485862731934,255.20296494907774,266.2136218546707,1675.569434229022,393.86287689208984,239.05707836151123,247.24037092661098,257.9074840537161,123.94772316597624,361.05350494384766,273.4823226928711,265.9531808701536,277.427652681626,-287.5416445508435,345.41961669921875,288.6899185180664,239.39566004059816,249.7243154224859,535.0260953001886,337.83729553222656,295.5389213562012,225.51482858143012,235.2445995702946,1711.128335728197,379.0571594238281,223.39482307434082,224.6276630377514,234.31915753001695,-668.7153957278376,345.3671646118164,256.01818084716797,252.38437046030157,263.27341993520463,-403.0865513581361,340.1011657714844,269.17545318603516,204.48838755785056,213.31097892949344,-1746.5796555878271,343.6701202392578,274.015474319458,186.68509919773788,194.7395729263759,-2526.7940605545564,366.3344192504883,211.60172939300537,186.65458990566256,194.70774731986222,-1254.6038291429525,340.40111541748047,239.8048210144043,226.35422288050086,236.12020928965805,-811.0629859216068,338.75823974609375,252.00716972351074,193.550881977899,201.90157788638422,-1941.6921829214723,344.38159942626953,256.0703372955322,171.0630753439944,178.44354144557025,-2634.626746316505,2461.2228241193834,2658.429418659835,2979.7540047993703,3523.967794438053,4289.886926899695,3377.068674744918,3785.9122575165584,3966.7716482716946,4545.977470450274,3321.268308805431,3662.3348791441585,3795.129628877132,4207.833131730713,3213.307775690682,3606.5703007351963,3670.955669328595,3950.2822380181856,3047.3395825459943,3470.3201793641906,3551.3703064762353,3758.1383969963326
508,20.32,408.47755432128906,215.69741249084473,173.45585029349868,180.93955196691263,-713.7906540676411,413.2914352416992,246.3068962097168,165.8628165576916,173.01891902255304,-735.5996432796878,398.14281463623047,276.3079833984375,188.58800380540583,196.72457779398124,-315.7450978962124,377.2903060913086,298.3633804321289,200.33739968039143,208.98089790024787,-446.6962110169526,366.49322509765625,317.94413566589355,213.1161640655554,222.31099831848076,-741.456055887737,403.8881301879883,269.28099632263184,300.47253313049333,313.43633224824424,1230.9193131079824,372.9631805419922,300.07930755615234,282.4568653421437,294.6433837688876,-210.9282886213279,353.19934844970703,314.4385814666748,286.5592199643155,298.92273327534224,376.3984584242479,338.5541534423828,322.37674713134766,302.4777250989946,315.5280376347986,1232.8603945031973,390.6770324707031,250.0400447845459,285.892414343652,298.2271585221833,1007.9918617116803,356.12815856933594,282.667293548584,260.5555681246456,271.7971615208461,-140.76227901949778,339.22176361083984,296.8696689605713,256.5659030916652,267.6353635627832,447.7762035074328,329.98905181884766,303.91242027282715,286.91289345736965,299.2916659072916,1601.1766584249244,376.50238037109375,233.0943202972412,250.7577795220703,261.57665020908115,681.437316976605,340.77362060546875,264.80149269104004,247.79933096781642,258.4905602615925,-119.57149184030271,334.8698425292969,277.2502040863037,240.53111150852055,250.90875561022483,939.9444170182846,337.7579116821289,282.0289707183838,248.96075815098945,259.70209687918106,1624.063098820129,364.2617416381836,219.61044788360596,206.81447656389528,215.73742636194808,525.7419760521465,337.3040771484375,247.5557041168213,208.66814998228932,217.6710759750898,-461.22833286420644,334.86644744873047,259.70203399658203,215.5762386413521,224.87721208870914,574.3908550581232,339.6443557739258,264.3736267089844,238.99018351338418,249.30134472969544,1771.4450821031298,2468.46040619806,2665.350175420737,2987.6229879111297,3532.3270303540626,4298.779366832434,3389.6061280348476,3797.6979928673136,3978.728557602708,4558.598591955666,3333.1973951463187,3673.2067656049926,3805.835043419643,4219.804798367005,3223.7708416990454,3616.90992314566,3680.992019553004,3960.6703218933526,3055.969079600472,3479.0270224031938,3560.3653949597838,3768.1104507855202
509,20.36,407.55611419677734,220.65808296203613,126.13807768376917,131.580267967037,-1233.9820999968906,411.5287780761719,251.69082641601562,141.62817681671308,147.73868287374356,-632.005903720237,397.8483581542969,280.09923934936523,95.0668393329059,99.16847017094346,-2438.9026905759442,376.8635940551758,297.2834587097168,29.029231908523556,30.281689586048667,-4467.48020785498,359.86427307128906,307.56457328796387,307.8943813684441,321.17839394676264,2471.684890707047,402.25181579589844,279.35276985168457,255.09575017320424,266.101781328808,-1183.3637729859063,370.9971618652344,310.73020935058594,270.77081922729104,282.45314662953314,-304.7559284838613,350.1409912109375,324.7808361053467,269.6244842496967,281.2573533662966,-441.6344977261403,334.4572448730469,332.13812828063965,264.65687900474467,276.075422253283,-986.3153845378889,389.1111755371094,259.62907791137695,242.90103983405848,253.3809337967256,-1121.1556181364422,352.7834701538086,292.48806953430176,259.3677186431141,270.55806262260325,-30.977472456071098,335.2735137939453,305.22045135498047,230.92780692158698,240.8911192697878,-668.6061073248851,325.9765625,310.50527572631836,192.94722977490395,201.27188128653503,-2450.4946155189136,374.69505310058594,241.67561531066895,219.2388195128216,228.69781393525935,-821.9709068455451,338.1959915161133,272.5774669647217,204.80165347728857,213.63776061494082,-1121.3199911662925,332.07801818847656,284.5675563812256,195.79633512593387,204.24391045043814,-1166.6211289946673,334.7547912597656,289.0132999420166,190.0650990044377,198.2654018311819,-1535.9173761999791,361.8489074707031,226.7501735687256,188.41021001149016,196.5391131390897,-479.9578305714597,334.46937561035156,255.04972457885742,200.30582164443422,208.94795743921165,-218.07796339695358,332.7751159667969,266.9274616241455,188.04997967376272,196.16334076933103,-717.8467829844528,337.12535858154297,271.71000480651855,193.91974893820722,202.28635950326617,-1175.3746306607318,2473.7236169167413,2671.259722735687,2991.5897267179676,3533.5382979375045,4311.626502590305,3400.250199288,3808.996118732495,3989.9788517373595,4569.641608845797,3343.3326324981876,3684.0290881098963,3815.4706881904344,4227.855673618466,3232.9187542564555,3625.455433570258,3689.161775971022,3968.6009379666,3063.8306441260356,3487.384940700763,3568.211928590557,3776.201905165651
510,20.4,408.1111526489258,224.8848581314087,106.57654530837142,111.1747590274323,-510.13772349011754,411.6265106201172,256.6977024078369,125.19574385642677,130.5972774237138,-428.53513625074413,398.4318542480469,284.71266746520996,116.25453397472324,121.27030166994064,552.5457874749293,377.0713806152344,300.404634475708,78.20211560737906,81.57612289767907,1282.36083279076,360.05584716796875,309.4603157043457,47.63493953882408,49.69013500289446,-6787.206473596704,404.11266326904297,287.1871089935303,201.3076363239918,209.99299511863447,-1402.719655254338,372.6523971557617,319.7273254394531,228.70272979290158,238.57004184244863,-1097.0776196771126,351.7496109008789,333.69235038757324,226.388416373822,236.15587805119733,-1127.5368828774824,335.9695816040039,340.7310104370117,218.12379819310655,227.53468534846667,-1213.518422620409,390.6282043457031,268.38589668273926,222.18130462612424,231.76725170382934,-540.3420523224064,353.15914154052734,302.17984199523926,242.4762648505335,252.9378320213994,-440.5057650300961,336.1199188232422,313.31082344055176,203.36316338727954,212.13720729284378,-718.8477994236002,327.9067611694336,316.5061855316162,157.59240423241198,164.39168218859416,-922.0049774485219,375.4811096191406,251.00469589233398,234.05345189395575,244.15161927570335,386.34513351110013,337.80101776123047,282.440242767334,246.76703436596964,257.41372552630355,1094.3991227840684,331.5835952758789,292.8939914703369,208.52753911307184,217.5243984912526,332.0122010203619,334.82933044433594,295.9350299835205,173.05328452801407,180.51961761981073,-443.644605284279,362.08202362060547,236.2135934829712,236.6572674944264,246.86777573486242,1258.2165648943183,334.53636169433594,264.4571113586426,235.19063166918988,245.33786233806498,909.7476224713332,332.8718948364258,275.0654411315918,203.4638736563914,212.2422626769126,401.973047689539,337.39906311035156,278.73470306396484,175.75071084006186,183.333423597181,-473.8233976521293,2478.1706072778384,2676.4836138326355,2996.440538784765,3536.8013428534114,4313.61410799042,3408.649919092745,3818.5389204061926,3999.4250868594077,4578.742996259735,3352.603322566341,3694.1466013907525,3823.9561764821487,4234.43134090601,3242.6848190274836,3635.75198259131,3697.862751910672,3975.8217226713923,3073.70535515543,3497.1984551942855,3576.7016190976337,3783.5352421095386
511,20.44,409.8748016357422,230.37644863128662,144.19609904364626,150.4173973503148,981.0659580720621,412.2568130493164,262.99449920654297,158.20661150148177,165.03238924974121,860.8777956506856,398.54488372802734,290.223913192749,137.8101164933616,143.75589346006328,562.139794753066,376.16233825683594,304.55984115600586,106.33702484716486,110.92490452633422,733.7195407163787,357.8633499145508,313.02589416503906,104.64342420096737,109.15823397809194,1486.702474379937,403.7632751464844,294.71829414367676,188.48213082738764,196.6141369574479,-334.4714540296643,369.2722702026367,324.58757400512695,148.00184614426394,154.38734229088593,-2104.5674887890677,347.10948944091797,337.19919204711914,145.40603836394797,151.67953914692822,-2111.9084726067276,330.8360290527344,343.79831314086914,149.5027334067361,155.95298489311034,-1789.5425113839083,391.3349151611328,275.7492256164551,184.92913028161263,192.90784324753304,-971.4852114074076,351.11644744873047,307.9456043243408,152.92280403104644,159.52061345917377,-2335.4304640556406,331.11743927001953,318.49637031555176,180.12963747193473,187.90127773139668,-605.8982390361778,320.8082962036133,321.2688159942627,213.70372860970778,222.9239131621755,1463.3057743395334,377.1036148071289,257.88805961608887,176.80006228532835,184.42804900209572,-1493.089256840191,338.0734634399414,287.2258186340332,119.8331210052709,125.00328578599246,-3310.260993507777,327.36446380615234,297.5222396850586,156.56817982893153,163.32326792429723,-1355.0282641738845,326.4480209350586,301.36722564697266,249.69368586371377,260.4666465426261,1998.6757230703845,364.10987854003906,242.55615234375,166.4711845874437,173.6535349121185,-1830.3560205685983,335.69915771484375,268.8679790496826,114.03905135185515,118.95923270055194,-3159.465740937826,330.56941986083984,279.5508098602295,126.04543735554354,131.4836306990818,-2018.9657994457698,331.6180419921875,284.3935775756836,202.2422215871957,210.96790278829715,690.8619797779039,2484.187303171851,2683.0849094026253,3002.1907745231674,3541.2383390344644,4317.9804373495435,3416.5144845710433,3824.714414097828,4005.492268425285,4584.981115655461,3360.319636296242,3700.5274259291195,3831.472227591404,4243.348297432497,3250.061940987567,3640.7521140227495,3704.3956826276435,3986.2403885330978,3080.6514965519145,3501.9568245023074,3581.9609643255967,3791.9739582210705
512,20.48,409.48577880859375,234.74935054779053,109.75429926489811,114.48961624430976,-898.1945276501257,410.5710220336914,267.28943824768066,115.3483656024511,120.32503692961578,-1117.683808003136,395.05836486816406,293.92513275146484,127.11913698869972,132.60365478729554,-278.80596681919343,371.8315887451172,308.0393314361572,138.8844932464565,144.87662388235645,848.792983900556,353.15624237060547,316.66319847106934,148.7171057010029,155.13346151094925,1149.3806883214327,399.3690490722656,299.2972469329834,158.65850008359737,165.50377443189916,-777.7590631387184,362.31990814208984,327.2035503387451,185.7058668953776,193.7180919341765,983.2687410822643,340.12020111083984,338.0028820037842,175.88360659007301,183.47205309526154,794.812848708333,323.91395568847656,343.6739730834961,173.07975060292836,180.54722556574748,614.8560168159286,387.6911926269531,279.37628746032715,128.530860898661,134.0762871103746,-1470.7889034289608,346.4868927001953,309.3245601654053,120.7639649825492,125.97429075304802,-838.6580676531437,325.6547546386719,320.0815773010254,142.20101214556342,148.33623301447173,-989.1261179231236,314.6875,323.88427734375,166.4045977370155,173.58407519160184,-1233.4959492643413,374.4302749633789,260.8824348449707,100.35259379907184,104.68227695979998,-1993.6443010573935,334.52796936035156,287.4942684173584,88.89106238317065,92.72624114008693,-806.9261161476384,322.8993606567383,297.47148513793945,111.63479004929604,116.45124025082865,-1171.8006918367146,321.95186614990234,301.49951934814453,112.4525162998065,117.30424706004602,-3579.0599870645024,362.74707794189453,245.50907135009766,81.30558148257843,84.81348689579741,-2221.0012004080268,334.0633010864258,269.2120170593262,41.79106558837145,43.59412882866141,-1884.127596797263,327.74375915527344,279.36604499816895,70.79237457714943,73.84669076880004,-1440.9234982570438,327.88707733154297,284.5394039154053,93.34533538270333,97.372692438847,-2839.880258736254,2488.7668878216236,2687.89791087981,3007.494920714659,3547.033403989759,4324.185775809982,3423.1346355483192,3832.4631377751953,4012.8311505490956,4592.20300467809,3365.6826877806575,3705.566397559241,3837.4056769119834,4250.291660440161,3254.249232065959,3644.461163668353,3709.0537322376767,3990.9325584154994,3084.0440360277466,3503.7005896554538,3584.9148319563483,3795.868865918624
513,20.52,409.17327880859375,237.2965908050537,64.15844244048387,66.9265395801482,-1189.0769166040388,409.6625518798828,270.8126449584961,90.96119896519026,94.88569315641932,-635.9835943299114,394.0842819213867,296.4280128479004,67.14371882544025,70.04061483720892,-1564.0759987521656,371.59515380859375,308.9158058166504,22.69510986520166,23.674283709088368,-3030.058504331702,352.67574310302734,315.87321281433105,23.11596964215605,24.11330135740735,-3275.5040038385473,396.6483688354492,302.4546718597412,104.19762808935167,108.69320412428273,-1420.2642576904107,361.76918029785156,329.1896152496338,51.525206141524635,53.74824601462125,-3499.246147988881,340.2784729003906,339.7184658050537,43.0717260693284,44.93004302961798,-3463.5502516410897,324.46414947509766,344.7176170349121,29.494765427144998,30.767308411487043,-3744.497928856511,385.3505325317383,283.67737770080566,122.41851100341887,127.70022167563287,-159.40163586854334,347.0164108276367,314.1398048400879,121.10679874688176,126.33191597936644,8.940630657960469,326.41998291015625,325.0659370422363,126.06897005529187,131.5081787102433,-420.70135760571077,315.3091621398926,328.5370445251465,117.3528500411686,122.4160042602218,-1279.201773284501,372.26898193359375,265.46390533447266,126.64186562600253,132.10579169194912,685.5878683037286,332.6329803466797,290.9966468811035,99.5541255587969,103.8493590420088,278.07794754804684,321.9395446777344,299.7809314727783,62.52394084994515,65.22151789894887,-1280.7430587969943,321.6423797607422,303.28654289245605,45.34062039853937,47.29682813771929,-1750.1854730581683,361.12552642822266,249.51770782470703,108.10468218658545,112.76882692205969,698.883500656557,331.91932678222656,271.58626556396484,79.97531564038015,83.42582712487028,995.7924574052217,326.74083709716797,280.9822368621826,47.55213452056133,49.60375738645937,-606.0733345585169,327.9063415527344,285.6547451019287,27.887688508704212,29.0908946318018,-1707.0449451761299,2491.4439494048293,2691.6933386060664,3010.296545308148,3547.980375338122,4325.150307864278,3427.4823637132904,3834.61306761578,4014.62835227028,4593.43369701455,3370.790696647683,3710.6196741984154,3842.666004060393,4255.188300610569,3259.533463733637,3648.6151380300334,3711.6625929536344,3992.8244315410084,3088.5547891046285,3507.0376227404486,3586.898982251807,3797.0325017038967
514,20.56,409.89246368408203,237.26141452789307,18.001115514148996,18.777768351563285,-1203.719280714623,410.9765625,270.5347537994385,33.57684661771357,35.02550979509136,-1496.504584033199,395.9773635864258,296.5133571624756,47.375111098401256,49.41909634078639,-515.5379624105633,374.1773223876953,309.63415145874023,67.00566688911866,69.89660669067523,1155.5580745396715,355.7594680786133,317.30112075805664,84.95690385721723,88.62234450098059,1612.7260785893309,398.9432907104492,303.7229919433594,65.55199390017964,68.38021540793689,-1007.8247179086461,363.5804748535156,330.13426780700684,51.070762315204085,53.27419534299826,-11.851266790574755,341.8961715698242,339.7782897949219,40.470111616869225,42.2161826863543,-67.84650858159189,326.17664337158203,343.51741790771484,52.279975196181205,54.53557935827596,594.2067736697229,387.18639373779297,285.73230743408203,68.88905290664772,71.8612508443076,-1395.9742707831317,349.87598419189453,316.8791198730469,98.99812711412721,103.26937220788008,-576.563594287159,330.3556442260742,326.4280700683594,104.11783100911525,108.60996422247594,-572.4553621941841,320.22289276123047,328.09879302978516,123.33088875120683,128.65196369315493,155.89898582332822,373.6368179321289,267.7423667907715,66.43776188437587,69.30419959143899,-1570.0398025127533,334.3956756591797,294.21369552612305,91.70774486490862,95.6644485595332,-204.62276206189003,324.02313232421875,302.854585647583,92.83280490644384,96.83804898584808,790.41327717248,323.8639450073242,305.94700813293457,86.6509789349473,90.38950994996448,1077.3170453061298,361.91368103027344,251.72687530517578,58.638770416287244,61.16872292898005,-1290.002599826991,333.77220153808594,275.16852378845215,100.82695215010678,105.17710136245226,543.7818559395496,328.7081527709961,285.8159351348877,130.46783595977274,136.09683239112252,2162.326875116579,330.0155258178711,291.37043952941895,152.31099158617712,158.8824045462134,3244.78774786029,2492.195060138892,2693.09435899787,3012.2733091617793,3550.776239605749,4328.695201644317,3430.2175723296077,3836.7440354295,4016.3169995777344,4595.615120188881,3373.665146681455,3714.750449086731,3847.0104026292915,4260.334379158296,3262.3056317172945,3652.441715972415,3715.5361149130686,3996.440011939007,3091.001538021788,3511.2447067949465,3592.3428555474516,3803.387797885745
515,20.6,410.3948974609375,238.3330535888672,29.589377075341023,30.866002051433313,302.2058424967507,411.81636810302734,271.6052055358887,34.01415487471134,35.481685588290155,11.404394829969888,397.5168228149414,297.84790992736816,50.93479777215394,53.13236464970512,92.8317077229682,375.6553268432617,311.44715309143066,58.477945045612664,61.00095879496247,-222.3911973928189,357.6124954223633,319.464168548584,71.20606575632445,74.27823053229568,-358.6028492171227,401.00589752197266,305.3160095214844,65.15391327060736,67.96495970661786,-10.381392532975653,363.9730453491211,330.53152084350586,13.962484758890916,14.564892059528644,-967.7325820867404,343.05416107177734,338.1894779205322,49.1506794131271,51.27127102852122,226.37720855417297,329.17564392089844,339.982852935791,115.88559508074925,120.88544501583603,1658.7466414390015,388.7784194946289,286.3242530822754,42.4628194780747,44.294865342473265,-689.1596375458585,350.013427734375,317.0565891265869,5.611710040266195,5.8538256203864005,-2435.388664687342,331.13574981689453,326.07619285583496,21.394834445536446,22.317908288658796,-2157.3013983454284,321.8988037109375,327.189359664917,47.669084297918886,49.72575292758353,-1973.1552691392849,374.80316162109375,268.26513290405273,31.95350147072407,33.332125898918726,-899.3018423130065,335.15071868896484,295.62392234802246,39.99085572064936,41.71624943536972,-1348.704978104087,327.27901458740234,303.22723388671875,81.92845972952748,85.46323904161547,-284.3702486058152,329.4000244140625,305.01465797424316,140.35101535107339,146.4064186520916,1400.4227175531778,362.8527069091797,252.63413429260254,32.64284446400813,34.05121039301505,-677.9378133991252,334.9293518066406,276.696138381958,47.91009216691887,49.97715901024705,-1379.9985588051304,331.38450622558594,286.4747142791748,68.90599472670469,71.87892361421089,-1605.4477194227907,333.7303924560547,290.6721496582031,94.49815766634052,98.57525290103858,-1507.6787911293702,2493.4297002209496,2694.513626421402,3014.3986037477675,3553.2162779575474,4331.66633086561,3432.9361707178723,3837.326631111881,4018.3678504188756,4600.4505379895145,3375.4369412951537,3714.9846021115463,3847.903118960838,4262.323409275398,3263.638916753251,3654.1103659498294,3718.9546444747334,4002.2962686850906,3092.3635864375083,3513.2437931553563,3595.21801249202,3807.3308080017864
516,20.64,411.92901611328125,235.77987670898438,74.46573129398656,77.6785333813987,1170.3132832491344,413.66180419921875,268.87773513793945,82.32834094653951,85.88037301619005,1259.9671856974974,401.3094711303711,294.69849586486816,123.24515756614029,128.56253366130943,1885.7542252901076,379.9152374267578,308.32783699035645,131.99661718630068,137.69157243428242,1917.2653409829986,361.34815216064453,315.9360122680664,128.45966780964207,134.00202241645724,1493.094797104039,403.2334518432617,303.24048042297363,76.11594483524128,79.39994490080913,285.87462985478174,365.46974182128906,328.14159393310547,70.49756630044047,73.53916307565163,1474.3567754030746,345.2409362792969,334.33650970458984,110.75691254184858,115.53548697637521,1606.6053986963495,333.4729766845703,334.31190490722656,177.8811408363862,185.555770369455,1616.758133840474,390.6570816040039,285.8324718475342,48.549073781361386,50.64370929861548,158.7210989035553,350.9501647949219,316.0536575317383,34.30878262693481,35.78902496827722,748.3799836972704,332.39173889160156,323.77169609069824,65.61351754930641,68.4443934768203,1153.1621297040374,324.4394302368164,323.5342025756836,111.28498464239429,116.08634259247172,1659.0147416222048,376.3477325439453,268.64338874816895,39.7553205505769,41.470552169620255,203.46065676753824,337.63648986816406,294.51244354248047,68.0736893488709,71.01070866550735,732.3614807534408,329.27845001220703,301.38805389404297,67.9168842383044,70.84713824453847,-365.4025199269249,331.3009262084961,302.5777530670166,77.26550475044539,80.59910224064058,-1645.1829102862753,364.03491973876953,253.0697250366211,31.497683156081724,32.856641437079325,-29.86422389839305,336.8620300292969,275.1123046875,62.468863664379946,65.16406442440245,379.6726353538851,332.1318817138672,284.4626998901367,53.65848035364459,55.9735597155453,-397.6340974666398,333.73180389404297,288.775691986084,47.41145493375483,49.45700822023299,-1227.9561170201398,2496.5368415562057,2697.9488413420495,3019.5411050942203,3558.723940854919,4337.026411762268,3436.112168513905,3840.2681976349068,4022.98926989793,4607.872768804293,3377.4626896670984,3716.416163110278,3850.640894699911,4266.966862979098,3265.297738840036,3656.9507942964497,3721.788530004515,4005.520232774716,3093.677852094991,3515.850355732333,3597.456954880642,3809.3090883305954
517,20.68,412.7090072631836,234.67835426330566,33.74294270899462,35.198772053406636,-1061.9940331998014,414.632568359375,267.7540683746338,37.123190609120066,38.72485975555617,-1178.887831515847,402.44518280029297,293.7740421295166,36.609900522281805,38.18942391880334,-2259.3277435626524,381.2187194824219,307.5176811218262,38.36842778209915,40.023822320324875,-2441.6937528489384,362.9071044921875,315.1764965057373,43.3531758154003,45.22363584225175,-2219.459664355137,405.2641296386719,301.2748432159424,70.65489163195579,73.70327616234925,-142.41671846149694,367.2970962524414,325.993709564209,70.5010260528258,73.54277209803662,0.09022555962481249,347.20848083496094,332.7854633331299,62.63473689247048,65.33709420416037,-1254.9598193053712,335.03456115722656,333.6187934875488,42.71233359148724,44.5551446689641,-3525.0156425122723,392.5617980957031,283.9236259460449,67.41493523963791,70.32353280387285,491.9955876314344,353.00350189208984,313.6936569213867,78.20564284094982,81.57980231270541,1144.7694336107047,334.77222442626953,321.9957447052002,74.24922013233488,77.4526809093212,225.20718581252268,326.8745422363281,322.4592876434326,66.5451564810603,69.41622769642863,-1166.7528724010772,378.1593322753906,267.0039653778076,61.0819253864207,63.71728710213237,556.1683733128028,340.41622161865234,292.9843997955322,79.30095482267328,82.7223712079124,292.7915635601263,330.7988739013672,300.84792137145996,40.33788498949203,42.07825118000706,-719.2221766132853,331.57798767089844,302.8246021270752,9.276903861214167,9.67715315135224,-1773.0487272322084,365.62217712402344,251.92065238952637,48.98822534130235,51.10180792352111,456.1291621610446,338.9407730102539,273.9883518218994,59.07856223374248,61.6274894351222,-88.41437473200635,333.07666778564453,283.8596534729004,28.021037886359107,29.22999732915745,-668.5890596596962,333.6408996582031,288.7789821624756,2.274093961657283,2.372209077161075,-1177.119978576798,2497.9447924383417,2699.4978357322716,3021.0686820509723,3560.3248937477315,4338.835357195958,3439.060299560399,3843.2099085188283,4025.6027536660968,4609.654974591051,3380.2756309792535,3719.6793552027857,3853.739001936284,4269.743512086955,3267.8464303241212,3660.2596891447665,3723.4716600517154,4005.90731890077,3095.721924411932,3518.3154553097374,3598.626154773808,3809.403976693682
518,20.72,413.4478759765625,232.16105461120605,65.58736784849948,68.4171155548588,830.458587536304,415.5303192138672,264.74867820739746,78.41526738326479,81.79847104427924,1076.8402822180767,404.2376708984375,290.84341049194336,85.88369816623751,89.58912507803154,1284.992528980705,383.44043731689453,304.8735237121582,86.34088886181004,90.06604113177296,1251.055470286202,365.7741928100586,312.4332618713379,99.20159928726385,103.48162312811587,1456.449682146603,406.9157409667969,297.2692108154297,108.31929337388355,112.99269744594864,982.2355320899845,368.8844680786133,321.63628578186035,115.9388074953273,120.94095326439921,1184.9545291590648,349.91573333740234,326.43075942993164,172.68373875617644,180.13412790427546,2869.9258425028775,340.2064895629883,324.7895622253418,255.81263665505625,266.8495976671901,5557.36132495565,394.00115966796875,280.19325256347656,99.96076514403501,104.27354297261995,848.7502542186775,353.67008209228516,309.14196968078613,115.00593979100219,119.96783725718828,959.7008736120717,337.12615966796875,316.1740779876709,156.9888819552636,163.7621211202041,2157.736005272073,331.46175384521484,314.5817756652832,227.89485693872155,237.72731355144995,4207.7771463755325,379.59705352783203,263.56332778930664,93.2236203140314,97.24572600931545,838.210972679577,342.8092956542969,289.69273567199707,101.74065080587403,106.13022127814007,585.1962517556917,332.0774841308594,298.48111152648926,67.25247653995868,70.15406487135083,701.8953422835942,331.5045928955078,300.2192974090576,65.15845813658467,67.9697006595018,1457.3136877037389,366.5866470336914,248.92175674438477,78.75427487247994,82.15210491196504,776.2574247110983,340.8478546142578,271.6910648345947,74.64284856220974,77.86329232209559,405.8950721743347,334.1376495361328,282.6094150543213,40.993737160086035,42.76239989971302,338.3100642638892,333.2210922241211,288.05030822753906,21.02385527749394,21.93092333346075,488.9678564074919,2500.681477060536,2702.769774574043,3024.652247054093,3563.9275353930025,4342.974622121083,3443.580007458237,3848.0475466494045,4032.808118782268,4620.328958497738,3384.446572698158,3724.4780686930735,3860.289486781092,4279.252604629013,3271.736259364494,3664.504897995892,3726.27782264657,4008.6261069271504,3099.008008608411,3521.4299870026216,3600.3366507697965,3810.2812136270204
519,20.76,414.10083770751953,229.67312335968018,64.3047477563551,67.07915719586613,-33.448958974816634,417.18162536621094,262.65841484069824,66.59585643516547,69.46911508515038,-308.23389897822153,405.20313262939453,289.13392066955566,49.08202195553417,51.19965136510236,-959.7368428232295,384.1890335083008,303.1180000305176,47.71176253418148,49.770272503804364,-1007.394215699215,366.89876556396484,310.4640769958496,56.69189179613831,59.13784680305146,-1108.5944081266102,408.9097213745117,292.8570556640625,121.0451128352738,126.26756864723478,331.87178003215365,371.2238311767578,317.66615867614746,115.20234627731274,120.17271764361683,-19.205890519559432,352.9488754272461,323.7045192718506,101.95690369193842,106.35580433140599,-1844.4580893217367,343.09680938720703,324.69569206237793,72.29609383365211,75.41528755060494,-4785.857752914629,394.3994903564453,274.6310806274414,139.41041922906822,145.42524078689155,1028.79244535679,355.52581787109375,304.6332550048828,121.89202011784938,127.15101549556796,179.57945595949207,340.7966995239258,313.43936920166016,114.43200759199055,119.36914292215815,-1109.8244549511492,336.3189697265625,314.0966320037842,122.03460188177309,127.2997489077841,-2760.689116091646,379.2856216430664,258.4754276275635,127.43556674530365,132.93373681273334,892.2002700854474,343.2966995239258,286.7831611633301,73.75290822068476,76.93495576613425,-729.8816378001454,334.6426773071289,296.99904441833496,74.06390376160225,77.25936911824722,177.63260617240988,335.9562301635742,300.3219795227051,111.32053377213491,116.12342547896529,1203.8431204865874,366.2324905395508,245.2939796447754,91.12557786782544,95.05716413848937,322.6264806631082,340.9613037109375,269.1785430908203,62.877043756429195,65.58985532653826,-306.83592488893333,335.557861328125,280.9635829925537,54.34706011860128,56.69184805205242,348.23620380848513,336.2306594848633,287.5770664215088,76.16369256372269,79.4497526910004,1437.970733938491,2503.364643348371,2705.5485391774487,3026.700233108697,3565.9183462931546,4345.340135993204,3448.6307102041264,3852.854455355149,4037.0623509555244,4623.345569999763,3390.2635823296337,3729.564109312896,3865.064252497979,4284.344594585325,3277.053608837003,3667.5822962265374,3729.368197411299,4013.271043946309,3102.81029517395,3524.053581215683,3602.604324691879,3813.4592037346606
520,20.8,415.8393096923828,226.57761096954346,88.75697789344656,92.58637161446794,637.6803604650452,420.2629089355469,259.30858612060547,113.78615054296482,118.69542056060246,1230.657636886302,408.0830764770508,286.0140323638916,106.14783207122174,110.72754908368643,1488.1974429646016,387.37659454345703,301.45299911499023,89.90541349646749,93.78435613399756,1100.35209075483,370.01548767089844,309.4434356689453,81.98957788201476,85.52699411882607,659.7286828943652,411.77276611328125,286.22403144836426,180.6135989866128,188.40611962336465,1553.4637744032466,376.7153549194336,313.24121475219727,176.31109179954402,183.91798202843555,1593.6316096204678,358.2114028930664,322.07762718200684,137.70660205784736,143.64791292465694,932.3027148312736,346.55323028564453,325.07872581481934,86.93949146771865,90.69047027115373,381.8795680137196,396.25782012939453,268.1401062011719,168.79376941165987,176.0763269758496,766.2771547239515,359.33475494384766,300.3622055053711,143.06874538897026,149.2414043535944,552.2597214506608,345.13221740722656,311.2653064727783,121.25196922507595,126.48334979516933,177.85517182527963,340.27099609375,313.75688552856445,99.16507725243252,103.44352536082744,-596.4055886739168,380.43041229248047,252.86773681640625,143.0837645064139,149.25707146644527,408.0833663427981,346.1614227294922,282.86553382873535,121.33229933037835,126.5671457192519,1240.8047488279412,337.87097930908203,295.1835250854492,92.5946956630631,96.58966658915409,483.2574367726718,338.4718322753906,300.30235290527344,62.891966841396815,65.60542226362016,-1262.9500803836283,366.875,241.03219985961914,107.748507367658,112.39728504526751,433.50302266945346,343.0365753173828,266.5361022949219,83.99868153856076,87.62277996205597,550.8231158879429,338.13331604003906,279.2498302459717,77.33819984949952,80.67493374837461,599.5771424080548,338.59153747558594,286.567440032959,64.19253427937886,66.962102301411,-312.19125973973513,2507.0680982129497,2710.296355999873,3031.129335072045,3569.669720538515,4348.761215757958,3456.166954989061,3860.2111746362866,4042.808267472511,4626.973188810609,3397.3066354086677,3735.53376548704,3870.1235864897853,4288.482335599758,3283.023891695661,3672.6449820553075,3733.231784074865,4015.8952608368536,3107.306186575761,3527.5584924141654,3605.831322041814,3816.1376878267165
521,20.84,419.14539337158203,221.70015335083008,147.30873640973536,153.66432854060136,1526.9489231533357,425.38097381591797,254.23833847045898,180.10760560270614,187.87829530364652,1729.5718685761017,413.36315155029297,280.744571685791,186.4913010992768,194.53741346592386,2095.2466095559357,392.40245819091797,296.7836380004883,171.50480791455288,178.9043324380378,2127.999407601006,375.1069641113281,305.205717086792,165.6075766778541,172.75266689312792,2180.6418193575464,415.22899627685547,276.46456718444824,258.8347320954218,270.00208052698264,2039.89902259045,381.1211395263672,306.2925052642822,205.69319013723674,214.56776236201446,766.244508339473,363.6979675292969,318.01774978637695,170.63300526107423,177.99491611534197,858.6750797671257,353.0015182495117,323.0394458770752,169.0766843946856,176.3714482426549,2142.0244492875295,398.3399200439453,258.78464698791504,239.60873985662099,249.946588504536,1846.75653821716,363.8374328613281,294.065523147583,193.523766536965,201.87329255772173,1315.7972051031834,350.60314178466797,307.39251136779785,167.57378126672165,174.80370280101465,1208.008825146133,345.13145446777344,312.50487327575684,125.4780615456218,130.89177562662158,686.2062566448536,381.84417724609375,245.10469436645508,197.2681541452666,205.77923066871747,1413.0539800568051,349.71221923828125,278.25748443603516,145.43528425985824,151.7100468484207,628.5725282292198,341.8660354614258,292.6923179626465,117.70351149467335,122.78179489906077,654.803207747667,341.51893615722656,299.39592361450195,79.4766322806118,82.90562821813315,432.50514886282474,368.57906341552734,235.4729175567627,145.36473920579823,151.63645814874002,980.9793275868127,347.31678009033203,262.809534072876,141.8790497482354,148.0003796441521,1509.4399920524033,343.48419189453125,276.71630859375,148.00887720940838,154.39467670926925,1842.993574022366,344.0781021118164,284.77294921875,144.31430280341064,150.54070097654812,2089.464966878428,2513.214671354574,2717.8114878120186,3038.9108316106813,3576.825893836036,4355.671322433683,3466.967038210141,3868.793885130767,4049.928064117125,4634.028046740315,3407.304498948849,3743.6086971893487,3877.115734601826,4293.718006624822,3291.25506092241,3678.7133839292446,3738.1430558708275,4019.2114859655785,3113.3716449017106,3533.478507599931,3612.007109110185,3822.1593158657784
522,20.88,423.2919692993164,212.74609565734863,246.68963433667574,257.33298609549763,2591.716438872407,431.8122100830078,244.53394889831543,291.0497991013096,303.60705712919224,2893.219045638643,418.3898162841797,272.5787830352783,239.7230988971213,250.06588153222276,1388.2117016574725,396.0803985595703,289.21671867370605,210.33531778655382,219.41017324420383,1012.6460201541505,378.43502044677734,298.3045291900635,191.5436525930118,199.80774717971292,676.377007164625,416.36962890625,263.43257904052734,327.0452546843999,341.1555260625193,1778.8361383884167,382.8745651245117,297.22506523132324,230.88548308568434,240.84696938442627,656.9801755602953,365.498046875,310.84336280822754,184.91909407066862,192.897374027218,372.561447796901,355.7609176635742,316.6700077056885,173.53678958913628,181.0239833646683,116.3133780503351,398.2767105102539,246.3442611694336,311.0136600274011,324.43225296654566,1862.1416115502414,363.46458435058594,284.1965675354004,246.89990493010706,257.5523287518733,1391.9759048537892,353.1163024902344,299.3807315826416,209.91753151214132,218.97436170379046,1104.2664725693953,351.62914276123047,305.1833152770996,244.72582195008323,255.2844456007499,3109.8167493532083,382.3706817626953,233.90697956085205,280.252145256757,292.34354168349626,2164.1077753694694,350.37914276123047,269.3082046508789,224.35239532160853,234.03201346917626,2058.0491655188894,344.15122985839844,286.0796070098877,174.910797938355,182.4572729002231,1491.8869500290584,346.01783752441406,293.28309059143066,189.74792666790924,197.934545187427,2875.7229242323465,370.83290100097656,226.22058391571045,238.0722863792249,248.3438451934995,2417.684676118987,350.55042266845703,254.79429244995117,216.0736891041589,225.39612490550772,1934.8936315338904,347.81551361083984,269.945011138916,200.952135208872,209.62215601240268,1380.6869825783358,350.00938415527344,278.56518745422363,214.6456568454032,223.90648061471933,1834.1444909542802,2523.5079907983936,2729.9557700971864,3048.9134668719703,3585.602300765804,4363.663632320871,3480.6132592526415,3878.427763906144,4057.643959078214,4641.269006074902,3420.281789067511,3753.910790339424,3885.8747090699776,4303.929384448852,3302.94880258975,3688.0746644680116,3745.4413467868367,4027.1288677730754,3123.3053987094504,3542.4943525961517,3620.3919953506806,3831.115575090367
523,20.92,425.79498291015625,204.27935600280762,220.72431548459215,230.24740119406908,-677.1396225357137,434.27974700927734,236.17848873138428,217.80503478408858,227.2021689858674,-1910.1222035831213,420.27130126953125,262.41042137145996,258.52413412038806,269.6780818936166,490.3050090348458,397.8114700317383,277.273006439209,301.7126845011541,314.72998958524863,2382.99540852612,379.87117767333984,284.51050758361816,346.71456168807634,361.6734595350594,4046.6428088836624,415.7347869873047,250.77936172485352,316.72832670495995,330.3934772580765,-269.0512201110707,382.44693756103516,284.92581367492676,307.66708283931496,320.9412886894088,2002.357982624563,366.168212890625,300.36237716674805,262.55973428131307,273.88779683721657,2024.760570249964,357.5527572631836,308.2562255859375,215.06164626300978,224.34041777346812,1082.9108602199951,397.1182632446289,233.85300636291504,313.62143452398044,327.15253912722227,68.0071540169152,360.48362731933594,271.492280960083,326.2332392341677,340.3084764443795,2068.903692312655,351.0490036010742,288.4648132324219,277.7487602647699,289.7321488819021,1768.944679452791,350.9450149536133,296.2873077392578,223.05686070273256,232.68058338999245,-565.0965552689364,381.19007110595703,222.510666847229,286.4325673145975,298.7906162342819,161.17686376964144,348.4282684326172,258.28657150268555,279.82394900566163,291.8968710310161,1446.6214390459954,343.75438690185547,276.43406867980957,241.34246156805386,251.75511112957966,1732.445955733914,346.77303314208984,285.0044059753418,207.82645914564029,216.7930706347093,471.46313618205727,370.3601837158203,216.76784992218018,236.61366399698935,246.82229097734574,-38.038855403843996,350.26233673095703,247.10758209228516,192.30267423718277,200.59951658960654,-619.9152078975295,348.6783981323242,263.6161422729492,159.68553241453412,166.57511777085713,-1076.1759560386388,351.91383361816406,272.88851737976074,149.69032803384232,156.14867323525945,-1693.9451844864968,2532.7178868461565,2739.043856856621,3059.700590147715,3598.191500349214,4378.130570702273,3493.828998342965,3891.2654154537204,4068.599470951702,4650.2426227858405,3433.3678906325995,3767.5231293971988,3897.4639950252536,4313.236607784452,3314.900427239121,3699.750539309252,3755.5115512320194,4035.8005905984637,3133.178290348544,3550.5183332597358,3627.055000061515,3837.361522019778
524,20.96,426.4860534667969,192.70297050476074,289.9248606467346,302.4335835356713,1804.6545585400552,435.21026611328125,223.36918830871582,321.07635688521447,334.9291019223508,2693.1733234120857,420.33233642578125,248.79721641540527,340.3335445429329,355.0171352808943,2133.4763346819427,396.70562744140625,263.92916679382324,334.73958564490897,349.18182667056425,861.2959271328905,377.0826721191406,270.794734954834,349.909079289093,365.00580365894064,83.3086030970307,416.2925338745117,234.58989143371582,404.97687426091005,422.4494824575902,2301.400129987843,381.18316650390625,268.3853244781494,414.7174491095901,432.61031154486614,2791.7255713864333,364.45308685302734,286.41454696655273,351.3221675135995,366.479859159515,2314.8015580574606,355.5329895019531,296.84669494628906,289.67314686813654,302.1710096400871,1945.7647966654747,398.18065643310547,218.4692144393921,385.5108082411336,402.14355874145764,1874.7754903558844,358.40625762939453,256.0736846923828,388.9477597433761,405.72879650596946,1635.508001539749,349.4087219238281,275.7682228088379,320.05266399156267,333.8612420997178,1103.2273304453925,350.7296371459961,285.37150382995605,272.9482123342512,284.72448272204645,1301.09748330135,382.5312805175781,208.9896011352539,339.68557214114355,354.34120630030185,1388.7647516504985,346.6692352294922,244.93268966674805,336.73093663364756,351.25909391235257,1484.0555720334123,341.9763946533203,265.1477336883545,285.6381167395145,297.9618893226663,1155.1694548271662,345.79193115234375,275.0880718231201,249.11875196982086,259.8669072948835,1076.8459165043553,372.34161376953125,205.88257312774658,276.6036378434666,288.5376204903414,1042.8832378248912,346.80004119873047,236.25134468078613,284.87429364470023,297.1651113049528,2414.1398678836567,343.0680465698242,254.35169219970703,270.7698282379835,282.4521128842832,2896.9248778356523,346.50508880615234,264.37411308288574,252.17751804545733,263.05764293372636,2672.7242424616725,2544.8152301875834,2752.4410209335147,3073.9012755589506,3612.1587734160366,4392.730802848631,3510.7269776412686,3908.569827915515,4083.258665318083,4662.329463171443,3449.453632982258,3783.7522812574375,3910.818444709242,4324.625587093333,3329.074075491133,3713.800903065746,3767.4300268049265,4046.195266890259,3144.719795168158,3562.4049377119345,3638.3530845768864,3847.883827737127
525,21.0,427.83756256103516,182.73465156555176,251.48802072067133,262.3383974495408,-1002.3796521532618,433.7089538574219,212.7782106399536,267.4214212504924,278.95923986158397,-1399.2465515191711,415.44376373291016,235.31773567199707,358.46421028238433,373.9300432641493,472.8226995813742,388.6982727050781,249.55304145812988,411.3929915094575,429.14242119880294,1999.0148632059672,369.0373992919922,260.01577377319336,336.2592182923842,350.7670234219175,-355.96950592557874,411.0397720336914,218.83712768554688,415.13632750429383,433.0472623247796,264.9444966797347,374.4224166870117,250.35255432128906,481.4616661900462,502.23418825173735,1740.5969176717804,357.45471954345703,267.5549125671387,502.9059024057238,524.6036297353884,3953.0942643968347,349.5383071899414,277.7091693878174,501.36133459505965,522.9924220005602,5520.535309011827,395.15708923339844,203.1786060333252,389.667056632027,406.47912724744333,108.38921264964227,353.6809539794922,238.13199520111084,463.83773859036603,483.849881476338,1953.0271242592135,342.3954772949219,257.47570037841797,489.7716158401653,510.9026682367939,4426.035653426902,341.34010314941406,268.681583404541,478.74627445003154,499.40164173329157,5366.928975281128,381.44142150878906,193.6710262298584,383.9323913393246,400.4970415063972,1153.8958801523834,344.4475555419922,226.17565155029297,472.20383544609126,492.576931121682,3532.9459302332352,338.3259582519531,246.24770164489746,481.2333744947256,501.99604697832876,5100.853941391561,340.4496765136719,258.3201313018799,439.9598802364409,458.94181994265006,4976.8728161941635,373.0077362060547,189.9305820465088,399.1473244275931,416.3684184103161,3195.769947999368,346.38370513916016,216.62967681884766,490.65210778534816,511.82114874813027,5366.400936079437,341.7268753051758,233.85834217071533,513.4297272825493,535.581501943037,6328.234726468844,344.3003845214844,244.8164176940918,492.0392323685209,513.2681204136976,6255.261936999281,2555.308766085565,2763.599390527978,3088.8584772895165,3629.324470263989,4406.761483785508,3528.04886813426,3928.6591954455844,4104.242810507498,4683.249160051466,3465.7127980721557,3803.106276516491,3931.2545514387143,4344.601652762664,3345.0939571513895,3733.5039803106133,3787.5098686840593,4064.552939687965,3161.3745319045706,3582.8777836618597,3659.776344654608,3868.414552553675
526,21.04,427.4224853515625,171.7485809326172,274.8477272073245,286.70595160595445,609.1888539103409,432.50736236572266,201.3700532913208,286.7815765134774,299.1546833324558,504.8860867717963,414.39476013183594,220.56448459625244,369.7624455807968,385.71573760338566,294.64235848090965,388.58802795410156,230.31187534332275,481.03704857495126,501.7912506344559,1816.2207358913236,371.67797088623047,237.27654933929443,572.3007001347304,596.9924456137514,6155.635554795849,401.27330780029297,205.62553882598877,410.73859069383377,428.45978645235084,-114.68689681071851,365.72906494140625,233.27154636383057,479.1497661324055,499.8225419456948,-60.29115765106354,348.4892272949219,249.7972583770752,497.3142452165073,518.7707221404156,-145.82268987431917,339.21051025390625,261.8814468383789,472.48028441273374,492.8653073977278,-753.177865070809,384.36973571777344,190.62443733215332,413.8041109998112,431.6575677308173,629.4610120843487,342.8734588623047,219.1555881500244,545.9544253395575,569.5094685370512,2141.4896765178314,331.5052032470703,239.02360439300537,535.6525897749567,558.7631633052495,1196.5123767113894,330.09796142578125,253.05604934692383,481.23737978257697,502.00022507314713,64.96458349638914,372.69397735595703,181.70660018920898,370.5277230595279,386.5140327539826,-349.57521881036513,334.9631881713867,208.86795043945312,493.4000292376692,514.6876284637578,552.7674335518966,327.7891159057617,228.75779628753662,510.46659785308907,532.4905291653572,762.362054675711,329.2584228515625,241.82172775268555,498.39835862098346,519.9016092990519,1523.9947339100454,367.09300994873047,179.21894073486328,305.90362686681163,319.10174892734125,-2431.6667370743717,339.52281951904297,201.46881580352783,416.02543358112075,433.97472862193774,-1946.1605031548131,332.89794921875,218.30849647521973,447.0372167066273,466.32450601445345,-1731.4248982145884,334.0968322753906,230.2494764328003,444.62642756917415,463.8097040883185,-1236.460408134478,2566.777004149803,2775.5655778612763,3104.287106793652,3649.3961202893674,4430.641181610058,3545.187259592354,3948.6520971234127,4124.993639393115,4702.963772347375,3482.9791007813883,3825.8866552579734,3953.6050779709244,4364.68166176559,3360.554518461549,3754.0914854491634,3808.809489850674,4085.3490040599268,3174.138601861664,3600.236772806737,3678.429324895186,3886.9669407172078
527,21.08,422.6715850830078,165.76483726501465,191.010866250664,199.25197392723751,-2186.3494419679237,421.4139938354492,200.5114459991455,278.16365667381586,290.1649458745572,-224.74343644746568,393.8923645019531,218.6700439453125,514.7433413509176,536.951791504247,3780.901347521534,364.1642761230469,226.88993453979492,616.5576475317393,643.1588459968359,3534.189884059501,344.8033905029297,236.04037284851074,672.5749043298363,701.592950873165,2615.0126314853396,379.8655700683594,200.67277908325195,549.3297415194537,573.030411741352,3614.2656322250305,343.8496780395508,226.53903007507324,572.2949123809917,596.986408149079,2429.096655084605,328.92467498779297,239.29804801940918,555.0929680653189,579.0422910024331,1506.789221550437,320.32859802246094,248.4107494354248,579.8632910210165,604.8813222607962,2800.40037157671,367.7640914916992,182.49197959899902,462.2528318899823,482.1965944422509,1263.4756677858404,327.4158477783203,206.3258171081543,502.2081026642029,523.8757236291384,-1140.843622697821,316.1361312866211,222.30989456176758,567.6467152024891,592.1376658696515,834.3625641100516,312.8875160217285,234.24367904663086,637.4287741197173,664.9304512063662,4073.2556533304773,360.92166900634766,171.6269302368164,387.4491823351228,404.1655634159453,441.28826654906845,325.8021926879883,194.49451446533203,426.1158146186646,444.5004561832701,-1754.6793070121935,316.7919731140137,211.333966255188,515.1013265479122,537.3252218673359,120.86731754946811,314.7293472290039,222.8871202468872,596.6643737503633,622.4072827658077,2562.6418366688968,358.7375259399414,168.07425498962402,348.225980310621,363.25008786979095,1103.7084735612425,333.6904525756836,186.2770700454712,406.82124709402706,424.37343021443706,-240.03246018751696,326.61319732666016,200.7839584350586,465.4349712004497,485.5160262178758,479.7880050855582,325.5701446533203,211.82639122009277,507.51506785454745,529.4116562726333,1640.0488046078706,2574.7470831068927,2787.1721756962584,3125.765178453822,3675.122474129241,4458.704899644985,3568.108476062008,3972.5315534493757,4148.155331033212,4727.159025237807,3502.266964559078,3846.8416842031393,3977.2905846057106,4391.278879813845,3376.7211409981865,3771.8715036964945,3830.302498725367,4110.24529537056,3188.6686053764556,3617.2117100153146,3697.8499659439008,3908.1434069681127
528,21.12,415.2302932739258,162.78212070465088,200.420529555014,209.06761438887494,245.39101154093572,408.62586975097656,200.04727363586426,319.91363442215123,333.71621414040203,1088.781706646121,379.17259216308594,218.27178955078125,368.1289721949047,384.01178848842017,-3823.500075395671,349.71771240234375,223.65737915039062,370.09510406271124,386.062748537717,-6427.402436477972,330.9197235107422,227.42370128631592,408.5058429513996,426.13070746488745,-6886.556085206939,363.4044647216797,195.38311958312988,432.2531715193931,450.9026075433991,-3053.1951049488243,326.35414123535156,221.22459411621094,457.12213741784734,476.8445376652878,-3003.5467620947798,314.54627990722656,233.6116361618042,386.5500654080649,403.2276543533656,-4395.365916226688,309.3558120727539,241.9624900817871,318.18045213159314,331.9082542093882,-6824.3267012852,353.2450866699219,176.0945177078247,396.64926230851404,413.7625781354169,-1710.85040767085,314.665470123291,200.69173336029053,348.4923152163949,363.52791371678506,-4008.6952478088333,305.6395149230957,216.06544017791748,305.3401439737061,318.513954730449,-6840.592778480064,304.2661666870117,227.00253009796143,281.47147107659754,293.61547495741195,-9282.874406223857,348.52699279785156,164.880952835083,352.7890742162348,368.010055120637,-903.8877073827081,314.29155349731445,187.9118013381958,331.49936528224293,345.8018079528166,-2467.4662057613377,306.7921447753906,203.70785236358643,314.39841353130953,327.96304066542893,-5234.054530047675,307.00389862060547,214.6316957473755,282.65989929169257,294.85517755850776,-8188.802630182499,348.1947326660156,161.61715507507324,309.0758698556335,322.4108574074323,-1020.9807615589668,326.3119888305664,179.3543529510498,252.93988812487993,263.8529052461263,-4013.0131242077696,320.0992202758789,193.48194122314453,244.63154996493452,255.1861062785133,-5758.247998484062,320.1076126098633,204.31942462921143,232.10154529106916,242.11549823619987,-7182.403950910836,2583.109787682448,2800.520824261874,3141.1256499933593,3690.5649840707497,4475.75012794358,3586.1445803637434,3991.605334955987,4164.284437207347,4740.435355406183,3518.817467684495,3861.3828007518105,3990.031142794928,4403.023498812141,3391.441543203012,3785.7035760146073,3843.421020351984,4122.0395024729,3201.5650396727533,3627.76582622516,3708.0574101950415,3917.828026897561
529,21.16,410.5741882324219,161.45550727844238,121.03516364086806,126.25719019776099,-2070.260604777849,402.1673583984375,197.71974563598633,171.62778672371883,179.0326171317755,-3867.0899252156632,373.24291229248047,215.21827697753906,166.74277046324192,173.93683828069513,-5251.873755193126,345.3481674194336,220.90800762176514,129.0638581286696,134.63228034919695,-6285.7617047130025,327.93861389160156,223.74764442443848,118.32267484797923,123.42767187324142,-7567.575889791151,353.45184326171875,192.6912546157837,257.75571153674355,268.8765059434793,-4550.652539997995,316.21944427490234,219.07540798187256,259.001789955411,270.17634604923427,-5166.704790401339,305.9082221984863,232.17893600463867,218.90161991158942,228.3460659563521,-4372.039709925338,302.2479820251465,239.76741313934326,185.97649510240458,194.00039631564425,-3447.6964473435983,344.3629837036133,173.42175006866455,231.88822732764174,241.89297673194537,-4296.740035086788,306.1152648925781,198.44213962554932,221.02980774476012,230.5660738280023,-3324.0459972195695,299.75486755371094,214.16945457458496,154.56357120544934,161.23217105101136,-3932.0445919859403,300.9803771972656,224.03367519378662,110.709394398603,115.4859186768073,-4453.238907015116,341.5266418457031,162.07408905029297,188.5527077497354,196.68775890036417,-4283.05740550682,307.7766799926758,184.37777996063232,185.29180344546853,193.2861638384354,-3812.89110285953,303.66865158081055,200.02824783325195,120.66404610592905,125.87006090586733,-5052.32449398904,306.903076171875,209.60350513458252,125.73003321787158,131.1546185426033,-4092.513975397612,342.94429779052734,158.62179279327393,151.11928562597836,157.63928278266488,-4119.2893656191845,319.7774124145508,175.03714084625244,195.79806130066203,204.24571110046753,-1490.1798536414688,314.5269584655762,188.4294033050537,188.04627272347062,196.15947388375824,-1475.6658098688767,316.4007568359375,197.54177570343018,193.12771792558453,201.46015654542208,-1016.3835422694447,2588.1600752903582,2807.682128947145,3148.0831235245873,3695.950275284717,4480.68723481851,3596.899640601483,4002.4123887979567,4173.418279845601,4748.195371258809,3528.493186753773,3870.60544370493,3996.480429636969,4407.642935559214,3399.309053559027,3793.4350225681446,3848.455822788219,4127.285687214604,3207.8706109840596,3635.9356546691783,3715.9037891503917,3925.8864331593777
530,21.2,408.5265350341797,162.29156970977783,55.29400967420658,57.679653467877664,-1714.438418247083,397.47962951660156,197.94134616851807,117.32409403447667,122.386007584074,-1416.165238692538,366.6609573364258,214.5013189315796,165.52220372807784,172.66361055252904,-31.830693204152283,337.6602554321289,221.33305549621582,192.4913251618728,200.7963068029882,1654.1006613447812,317.33909606933594,227.4314546585083,280.53546556670443,292.6390857649342,4230.285347292319,347.16392517089844,194.55675601959229,163.97028961918144,171.04473956559082,-2445.7941594472118,308.5438537597656,218.31290245056152,192.83429486436128,201.15407383247432,-1725.5568054189987,298.15380096435547,229.35768127441406,206.29246067348518,215.19288824939326,-328.8294426739711,292.8551483154297,235.2755641937256,260.29074134590206,271.5209088685797,1938.0128138233858,339.10606384277344,175.02489566802979,137.39833113082312,143.32634173910273,-2464.1658748210657,301.03160858154297,200.8856964111328,141.0109287721583,147.0948038437471,-2086.78174960638,299.26700592041016,215.37720680236816,32.56411384640111,33.96908296605431,-3181.5772021239263,303.42010498046875,222.1842098236084,76.53754720569222,79.83973718160279,-891.1545373801129,337.3834228515625,162.86441802978516,105.44810195432875,109.99762931658637,-2167.253239594445,303.5282897949219,184.62811946868896,106.3939881456699,110.98432548960885,-2057.545958720664,302.4386215209961,199.66046333312988,32.09594392771059,33.480713993840844,-2309.7336728006626,307.17105865478516,207.16883182525635,61.23443033892343,63.87637183598187,-1681.9561676655353,339.09679412841797,158.13676357269287,96.94888400196555,101.13171510402101,-1412.6891919660966,315.4574966430664,173.15423011779785,117.8108258078625,122.89373925674732,-2033.799296093005,311.6628646850586,185.83186626434326,96.6638242229942,100.8343565046795,-2383.127934476968,314.5758056640625,193.26421737670898,116.26465503924047,121.28085940481134,-2004.4824285152686,2590.4672614290735,2812.577569250508,3154.9896679466883,3703.982127556837,4492.392798249108,3603.741430184107,4010.458551751255,4182.025995375577,4759.056207613552,3534.226240423337,3876.4892358586803,3997.839192955611,4410.836525046478,3403.70895873169,3797.874395587729,3849.7950513479723,4129.840742088043,3211.915879588221,3640.851404239448,3719.937163410579,3930.7376675355704
531,21.24,409.49981689453125,162.71379947662354,26.52305077310083,27.667380002232267,-750.306836641135,397.6460266113281,197.6685333251953,7.988853195831915,8.33352991863569,-2851.3119416359577,367.6457977294922,214.88812923431396,26.451994373258657,27.593257894905996,-3626.7588164405756,338.8739776611328,222.87972450256348,49.15095792794033,51.2715615597742,-3738.11863108035,318.53153228759766,231.04737281799316,95.18655456101295,99.29335047737679,-4833.643382188934,344.7591018676758,196.37962818145752,75.44053137333555,78.69539092362785,-2308.7337160490742,307.9791069030762,218.48589420318604,14.766202089076552,15.403285537671726,-4643.769707370065,296.51771545410156,228.95187377929688,42.1415436353789,43.959728147983675,-4280.82900253524,288.7363052368164,235.13360023498535,103.03222211953202,107.47751705646732,-4101.084795302809,336.53656005859375,176.98564052581787,80.80404574592845,84.29031254721653,-1475.900729797155,299.9997901916504,201.47944450378418,29.76140524286077,31.04545232367287,-2901.233788001856,296.81013107299805,216.16480350494385,64.50069079937423,67.28355414387869,832.8617794456095,299.77474212646484,223.34269523620605,95.62543721649416,99.7511685960188,497.7857853604004,335.06900787353516,164.40975666046143,69.57275047557107,72.57444634386866,-935.5795743179428,302.12059020996094,186.06818675994873,50.345133359984715,52.51725933980522,-1461.6766537450908,299.7944450378418,201.24585628509521,77.07601802039163,80.40144016131843,1173.0181541869397,304.295597076416,209.19357776641846,87.91997574118746,91.71325725038714,695.9221353601318,336.9651412963867,158.70789527893066,55.17095715918465,57.55129188826651,-1089.5105803938625,314.31934356689453,173.01446914672852,28.667550839687912,29.904403893814575,-2324.7333840733186,309.5974922180176,185.94569206237793,51.71266612197949,53.94379390082881,-1172.2640650962674,311.53432846069336,194.05935287475586,78.59239800574075,81.98324391539423,-982.4403872354278,2591.5739566291627,2812.910910447253,3156.0933982624842,3706.032990019228,4496.364532268202,3606.889245821052,4011.074683172762,4183.784384501496,4763.355308295811,3537.5978529252257,3877.731053951627,4000.5305351213665,4414.826571790319,3406.611936585445,3799.975085961321,3853.0111089544253,4133.509272378058,3214.2179312637513,3642.047580395201,3722.0949151666123,3934.0169972921863
532,21.28,412.00313568115234,163.3632230758667,64.65464000510738,67.4441454428397,994.4191360151858,398.6312484741211,199.34258937835693,48.561338712320264,50.65650339641529,1058.07433694449,367.47833251953125,217.5725269317627,67.24040635387747,70.1414739206392,1063.70540064333,337.1516799926758,226.9595718383789,110.71208025305093,115.48872041165588,1605.428971297042,315.04573822021484,235.0668239593506,133.0102152044174,138.74890184094275,986.388784089149,351.0927963256836,201.57631874084473,204.8189417775841,213.65579481387067,3374.0100972560704,309.7410774230957,222.29337215423584,104.88514093148609,109.41037950589605,2350.177349205608,297.1733093261719,231.24130725860596,59.536275608223896,62.10495071860037,453.6305642654174,290.03108978271484,236.2211036682129,42.27241075437906,44.09624149036459,-1584.5318891525683,342.5126266479492,181.17105960845947,182.3991241374105,190.26868073193683,2649.4592046180073,301.7254638671875,204.57063674926758,88.50642325905805,92.3250068740295,1531.9888637589156,295.44273376464844,217.98338413238525,56.88261431111298,59.336797984871666,-198.66890397517557,295.0287055969238,224.5612335205078,122.49923032933413,127.78442361313724,700.8313754279609,339.1707992553711,166.65022373199463,116.84494329753892,121.88618402943784,1232.7934421392297,300.66516876220703,187.48083114624023,50.70635902369012,52.8940699785886,9.420265969584385,297.4968719482422,201.67641162872314,58.43917781537302,60.9605189639698,-486.0230299337159,301.3975524902344,208.63045692443848,73.8061968357373,76.990543502819,-368.06784368920376,339.33971405029297,158.78698825836182,59.39724037670652,61.9599168528887,110.21562411555479,312.9815864562988,173.6649513244629,37.1880453783489,38.79251266473927,222.2027192731174,307.31822967529297,186.49390697479248,58.60661934063606,61.135184704620734,179.78477009479815,308.27659606933594,194.10078048706055,81.44989480027205,84.96402656916189,74.51956634419155,2594.271722446876,2814.93717058311,3158.8990572193097,3710.652538835694,4501.91448834184,3615.4354776136065,4015.4510983529976,4186.26858253024,4765.119157955425,3545.2086001545035,3881.4240542265884,4002.904007040761,4419.937948734844,3411.4873839466227,3802.0908487604647,3855.4495297129843,4136.588894118171,3216.696327937867,3643.5992809017903,3724.540322554797,3937.4155583549523
533,21.32,413.95225524902344,166.0124158859253,82.2241206806287,85.77165619754216,458.1877688675615,400.3376770019531,201.94878101348877,77.87864421501469,81.23869542717584,764.5548007690138,370.6775665283203,220.8204174041748,113.97338166151421,118.89072971072491,1218.7313947521427,341.1549377441406,230.90875625610352,140.58389441420337,146.6493452139453,779.0156200572359,319.12559509277344,238.82803916931152,138.72628616317883,144.7115910009759,149.0672290008284,356.48380279541016,207.75213718414307,204.9446330738158,213.78690902413123,3.277855256514073,313.902587890625,225.69836139678955,134.42498166557064,140.2247079851906,770.358211982364,296.806640625,232.8929615020752,42.29662868058319,44.121504291875915,-449.5861606681114,286.29045486450195,237.03741073608398,95.7167266613112,99.84639669709786,1393.7538801683318,347.46620178222656,185.4155731201172,163.08318728791394,170.1193634650053,-503.73293167328796,302.2078323364258,206.75346851348877,55.887352387460396,58.29859577808121,-850.6602773987073,285.4551315307617,217.01635837554932,250.8577001966492,261.680881931793,5058.602098673034,276.5956497192383,222.2914981842041,464.30677324287944,484.33915249106093,8913.868221948092,342.85144805908203,167.61783599853516,95.14281736755818,99.247726255567,-565.961444346771,299.1550636291504,184.80055332183838,76.91028348368133,80.22855505673958,683.3621269537746,288.69945526123047,197.03204154968262,248.70252536413756,259.43272271464815,4961.805093766959,287.5323295593262,204.78917598724365,359.687230592635,375.20583042617784,7455.382173083972,342.8801727294922,156.72855377197266,102.38408138558846,106.80141248107931,1121.0373907047651,316.3761520385742,170.5964183807373,114.39779805326748,119.3334574229428,2013.523618955088,307.95732498168945,181.1147975921631,135.4235498375135,141.26635908738194,2003.27935956903,306.21585845947266,188.30556392669678,153.76763004250014,160.40188924055434,1885.9465667848112,2597.7025886947777,2818.186718400197,3163.6546864077386,3716.5185126442516,4507.702951981879,3623.986953974572,4021.0600866724058,4188.033442701915,4769.113013823309,3552.0133746931037,3883.7559980577116,4013.3712423180327,4439.311514834486,3415.4572929968454,3805.2999909627342,3865.82683862157,4151.597127335218,3220.9683844371098,3648.372619198708,3730.1909769182926,3943.831633924575
534,21.36,418.74271392822266,173.64445209503174,225.27271119443623,234.9920360998095,3730.509497556683,405.0962448120117,209.46710586547852,222.44265578876235,232.03987878555506,3770.02958395948,374.6293640136719,228.73319149017334,221.11747033715034,230.65751859717267,2794.169722161194,344.9776840209961,239.7733497619629,241.3431259655749,251.75580419233643,2627.6614744597778,323.18336486816406,250.4391860961914,307.4941346063224,320.76087865574203,4401.232191369154,363.00132751464844,217.74255752563477,298.20989573785647,311.0760740304063,2432.2291251568763,321.0049819946289,234.55724716186523,283.8616069135297,296.10873250244606,3897.1006129313864,303.1876564025879,241.16403579711914,261.16090867026105,272.42861930636167,5707.677875362144,293.09776306152344,243.73889923095703,238.81137030111196,249.11481667394202,3731.7104994211036,355.45047760009766,193.8360357284546,290.10003756705356,302.61631841272407,3312.423873692969,307.4232482910156,213.85040760040283,220.18047708465053,229.68009904622375,4284.537581703563,288.2683753967285,223.96609783172607,187.43868923954145,195.52567638901465,-1653.880138569459,277.7756881713867,228.51642608642578,158.39471687923907,165.22861037872812,-7977.763552808321,351.50367736816406,173.4189748764038,260.4254743410978,271.66145487924825,4310.343215592032,304.84519958496094,186.5416145324707,148.7635316004407,155.18189044217135,1873.8333846357943,293.71387481689453,198.9596128463745,134.30360797475026,140.0980976621577,-2983.365626312261,292.04280853271484,206.62084579467773,121.70516333758947,126.95609683445045,-6206.2433397931845,352.0478820800781,158.43950271606445,233.14995312313175,243.2091393159964,3410.1931708729267,319.69417572021484,169.05102252960205,91.50658954630694,95.45461445384024,-596.9710742275641,311.69219970703125,179.35479640960693,103.21970916628524,107.67309317674074,-839.8316477660302,311.7272186279297,186.48350715637207,145.11844683899773,151.37953957017177,-225.55874175956419,2607.10227013877,2827.468313551619,3172.8809871516255,3726.5887448119447,4520.533387128109,3636.429996935788,4032.904435972503,4198.930587474169,4779.0776064902675,3564.1180274296125,3892.9432020195604,4021.1922693735937,4445.920659249636,3426.3237511920147,3811.507266580421,3871.4307625280567,4156.675371208596,3230.69675000975,3652.1908037768617,3734.4979006453623,3949.8868155073815
535,21.4,423.5126495361328,181.26126766204834,224.67777633418103,234.3714329498902,-15.515078747982614,410.5248260498047,217.35983848571777,239.48476265451984,249.81726234249342,444.43458892345905,379.64195251464844,237.68450260162354,256.48101062029696,267.546808430692,922.2322458379836,348.9910125732422,249.36020851135254,259.82526189371794,271.0353464422592,481.98855624806924,326.2146759033203,260.24242401123047,256.5301154478742,267.59803187162066,-1329.0711696030344,371.3408660888672,227.55662441253662,321.9703135495045,335.8616280841423,619.6388513434001,329.4835662841797,245.76679229736328,351.37257087366083,366.5324371577301,1760.592616382101,311.27920150756836,253.5321807861328,369.4963740140062,385.43818645705784,2825.239178767404,301.4410400390625,257.26189613342285,397.24183121559713,414.3807132538099,4131.647414496698,363.8631057739258,203.91441822052002,328.2016400471836,342.3618033318599,993.6371229783958,313.27714920043945,224.206280708313,297.39731808273956,310.2284379512173,2013.708472624839,296.82531356811523,236.34575843811035,376.2289758230666,392.46126439211594,4923.389700077532,290.6623649597168,242.69245147705078,478.94815385026925,499.61223116090997,8359.590519554547,358.3645248413086,183.1166410446167,296.9805940207358,309.7937344520548,953.3069893201641,309.8736763000488,197.89976119995117,310.5369078247572,323.93493143026035,4218.826024702225,300.72229385375977,211.4467477798462,357.98609980261784,373.4313048482743,5833.330179652915,301.219482421875,219.14833545684814,388.2245974495468,404.97443358754714,6950.458418827418,356.7885208129883,166.56792640686035,235.24578542061602,245.39539568188388,54.65640914718719,320.2735900878906,178.2372808456421,230.1128294697026,240.0409798553052,3614.6591350366243,315.62007904052734,189.0441083908081,261.3797557285595,272.6569084566601,4124.595381997985,319.7180938720703,195.5539083480835,302.2067431267248,315.24536422499057,4096.64561637047,2616.4771274567656,2837.4610040453185,3183.582859488853,3737.4301586696356,4531.237308402973,3649.8644620591535,4047.5657334588122,4214.348114932452,4795.65283502042,3577.8124995628873,3905.3523395376087,4036.8907199492783,4465.905148496072,3438.7155005700974,3824.4646638376316,3886.3680147219875,4172.874348552098,3240.5125658370252,3661.792442971074,3745.4041769836285,3962.4966300763813
536,21.44,424.0191650390625,190.17130851745605,223.11065920264593,232.73670301037046,-40.86824848799324,414.34925079345703,226.6346311569214,250.80869666151,261.6297641535349,295.31254527603676,386.71703338623047,246.30088806152344,278.72350516798053,290.7489488674347,580.0535109185673,359.3555450439453,253.93072128295898,283.18845352043957,295.40653610408503,609.279741545646,339.42054748535156,256.3392734527588,344.2651853252068,359.11840554901016,2288.0093419347377,376.2260437011719,242.09856033325195,383.51406478931267,400.0606663803524,1604.975957405253,334.07161712646484,265.1202392578125,497.2462416790565,518.6997846103312,3804.183686315028,315.6997871398926,273.72164726257324,516.6938974963945,538.9865038212528,3838.7079341048734,305.89738845825195,277.6969242095947,522.8822846176429,545.4418870857656,3276.5293457988932,367.13619232177734,219.07233238220215,387.6817777529098,404.4081940946611,1551.1597690700298,320.12027740478516,245.27183532714844,553.7293986124062,577.6198907462968,6684.786319876988,308.0180549621582,258.121919631958,612.1063307620456,638.5154784735821,6151.355352036654,305.63207626342773,264.0629196166992,652.2984195443926,680.4416431119439,4520.735298775849,360.76927185058594,197.61960983276367,367.5245840829848,383.38132422907194,1839.6897444254278,315.34738540649414,218.64412307739258,536.3592785415776,559.5003419509744,5889.135263017852,310.34168243408203,231.21853351593018,549.6909062446189,573.4071588124197,4999.396349103634,314.03587341308594,236.2712001800537,534.7034074891369,557.773028828721,3819.964881029345,358.83724212646484,180.2411985397339,345.6476076149569,360.56047204208727,2879.1269090050846,322.8409194946289,194.8181390762329,419.4609933784476,437.55851463683445,4937.938369538231,320.26161193847656,205.55979251861572,428.88784216583167,447.3920820441197,4368.37933968649,326.14025115966797,209.8648738861084,392.14780285721037,409.06690453929474,2345.538507857604,2625.7865955771804,2847.9261946114602,3195.2128174435506,3749.2464201137986,4545.602044624934,3665.8668887143676,4068.313724843226,4235.907575085303,4817.47051050385,3593.988827326674,3928.457135167461,4062.4313390882216,4493.12281422055,3454.0507535392603,3846.844677515671,3909.304301074484,4195.185269705247,3254.9349847187086,3679.2947835565474,3763.299860265393,3978.8593062579534
537,21.48,418.4712600708008,199.59617614746094,273.41289675596056,285.2092158165361,1311.8128201541404,411.0948944091797,237.12973594665527,274.70217966847963,286.55412446133,623.1090076948774,383.95557403564453,257.6085662841797,290.9996182687283,303.55471125933997,320.14405979763154,356.690673828125,267.60254859924316,348.2280150662798,363.2522104143845,1696.1418577574862,335.96179962158203,271.8691349029541,397.7589828082082,414.92017719986706,1395.0442912714223,375.76602935791016,252.76845932006836,266.99526866696567,278.5147010501089,-3038.649133256088,333.5357666015625,277.69869804382324,314.7466850663492,328.32633827347314,-4759.336158421452,314.0914726257324,287.2272777557373,340.02640577088016,354.6967450968051,-4607.243968111192,303.2224655151367,291.39404296875,348.8967209773613,363.94976744543294,-4537.302991008318,365.8297348022461,230.07492542266846,276.9971625130587,288.94812366612615,-2886.5017607133736,317.9237365722656,258.4819793701172,334.7878967205471,349.23222211335974,-5709.691715823427,305.83080291748047,270.11077880859375,304.6686887671487,317.8135297863795,-8017.548717180065,304.82784271240234,273.1725597381592,228.62679024327502,238.49082590327595,-11048.770430216699,358.30554962158203,209.38173294067383,300.4345469766689,313.3967071929792,-1749.6154259023185,312.80757904052734,230.76478958129883,309.59769548108767,322.9551970461055,-5913.628622621723,306.72119140625,244.14874076843262,335.68792694562217,350.171083877931,-5580.901873362217,310.7094192504883,249.34922218322754,337.36104251543526,351.91638552718985,-5146.416082538278,354.7895050048828,193.11937808990479,337.4830406219262,352.0436472061239,-212.9206208990837,319.4442367553711,209.0022897720337,364.6295933824127,380.36143000570866,-1429.9271157781448,317.2286605834961,218.89516353607178,341.8981153930261,356.6492090804078,-2268.571824092798,324.02366638183594,222.29902267456055,315.32521626005064,328.92983002546714,-2003.42686284569,2637.1949642098416,2859.3883595899133,3207.3550058939236,3763.7765085303745,4562.198851712928,3677.007476756372,4081.4467783741648,4250.095444889174,4832.0285012016675,3605.546752273319,3942.426424051995,4075.1438802796765,4502.662447256681,3466.58662182698,3859.7628853975148,3923.3111444296014,4209.261925126335,3269.0167306069534,3694.509240756776,3777.5658286286093,3992.0164994589722
538,21.52,411.4208984375,209.54734325408936,304.8906832214243,318.04510212612934,820.8971577398315,404.0814208984375,246.73181533813477,297.2674924690698,310.0930110496081,588.4721647069525,377.37308502197266,269.9310779571533,349.2612342016381,364.33000748562216,1519.3824056570547,349.92137908935547,283.4590244293213,431.0243445924666,449.62076323992505,2159.2138206385143,329.4617462158203,293.2515335083008,558.7137372996156,582.8192772610151,4197.477501528702,369.8314666748047,262.75071144104004,290.3278229501433,302.8539315292095,608.4807619775148,326.4200210571289,286.3728332519531,280.4844651023976,292.58588490058645,-893.5113343221673,307.9201126098633,297.6265811920166,302.31522911242695,315.3585308066563,-983.4553572537203,300.91793060302734,302.16299057006836,275.3192619499581,287.19783057645094,-1918.79842172455,360.4106140136719,240.42692184448242,292.1158803009587,304.7191340888248,394.2752605674656,311.9577407836914,266.9955539703369,259.89668406742874,271.1098501046601,-1953.059300217491,299.69446182250977,280.9804916381836,312.0550222232214,325.51854442819524,192.62536604539378,300.9601020812988,285.77470779418945,329.557993014504,343.7766757492542,2632.146246149456,352.79529571533203,220.39605617523193,307.8942740887993,321.1782820385691,194.53937113974717,307.14672088623047,243.10546875,339.4275303616779,354.07203138411273,777.9208584501803,301.8191337585449,257.0405673980713,344.8091528567693,359.6858423998222,237.8689630472806,307.2823143005371,261.77842140197754,322.3255744947136,336.2322166584031,-392.10422171966854,348.6183166503906,204.58253860473633,325.46852257112835,339.5107663057025,-313.32202251053616,313.3767509460449,222.36371040344238,366.86334763080407,382.69155892453284,58.25322297060467,311.1611557006836,232.55882263183594,373.75643421569697,389.8820457039021,830.8209155873584,317.8915786743164,235.23845672607422,357.97298538627854,373.41762461429704,1112.1948647207475,2649.9167682948864,2871.7920800318975,3221.9282061933486,3781.7613390599713,4585.511622803369,3689.1216340175406,4093.150213770188,4262.709786121441,4843.516414424726,3617.7355176368715,3953.2708180561817,4088.1646220568045,4516.413514286651,3479.4337531085225,3873.9257666528797,3937.698578125594,4222.711213792671,3282.5971612591816,3709.8169031137572,3793.161110456765,4006.9532044435446
539,21.56,404.2372131347656,217.46661186218262,267.3015032410186,278.83414802484145,-980.273852532197,398.1428527832031,254.21290397644043,238.79028256173928,249.09281911025286,-1525.004798483881,373.84838104248047,276.0139846801758,175.7578098265478,183.34082886735212,-4524.729465456751,348.70777130126953,286.9108486175537,91.47381486581713,95.42042571939483,-8855.008438013256,329.50626373291016,292.34416007995605,22.711620756150186,23.69150695757348,-13978.194257586043,364.3402099609375,271.7941188812256,264.5008488015619,275.9126601728492,-673.5317839090072,321.9691467285156,296.0628318786621,266.58295575056314,278.0845990141279,-362.532147161464,305.2418899536133,305.26256561279297,202.30103600635334,211.02925473828077,-2608.231901709388,300.7266426086426,306.5950298309326,110.90413401514263,115.68906027685865,-4287.719257489807,353.90270233154297,250.51194190979004,300.06306022656213,313.0091927562379,207.251466685328,307.2027587890625,278.4240245819092,309.45495864585854,322.806301872078,1292.4112941854473,298.02072525024414,290.75194358825684,247.84403781149553,258.53719596890056,-1674.533711482367,301.8373107910156,292.6716899871826,173.8135827741675,181.31271871030407,-4061.598925973753,346.01097106933594,230.73404788970947,309.13299483280275,322.4704470249495,32.30412465951105,302.24016189575195,254.40387725830078,307.94516146090143,321.2313649313822,-821.0166613182637,300.47597885131836,266.65188789367676,242.61794396495665,253.08562383956763,-2665.0054640063645,308.44032287597656,268.7289047241211,176.15724912735465,183.75750185937673,-3811.8678699756592,342.32421875,214.04462814331055,284.1069415903294,296.3646520717599,-1078.6528558485643,306.6115379333496,230.38145542144775,262.26458763157,273.5799161720289,-2727.7910688125985,306.3636779785156,240.65048217773438,235.17380102467206,245.3203055403368,-3614.0435040891334,315.49251556396484,242.8978157043457,200.6571761822227,209.3144710652521,-4102.578838726124,2661.07013421588,2881.755792796308,3229.261839348043,3785.578156088747,4586.459283081673,3700.1581404244544,4104.273597730753,4271.150956310972,4848.1439768358,3630.255885347121,3966.1830701310646,4098.50610989556,4523.6660230350635,3492.3325709895207,3886.775021250135,3947.8220030791767,4230.0615138670455,3294.451747342052,3720.7600997606387,3802.973922678379,4015.3257832861545
540,21.6,401.7108154296875,218.95191192626953,73.26664335067753,76.42771114124854,-5060.160922089823,397.50194549560547,255.33923149108887,32.397683381203265,33.79547190735788,-5382.433680072374,374.88441467285156,276.9571781158447,35.02659293619722,36.53780499233178,-3670.0755968755084,350.95008850097656,287.30738639831543,56.92774277358872,59.38387350159537,-900.9138054449866,332.69725799560547,290.8813762664795,87.75741019111804,91.54367785744627,1696.3042724968197,363.4288787841797,274.2165756225586,64.70520254083377,67.49688948430709,-5210.394267213553,324.2453384399414,300.6818962097168,128.73617401876868,134.29045840469738,-3594.8535152357626,314.14669036865234,308.05137634277344,233.28219997373094,243.34709191809063,807.9459294952464,315.9701919555664,306.44768714904785,381.1065357596932,397.54926521844527,7046.505123539666,351.46541595458984,254.26297187805176,111.83299688061324,116.65799865761994,-4908.779852465449,307.205810546875,284.10475730895996,142.0183386692797,148.14567814475078,-4366.5155931831805,301.50630950927734,294.2199897766113,122.92437205295215,128.22790795144996,-3257.732200436265,306.57955169677734,294.5581912994385,127.59245669666078,133.09739573492385,-1205.3830743845056,342.4739074707031,235.8240795135498,154.95814118752352,161.64376463897793,-4020.66705964929,300.00099182128906,260.3869342803955,159.70843346550137,166.59900688093657,-3865.8089512611405,302.4867820739746,269.7627925872803,92.60486492663716,96.6002746026158,-3912.133730923796,312.57469177246094,269.5926761627197,105.59091837829907,110.14660751318786,-1840.2723586547218,338.7912368774414,219.96455669403076,172.35050579679913,179.78651770681992,-2914.4533591234995,303.8362121582031,236.83743953704834,175.6811103588678,183.26082022368496,-2257.9773987085987,306.8600654602051,245.22588729858398,115.056324662844,120.02039596951504,-3132.4977392705437,317.94429779052734,245.52743911743164,89.88240713961181,93.76035717463807,-2888.8528472653506,2664.12724266153,2883.107611672602,3230.723351547736,3787.9535110288107,4590.121030195971,3702.858016003827,4109.6452160669405,4280.884839987695,4864.045947444537,3634.922205293426,3972.1088972568546,4103.635226213619,4528.98991886446,3498.79832157508,3893.4389815253726,3951.6860140632816,4234.467378167574,3301.6432080503246,3728.0905325695862,3807.7747385171597,4019.0761975731402
541,21.64,403.9921188354492,217.1705675125122,72.3599213548341,75.48186889142619,-23.64605624555871,400.0468444824219,252.02004432678223,104.56312173992418,109.07446689097202,1881.9748745903535,378.4326934814453,273.4683895111084,124.40339734120391,129.77074535100257,2330.8235089667696,354.21329498291016,282.6698398590088,141.76422866851942,147.88060464270353,2212.4182785277044,335.0774383544922,284.4822692871094,170.68580175693705,178.04999050049923,2162.6578160763243,366.97357177734375,268.4765338897705,168.6581741087859,175.9348814534915,2710.94979922961,327.6744079589844,295.85031509399414,148.11881599799653,154.50935877457445,505.4725092469269,315.3246307373047,304.6412658691406,90.19561018447982,94.08707327281061,-3731.5004661320004,315.14753341674805,303.78662109375,69.63314414733307,72.63744568284605,-8122.79548838998,355.0102996826172,248.76585960388184,163.5245470870938,170.57976560298266,1348.044173634068,311.1256217956543,280.71956634521484,129.48078546419134,135.0671958920536,-326.9620563174293,304.2409324645996,292.1325874328613,86.00658133417929,89.71731000413256,-962.7649486829351,308.1262016296387,292.2700309753418,69.04619687023941,72.02517473801586,-1526.8055249226998,345.59864044189453,231.3266658782959,136.90938049449542,142.81629547129813,-470.68672919199486,303.72358322143555,257.204647064209,122.4352856072054,127.71772001476887,-972.0321716541924,306.08129501342773,268.0950450897217,99.0640732919511,103.33816361416125,168.44722528863622,315.48439025878906,268.2685089111328,79.92091478265961,83.36907915813457,-669.4382088763323,341.5287780761719,216.52178764343262,109.96246675145314,114.70676505588119,-1626.9938162734682,305.58963775634766,233.36364269256592,97.28105495471786,101.47821747488787,-2044.5650687199272,307.7507972717285,243.66737365722656,44.87738803086831,46.81360974571261,-1830.1696555950607,318.5352325439453,244.84405517578125,22.586189011522894,23.560663497195012,-1754.9923419360766,2667.146517417187,2887.4705903482413,3235.9141813617766,3793.868735214519,4597.243029815991,3709.8954112619663,4115.825590417924,4284.648322918608,4866.951445271851,3641.7453959175455,3977.511585092537,4107.223918613784,4531.87092585398,3504.510973393932,3898.5476903259632,3955.8195406078476,4237.802141333898,3306.2314786525594,3732.1496612685814,3809.6472829069885,4020.018624113028
542,21.68,408.39427947998047,207.3951530456543,268.022557748311,279.5863122168963,5102.611083136753,406.0396957397461,241.7032527923584,298.2767734809941,311.14583719411286,5051.784257578521,385.22388458251953,263.4776973724365,302.00807727301526,315.03812699142077,4631.684541010455,360.93257904052734,274.9005889892578,256.79519724392577,267.87455054384185,2999.848647528458,341.67530059814453,279.8264694213867,201.87907670167965,210.58909012344225,813.4774905735753,372.69405364990234,255.7477855682373,348.87761705145783,363.92983928626194,4699.873945819261,333.5756301879883,283.2620429992676,347.5710522027846,362.5669030812586,5201.4386076671035,320.5038070678711,295.51517486572266,262.33257096880584,273.650832630366,4489.093983938884,319.37849044799805,298.44414710998535,170.37280018294794,177.72348456560744,2627.1509720690347,360.4422378540039,235.97933292388916,347.31219460660736,362.2968771501857,4792.927788680076,316.59027099609375,267.13788986206055,365.9954977326651,381.7862658976439,6167.976750139757,306.96666717529297,282.13966369628906,258.94998855718745,270.12230969491145,4510.124992269472,309.77649688720703,286.1480140686035,158.51373253511423,165.35276093009125,2333.189654801885,350.867919921875,219.17089462280273,331.21752770461995,345.5078105757535,5067.287877611385,309.2637062072754,244.1337490081787,354.9131396283524,370.2257627105895,6062.701067395516,306.5605354309082,259.39215660095215,217.901840609631,227.30315147029668,3099.1246964033858,313.0780029296875,264.50008392333984,111.78027237141117,116.60299936496678,830.8480051708052,346.4676284790039,206.32936477661133,283.14939431073265,295.36579169625685,4516.475666009392,310.83181381225586,222.62158870697021,298.8228296484702,311.715452794421,5255.930882988329,308.45184326171875,234.8184585571289,221.91603694981364,231.4905391316,4616.9232346471845,315.39772033691406,239.20244693756104,161.38410385402025,168.3469735758033,3619.6577519652074,2678.329969905863,2899.916423836006,3248.5157064414334,3804.5837172362726,4605.666593420928,3724.4526048334164,4130.328266541174,4295.594356223822,4874.0603846544755,3656.2372710035534,3992.7830357284424,4118.02881100158,4538.485036291185,3518.3312858169625,3913.3567208343866,3964.91166666666,4242.466261308497,3318.0461103204098,3744.618279380358,3818.9069044722523,4026.75250305606
543,21.72,412.2216796875,196.1365842819214,297.2839162276347,310.1101434064085,763.0957797378045,408.8417053222656,229.2680025100708,318.67568475221117,332.4248534958487,531.9754075433963,385.95428466796875,250.32042503356934,329.4382526399521,343.65176921144,715.3410555004812,360.75695037841797,262.05451011657715,321.1819848525198,335.0392871772561,1679.1184158353558,341.76361083984375,268.450984954834,284.39568116838944,296.66584923404014,2151.918977764947,375.3573226928711,239.05627727508545,422.5661568733889,440.79764949799943,1921.6952552934372,336.54605865478516,266.8597412109375,416.72754081039966,434.70712806123885,1803.5056244995062,321.35398864746094,280.89202880859375,366.1959937369593,381.9954122431074,2708.614490318536,315.9392738342285,288.0308532714844,274.1633859163532,285.99208461114694,2706.7150011384874,362.6930618286133,218.5324001312256,439.78806858843666,458.7625955315969,2411.6429595352797,319.2801856994629,249.5097255706787,445.8053228395714,465.0394624486197,2081.329913774395,308.58476638793945,266.239070892334,399.56781071799566,416.80704645811574,3667.1184190801073,308.30142974853516,274.1935729980469,301.12755226502543,314.1196119907923,3719.171276517526,352.8253173828125,202.34747886657715,423.42260400138645,441.6910477855811,2404.5809302456887,309.01222229003906,225.76346397399902,459.3001581194173,479.1165284297959,2722.26914298016,305.9897804260254,243.0237865447998,409.45794928382406,427.12389214515196,4995.5185168713815,311.8339538574219,251.20379447937012,333.8590374993855,348.26328753414015,5791.507204229335,348.18286895751953,191.943039894104,362.2053919430486,377.8326371078393,2061.671135289561,312.9191780090332,209.25856590270996,338.12670309845345,352.7150803109958,1024.9906879143693,309.57319259643555,224.22035694122314,266.43149001142643,277.9265983301997,1160.901479964992,314.8091125488281,232.00810432434082,180.459525871786,188.2453990692886,497.4606373371323,2690.734375642119,2913.2134179758395,3262.261777209891,3817.985288723363,4617.5332273902895,3742.0845108133362,4147.716551663624,4310.874172713547,4885.500068038921,3674.587774824817,4011.3846142263874,4134.701092859905,4551.049820770816,3535.9989277283858,3932.521381971578,3981.996622352466,4256.396792809863,3333.1594158047233,3758.726882592798,3830.0239684054604,4034.2823190188315
544,21.76,415.12176513671875,183.14363479614258,332.8167964067939,347.17607925597633,926.6483962391959,409.66773986816406,211.04166984558105,456.12603484923955,475.80545854416266,3584.515126207849,386.30958557128906,228.52761268615723,544.8927123419676,568.4019482442719,5618.754475820798,362.6173400878906,239.48102474212646,566.2504369874973,590.6811456415112,6391.046461606377,346.2749481201172,246.10167503356934,570.0020932051058,594.5946659638256,7448.220418244637,373.7160873413086,215.1366949081421,599.39556747204,625.2563130377694,4611.466588494248,336.79920196533203,246.29579544067383,514.1375953830476,536.3199108046529,2540.31956858535,321.3294982910156,262.37817764282227,462.846684096025,482.81606822716,2520.5163996013143,315.7235527038574,270.7321071624756,432.5022778480734,451.1624614914052,4129.2594220064575,361.0485076904297,197.83594608306885,519.0422480882941,541.4361733091403,2066.839444438584,314.2702865600586,223.2827854156494,667.5287818151046,696.3291148858474,5782.241310930693,305.3083610534668,243.81528854370117,566.5470229461415,590.9905277141594,4354.587031401091,309.4234275817871,256.4733695983887,443.89222204204606,463.0438214795428,3723.1052372187632,352.78953552246094,186.19059562683105,403.9230715466734,421.35021373501405,-508.52085126417563,308.34178924560547,205.4220485687256,508.81152033253187,530.7640438116871,1291.18788454728,302.22938537597656,224.45817947387695,473.56515974859013,493.9969893610497,1671.827430397444,306.51161193847656,235.42357921600342,416.34009329840086,434.3029642402254,2150.9919176521307,350.3036880493164,181.01047039031982,278.409488854998,290.4213844129339,-2185.2813173726345,316.9527053833008,196.25115394592285,340.4611843629665,355.15028208344347,60.88004431119174,309.73642349243164,212.40726470947266,295.35549808795184,308.0985242329493,754.2981475687398,310.97240447998047,223.5201644897461,232.86993612484181,242.9170410666265,1366.7910499334475,2704.621418812358,2932.245636317606,3284.9978551396616,3841.612534549023,4641.317014028843,3767.094763334847,4169.16934809581,4330.186815442633,4903.546566498578,3696.2452217571827,4039.237778821821,4158.340713968471,4569.571573629998,3552.8529362777863,3953.751943724046,4001.756501926908,4273.768911379472,3344.776271181241,3772.932893876136,3842.3479093747783,4043.9990006614967
545,21.8,413.914794921875,170.59247016906738,315.22661550409214,328.8269751688765,-458.72760217749544,409.6364212036133,202.70572185516357,208.4001705818857,217.39153468222855,-6460.348096548352,384.38079833984375,221.91922187805176,172.10289301904422,179.52822174855478,-9721.843162392928,356.4031219482422,233.32806587219238,218.6255502312061,228.05808533075955,-9065.57650776879,336.31359100341797,242.10597038269043,268.32150871607075,279.8981613362832,-7867.41261568856,369.6367645263672,200.75457572937012,373.7363933149457,389.86114014437896,-5884.87932233476,327.25379943847656,230.88794231414795,453.12570508103215,472.6756804300555,-1591.1057593649346,315.13660430908203,247.2648525238037,408.32319615151863,425.94018042251486,-1421.897195116128,313.9839172363281,255.7503318786621,377.06093855517094,393.32912191174074,-1445.833489491612,356.50360107421875,181.01702213287354,435.5545165307463,454.34638811483387,-2177.2446298576597,308.94466400146484,210.98769664764404,334.9733790259818,349.42570699833965,-8672.585197187693,299.46014404296875,231.4119815826416,342.8225358805809,357.61351341816396,-5834.425357399886,302.65811920166016,243.69521141052246,361.46466299656134,377.0599496286938,-2149.5967962712257,348.47450256347656,168.22772026062012,461.84710731687846,481.77336500170355,1510.5787816672375,301.2807846069336,191.12833499908447,398.5662069517813,415.76222879183035,-2875.0453754964183,296.5977096557617,209.59327697753906,397.3986487484024,414.5442966329715,-1986.317318201955,302.41846084594727,220.09546279907227,396.63036850863114,413.7428691680919,-514.0023768033373,346.11621856689453,163.36910247802734,453.28851358921867,472.84551326347,4560.603221263404,313.09383392333984,179.8240327835083,421.8569060039413,440.0577982082744,2122.687903120773,305.9451484680176,195.400972366333,435.59423892186925,454.38782431684535,3657.232502097402,308.00519943237305,205.59973239898682,454.1105262722818,473.70299144211253,5769.648759387151,2717.774497819113,2940.941297704895,3292.178984009604,3850.734857962254,4652.512940482294,3782.689208940622,4188.076375313012,4347.224422659533,4919.279731375047,3714.419077281776,4053.2148071017546,4172.645254505198,4584.653971615146,3572.1238708778546,3970.3824328757196,4018.3382737922275,4290.318626146196,3363.69009171178,3790.535205804467,3860.523422347452,4062.947120319181
546,21.84,414.95704650878906,157.30735301971436,333.1484523099826,347.5220443556175,467.37672966852415,409.26544189453125,191.3207244873047,284.77599827970135,297.062575015325,1991.7760083274118,383.16516876220703,210.49545764923096,287.2065289405332,299.5979702070618,3001.743711462675,354.4013977050781,219.98488426208496,337.3123510060627,351.8655932369583,3095.1876976549693,334.6805953979492,227.79534816741943,360.0873009039683,375.6231616534926,2393.125007930236,365.91880798339844,186.94676399230957,357.49026719400973,372.9140796875182,-423.67651142151885,322.8729248046875,217.7512264251709,346.19843199446194,361.13506157753073,-2788.5154713131187,309.8872375488281,234.08118724822998,354.75773554112527,370.0636537597002,-1396.9131665703671,308.5224151611328,242.49229431152344,358.4720744432394,373.93824672191283,-484.77187974569773,352.4404525756836,167.33263492584229,356.87150081744153,372.26861681751996,-2051.944282432848,305.0564384460449,198.19875240325928,334.1737879231056,348.5916177723704,-20.852230649231274,297.02478408813477,219.7997760772705,296.62085944073846,309.4184792293478,-1204.8758547204045,302.6648712158203,232.2335958480835,286.5404387809405,298.90314178333136,-1953.920196134061,344.77840423583984,155.10897159576416,340.73698560915255,355.43798269332416,-3158.384557709485,298.88166427612305,178.8545036315918,312.6526775026839,326.14198536900886,-2240.5060855705374,293.8199996948242,198.39121341705322,288.5328194506823,300.9814831314071,-2839.07033753911,299.8814010620117,209.6415138244629,268.93507756403716,280.538202431836,-3330.1166684063974,343.0343246459961,151.1448097229004,315.16999728590923,328.76791417431315,-3601.939977228922,310.6518745422363,167.27002143859863,319.7326680868332,333.52744006574187,-2663.258953563313,302.2882080078125,182.7018642425537,330.3791010613057,344.63321026136964,-2743.865351386893,302.75074005126953,193.26702117919922,335.1353359263441,349.5946514815608,-3102.7084990137937,2731.675379593338,2952.8238007055083,3304.1629028178863,3864.809481691732,4667.5378669484335,3797.6057721281227,4202.521777776114,4362.0269688099215,4934.237261243924,3729.309821954477,4067.1584718126496,4185.021993674372,4596.610097286479,3586.341390185588,3983.4281122904795,4030.377533117484,4301.540154243469,3376.8408082787523,3803.876303407096,3874.3087507579066,4076.9309063784435
547,21.88,413.4430694580078,152.45349884033203,127.11222134643354,132.59644077167664,-5373.140089598521,402.2602081298828,186.84566974639893,207.8151447673413,216.7812681008845,-2007.0326728610135,373.0024719238281,204.5747709274292,294.03968512612823,306.72594090767217,178.1992675152594,344.63897705078125,211.9312620162964,316.39145878691835,330.0420752727336,-545.587949105618,325.8304977416992,217.45599746704102,340.244766152414,354.924526572813,-517.4658770169899,357.67208099365234,179.35190677642822,280.27928278441266,292.37185005180555,-2013.5557408928164,314.73388671875,210.99653720855713,264.42126353767804,275.82964122614925,-2132.6355087845373,304.21159744262695,227.51802921295166,216.92154977542808,226.28056627620944,-3594.577187087268,303.4080505371094,234.93885040283203,228.05048836443228,237.88965964927496,-3401.214676815947,346.54346466064453,158.86136054992676,258.0418522524008,269.17499211620225,-2577.340617532943,299.9171829223633,189.99401092529297,242.0352893406675,252.4778307527854,-2402.844675489625,294.1778755187988,209.86843585968018,258.2832830920412,269.4268394184501,-999.7909952724427,298.98855209350586,219.67514991760254,327.13709518899395,341.25132899868754,1058.7046803839044,340.4187774658203,146.37823104858398,243.96743644906658,254.49333978022,-2523.616072827604,294.0196228027344,169.7896957397461,257.16019983297815,268.2553010623061,-1447.167107667569,290.79700469970703,188.52879524230957,257.8829567289411,269.00924109209035,-799.3060509829193,296.80042266845703,198.3182716369629,293.3728871870348,306.0303741675023,637.3042933916579,339.7434997558594,142.24671363830566,237.1782588953709,247.41124515665481,-2033.9167254414583,306.50325775146484,157.1693229675293,272.9871000616759,284.7650482490398,-1219.0597954175516,299.0015411376953,171.61585807800293,289.07364091566683,301.5456381795234,-1077.1893020461562,300.26763916015625,180.31631469726562,329.6651600645763,343.8884664902,-142.6546247840193,2736.9792372242055,2961.4950514295433,3316.431940454193,3878.0111647026415,4681.734848011346,3809.3006461301948,4213.55496342516,4371.07819146097,4943.752847629894,3740.0768216391243,4077.257585042761,4195.7990672511105,4610.260150446426,3596.5211237767967,3994.158324332972,4041.1379027611674,4313.78136921017,3386.7372580850188,3815.2669053370582,3886.3705762850877,4090.6864450380513
548,21.92,414.8204803466797,148.7180471420288,99.53284679751539,103.82716221482673,-719.2319639212478,400.5419921875,183.47416877746582,94.6020771712206,98.6836559824095,-2952.4403029618747,371.0422897338867,200.63913345336914,109.91916502875343,114.66159509308419,-4801.608645364699,340.91835021972656,209.79660987854004,107.23748110266705,111.86421070229015,-5454.446614261085,321.0111999511719,217.53464698791504,120.49848790782463,125.69735974797169,-5730.679170621033,352.3782730102539,178.71252536773682,133.3070036393279,139.05849512563626,-3832.8338731542326,313.7414360046387,207.85391807556152,82.3901292442325,85.94482715182427,-4747.120351858125,302.437801361084,221.42241954803467,158.7112348849449,165.55878446074937,-1518.0445453865018,297.1689224243164,229.03860569000244,214.67942274342033,223.9417033324809,-348.69890791985154,341.4277648925781,158.51290225982666,128.18884335457534,133.71951331988575,-3386.3869699079123,300.21915435791016,191.63293361663818,41.66274066906547,43.4602673684332,-5225.439084608805,296.2133598327637,209.89384174346924,50.89107148685338,53.08675180667864,-5408.502190294285,299.24055099487305,218.72102737426758,24.671001119612118,25.735424210855403,-7887.897619695804,336.64031982421875,145.0602149963379,100.04345450651564,104.3597999433382,-3753.338495922045,294.66535568237305,169.0698480606079,24.17580961683446,25.218867816252377,-6075.910831151343,292.3228645324707,186.5628147125244,62.21599308425398,64.90028381742847,-5102.723931866547,298.2461929321289,195.83982467651367,71.73279842180726,74.82768892379724,-5780.067131092627,337.34764099121094,139.4784450531006,91.5268067971621,95.47570397204065,-3798.3885296153544,307.65607833862305,154.73759651184082,67.27875250344191,70.1814745035547,-5364.589343637128,300.61254501342773,168.8911485671997,79.13349245849707,82.54768372925953,-5474.9488612565965,301.62240982055664,178.05330276489258,65.93854405971756,68.78344316048131,-6877.625583242969,2741.1323237127986,2965.44239766884,3321.0184042579162,3882.485733130733,4686.762742401264,3814.86298593522,4216.992756511233,4377.7005428394,4952.710515763194,3745.4256021719198,4078.995995737498,4197.922537323378,4611.28956741486,3600.6955157745306,3995.167079045622,4043.733914113865,4316.774476767122,3390.5562862439006,3818.0741643172,3889.6724836342582,4093.4377827644707
549,21.96,413.7403106689453,149.60906982421875,35.006141897474045,36.5164715995545,-1682.7672653818056,399.10266876220703,182.8703212738037,39.02149832364883,40.705069398419056,-1449.4646645997611,369.60906982421875,201.5491533279419,42.44301681067563,44.27420829481028,-1759.6846699568478,339.3385696411133,212.12230682373047,70.28768098603682,73.32022232105402,-963.5997095309033,318.42939376831055,221.25100135803223,113.12883410671132,118.00974439992554,-192.1903837011538,350.4652404785156,181.46485805511475,83.7967358012008,87.41212133521974,-1291.159344760413,311.7496109008789,210.49213886260986,82.6422113888446,86.20778530646591,6.573953866040938,298.1946563720703,221.9261884689331,106.82363538636655,111.43250973421017,-1353.1568681634799,287.61463165283203,228.99274349212646,238.86002109926423,249.16556649647964,630.5965790999686,339.53800201416016,160.8028793334961,74.22600089666267,77.42845988655122,-1407.2763358333632,299.8760414123535,194.86289978027344,81.20347864945964,84.70697886595691,1031.1677874380928,297.5018501281738,211.76123142242432,56.71943810565575,59.16658158999577,151.99574458292827,300.4737663269043,218.87234687805176,31.061608612787957,32.40175258579964,166.65820937360598,335.58204650878906,146.73378467559814,49.50238555798228,51.638151431611846,-1318.041212793159,294.31102752685547,170.4017972946167,34.456831722543505,35.943461598596784,268.1148445586102,292.28071212768555,187.8180742263794,31.39917666468953,32.75388491207209,-803.6599726339097,298.07825088500977,196.83427333831787,25.21324890006654,26.301067112403317,-1213.1655452848481,336.5322494506836,140.39677619934082,30.702152393179798,32.026787733258956,-1586.2229059695424,307.09144592285156,153.9730453491211,23.761158501796952,24.786326700743633,-1134.8786950702768,300.12475967407227,168.45040798187256,16.435228946622694,17.14432206837479,-1635.0840415221185,300.9639358520508,178.0395269393921,16.465451340763394,17.17584839882679,-1290.1898690413632,2742.5929825767803,2967.070600444777,3322.789372589709,3885.4185420235754,4691.483132177262,3818.3594707886286,4220.441067923492,4382.157843228768,4962.677138423053,3748.522740567382,4082.3842748921365,4200.289200586977,4612.585637518292,3602.761041831795,3996.6048175095657,4045.044069510348,4317.826519451618,3391.8373577532307,3819.0656173852303,3890.358256516993,4094.1248167004237
550,22.0,411.34033203125,153.62687587738037,117.00070230081958,122.04866320912956,2138.3047902393764,396.8501663208008,187.81890392303467,135.92791629391937,141.7924862862905,2527.1854221967865,367.7591323852539,203.86350631713867,74.07132663304954,77.26711224730114,824.8225988122716,338.2691955566406,211.24023914337158,34.65548590479074,36.15068665714251,-929.2383915977878,317.108154296875,216.03668689727783,134.47757488823106,140.2795703269829,556.7456481764342,350.66471099853516,188.7947416305542,183.31493003478658,191.22399880555324,2595.2969367583373,308.2456970214844,213.36962699890137,113.35053608362419,118.24101164346283,800.830658424923,291.7080497741699,223.81553649902344,168.90400590041355,176.19131958550648,1618.9702462824077,278.45821380615234,229.83990669250488,229.88811581814872,239.8065709993098,-233.97488742924608,340.7719421386719,168.2572889328003,188.8961862787974,197.04605670959674,2990.439920576138,298.026065826416,199.16778087615967,117.13883567769973,122.19275630995077,937.1444360998463,296.07330322265625,214.03319835662842,67.0940571668825,69.9888105409908,270.5557237748757,299.2606735229492,218.51144313812256,31.641010379159006,33.006152471065114,15.10999713163681,336.00399017333984,152.66839027404785,148.73966364340487,155.15699270914521,2587.9710319383344,296.0552978515625,178.8392972946167,215.39772111093347,224.69099247191596,4718.68827183298,297.5849914550781,194.26621913909912,208.7372031982403,217.74310847174473,4624.730588991816,305.0124168395996,198.9428472518921,181.19178622870604,189.00925258405934,4067.7046367914004,335.2471923828125,143.1480360031128,75.91443446216621,79.1897404219219,1179.0738172165736,304.1102981567383,156.4259433746338,96.51408811336265,100.67816007461298,1897.2958343467337,300.09212493896484,169.1667938232422,17.928219718686563,18.70172748843341,38.93513550146545,303.7169647216797,174.9452018737793,103.54351611970274,108.0108706859801,2270.875557178833,2747.4749291051457,2972.7422998962284,3325.8800570796006,3886.864569489861,4697.094314990341,3826.0084307408506,4225.17070838923,4389.205496012189,4972.269401263025,3756.4045828357657,4087.2719851445345,4203.088753008617,4613.905883617134,3608.967321540161,4005.5924572084423,4053.7537938492173,4325.38688955498,3395.0049473701074,3823.0927437882146,3891.1063256165303,4098.445251527863
551,22.04,412.0500183105469,157.82494068145752,106.44071916521641,111.03307270525707,-275.3897625968122,398.39427947998047,192.79602527618408,130.27860149581295,135.89943346184083,-147.32632061124207,369.16126251220703,209.85285758972168,153.7821055082915,160.41698924606214,2078.7469249690253,340.60474395751953,216.74440383911133,149.479545696635,155.92879675607298,2994.452752473262,319.8014450073242,220.9264039993286,139.5599069151845,145.5811780752833,132.54019370750996,353.9962387084961,200.21873474121094,297.49652883959226,310.3319291270113,2977.698258036451,312.4071502685547,220.23908615112305,200.79087717634584,209.45394054946513,2280.3232226500577,294.03242111206055,229.12691116333008,144.94266741768521,151.19617619739725,-624.8785847027307,280.3291130065918,234.4486427307129,124.35008968654341,129.71513775325158,-2752.2858311514556,345.1475143432617,178.09813499450684,269.244177429829,280.8606383204772,2095.364540272012,300.0390815734863,201.93964004516602,85.64255531990803,89.33757819448134,-821.3794528867357,292.5151824951172,216.0102653503418,101.76264359212928,106.15316293669352,904.108809892568,291.6780090332031,221.24945640563965,201.54639263882274,210.24205250448614,4430.8975008355255,340.79105377197266,159.76306915283203,213.96618642092386,223.19769463850676,1701.0175482340387,297.392635345459,179.3886423110962,36.14425541936249,37.70368869479535,-4674.682594428015,295.38978576660156,194.0472650527954,55.15245295218604,57.53198932269627,-4005.2779787262116,300.58374404907227,198.46720218658447,111.35354988085456,116.15786605799053,-1821.2846631517202,340.6858825683594,147.31595993041992,171.30189140480758,178.692661155127,2487.573018330128,306.2347602844238,158.20740222930908,69.31330582431129,72.30380802939426,-709.3588011304679,304.8175621032715,169.2006254196167,118.13895676999297,123.23602733278453,2613.357496108778,311.619930267334,172.4036693572998,207.53953230065818,216.49376441534284,2712.0723432340687,2751.9162520133564,2978.1782772347024,3332.296736649443,3893.1017213601035,4702.917562113353,3838.4217079059313,4233.548866011208,4395.253343060084,4977.458006773156,3767.639008368585,4090.8454882723136,4207.3348795260845,4622.315565717314,3617.895229325701,4007.100604756234,4056.0550734221256,4330.0332041973,3402.1526538163125,3825.9848961093903,3896.0357667098415,4107.105002104477
552,22.08,414.68700408935547,166.65886402130127,230.47762306224396,240.4215123601654,3234.710991372708,404.97509002685547,201.16762161254883,266.21266483877235,277.6983320097953,3544.972463698862,376.76361083984375,221.9269037246704,356.7021605657085,372.09197043040353,5291.874529608534,347.46063232421875,232.72640705108643,434.7611642932703,453.51880692827854,7439.750254305139,325.9537887573242,243.90921592712402,594.8009003684442,620.4634103725954,11872.055807432802,367.991943359375,212.65793323516846,468.1168442859034,488.3136079292625,4449.541970056281,322.4910354614258,231.70613765716553,381.7541836912498,398.2248557296322,4719.272879504178,301.2989044189453,240.53375244140625,338.1177749620476,352.70576697276914,5037.739769384298,287.7737045288086,246.29899978637695,349.8686407776757,364.96362043983515,5881.212067164589,357.8456497192383,190.09469032287598,436.72072152381423,455.5629086795207,4367.556758976088,309.03263092041016,213.03707599639893,357.1038141661948,372.5109532574164,7079.334376573377,293.47461700439453,227.28644371032715,282.9230383246853,295.12966964772903,4724.412667775888,286.5842628479004,235.91594696044922,388.1463926428118,404.8928546574139,4866.270053823195,350.31009674072266,170.58826446533203,360.3791688925367,375.927622200633,3818.2481890531553,301.78958892822266,190.95660209655762,309.3853729645188,322.73371393697164,7125.750631054408,297.58583068847656,204.60787296295166,269.66304521910735,281.2975780373975,5594.139717867531,302.0420265197754,211.18299007415771,319.9783677904203,333.7837404108166,5440.646858820653,346.8375015258789,156.12220287322998,268.55205566880517,280.1386551695238,2536.14985035992,310.06568908691406,169.27220821380615,292.7306216518775,305.36039827462525,5826.4147561307755,309.83325958251953,179.77985858917236,292.70014056535103,305.32860209058055,4552.3143689449,318.21889877319336,184.51495170593262,344.8093182014052,359.6860148782038,3579.8062615715244,2761.533112507763,2989.286210515094,3347.1804154666593,3911.2424736372345,4727.736098528257,3857.954252223102,4249.477860240393,4409.361573738995,4992.056551590749,3785.861524715766,4105.74592640261,4219.140066311993,4638.511279903611,3632.932334213727,4020.009953313713,4067.306976543621,4343.384553813732,3413.3582000230936,3838.199312040376,3908.248910793465,4121.492442699604
553,22.12,417.5643539428711,177.09641933441162,270.6724301320746,282.3505125657251,1048.2250051389933,410.1146697998047,213.2138729095459,327.42122196884276,341.54771434493364,1596.2345583784581,384.54036712646484,236.04087352752686,402.86635651404634,420.2479070429266,1203.8984153130768,356.6898727416992,248.0280876159668,446.7383929614825,466.01278960666383,312.34956695963234,336.7233657836914,255.37113189697266,393.1915142671627,410.15564657122957,-5257.694095034145,375.7514953613281,225.97130298614502,385.2405590968717,401.8616497773066,-2161.298953798898,334.5347595214844,254.17794227600098,637.3937617663966,664.8939282553533,6666.726813143027,315.9164810180664,264.74327087402344,707.0070404398407,737.510651374279,9620.122110037746,306.34618759155273,269.5810890197754,744.5606112784932,776.6844599878601,10293.020988700624,363.24329376220703,203.45746994018555,360.29366521923833,375.83842949648397,-1993.1119795759187,316.16899490356445,228.9457368850708,435.8993448684714,454.7060939698275,2054.8785178102776,306.2262725830078,244.5421314239502,536.4020637926722,559.5449731591507,6610.382587785542,307.9293441772461,253.16265106201172,686.0490595263739,715.6484445349175,7768.889746937591,354.7105026245117,185.31859874725342,384.3389779862578,400.9211702146958,624.8387003515702,310.80352783203125,209.51848983764648,515.8698788662574,538.1269331495395,5384.8304803141955,305.63791275024414,226.9941759109497,594.7597126198241,620.4204455906681,8478.071688831766,309.87598419189453,236.1954116821289,655.263366662338,683.5345120017441,8743.769289773189,351.4740753173828,173.21568489074707,442.7788274122032,461.8823897656787,4543.593364903872,320.4964828491211,192.4363374710083,635.1074430529775,662.5089669931092,8928.714217962099,316.09546661376953,207.33830451965332,706.5245833503775,737.0073788155096,10791.969418123226,318.77368927001953,215.831937789917,783.0474961168702,816.8318501593354,11428.64588202829,2772.8271330103917,3002.9481190888914,3363.9903317483763,3929.8829852215013,4744.142324391106,3874.0287182141938,4276.073617370607,4438.861999793966,5023.123929990264,3800.895061895625,4123.934170161403,4241.521865238359,4667.137217685007,3648.9691810223144,4041.535030639695,4092.123794367248,4370.725934293802,3431.8334956137205,3864.6996707200997,3937.729205946085,4154.1657167059775
554,22.16,416.03336334228516,192.2927713394165,381.8319709629309,398.30599911028435,2898.8871636139806,413.2081604003906,230.05711555480957,428.12418387012895,446.59547593572694,2626.1940397698327,392.16495513916016,255.2995204925537,517.8258788476074,540.167324175117,2997.985428304759,366.04454040527344,269.5170021057129,585.9198180230917,611.1991563400544,3629.659168334764,346.77547454833984,278.0992126464844,621.2942867376977,648.0998461089961,5948.604988444163,383.41129302978516,247.17390060424805,563.594848981123,587.9109830712143,4651.233332347694,344.0131378173828,278.9253616333008,662.5115187518514,691.095383482559,655.0363806801414,327.6705551147461,292.99535751342773,764.9912815478043,797.9966055203273,1512.1488536512088,320.6541061401367,299.6868896484375,833.3200783183739,869.2734281422535,2314.7242038598333,368.3436584472656,226.25341415405273,583.9888657555562,609.1848937045412,5833.661605201431,325.45665740966797,261.2676429748535,840.7460556345231,877.0197970668354,10557.842577425197,316.2373352050781,278.49620819091797,884.9790618710118,923.1612233550666,9090.406254897896,316.51477813720703,285.7862949371338,843.3607679885727,879.7473204168035,4102.4718970471495,356.46610260009766,208.20329189300537,573.798370319174,598.5547323380613,4940.839053084137,313.9254379272461,236.42194747924805,677.0996767999035,706.3129433213925,4204.650254296325,313.072452545166,253.4300136566162,686.5338207608033,716.1541206503105,2393.3418764910584,320.25428771972656,260.2960681915283,656.0063015607525,684.3095006079643,19.37471515550442,349.7728729248047,195.42490482330322,556.8569944301022,580.8824257661878,2975.000900012728,320.6791305541992,218.4906005859375,651.3725828232499,679.4758614376179,424.1723611127185,319.22264099121094,233.76753330230713,665.3398349869705,694.0457265902562,-1074.0413056313344,324.4081497192383,241.09210968017578,647.0236802463409,674.9393267373919,-3547.3130855485892,2788.759372974803,3020.8119381263205,3385.597024715381,3954.3309514751036,4770.066318235466,3897.5451575370425,4303.717432709909,4470.781864014779,5057.894867115954,3825.2624576438066,4159.014962044076,4278.448314172562,4702.327110501679,3672.911370315837,4069.7875483725506,4120.769959193261,4398.098314318121,3455.0687926443684,3891.8787051776044,3965.491035009695,4181.1632897754735
555,22.2,412.0855712890625,211.3148832321167,485.68624321282135,506.6410334083421,2708.375857451443,410.1787567138672,249.11258697509766,482.3693331782568,503.18101626534485,1414.638508240448,387.1152877807617,275.8176326751709,528.2589729295534,551.0505510344113,272.08067148235955,361.32823944091797,292.7374076843262,592.3632384471093,617.9205762442173,168.0354976040718,341.5492248535156,304.9446773529053,683.7363623760351,713.2359667458467,1628.4030159212648,381.5789794921875,270.49012184143066,584.7026732030719,609.9294981645556,550.4628773335327,343.9177703857422,298.09192657470703,479.17005501711037,499.84370618836635,-4781.291932354816,326.1018371582031,310.7541561126709,445.6987517620936,464.92829339333076,-8326.707803174913,315.08724212646484,318.3223342895508,486.22896607379886,507.20717188762256,-9051.656406365773,368.3453369140625,249.84183311462402,589.7104755072028,615.1533606270505,149.21167306273162,326.12476348876953,281.8938732147217,515.926193632011,538.1856775993077,-8470.85298668819,313.56130599975586,297.14893341064453,471.0926729625241,491.4178278593885,-10793.584887391951,309.09921646118164,304.9357795715332,513.379316839676,535.5289165564241,-8605.460096509487,357.3120880126953,231.8337106704712,591.1389340273239,616.6434495701254,452.21793080160353,315.23889541625977,259.54258918762207,578.947991825718,603.9265327507694,-2559.6602642655766,309.3548583984375,274.7322463989258,540.6047690129755,563.9290028607951,-3805.6279447378843,310.6179428100586,282.18255043029785,597.8488772288413,623.6428912986787,-1516.66523273214,350.3801727294922,218.17285537719727,568.9013905410046,593.4464738068343,314.10120101616315,318.95092010498047,240.5958366394043,554.3172446444123,578.233099222556,-2531.069055376548,314.6839141845703,254.05803680419922,519.7983824195766,542.2249308338795,-3795.5198939094175,316.89884185791016,261.1421871185303,535.2542093717108,558.3475948966097,-2914.793296019553,2809.025014311137,3040.939178776934,3407.639046756757,3979.0477745248722,4798.5957569053,3921.9423374636244,4323.711180957444,4489.378995750512,5078.183153991459,3849.868592068889,4180.542389148049,4298.105027286938,4723.748267163936,3697.577108298642,4093.9446096825814,4143.327119307693,4423.044029970068,3478.8066515966416,3915.008029146507,3987.1800322430504,4203.497193571337
556,22.24,405.4521179199219,227.09529876708984,427.9487542751066,446.41247748239505,-1505.713898148676,403.8804244995117,264.26965713500977,410.3396188790496,428.0436011158959,-1878.4353787362236,381.80042266845703,289.9442195892334,377.3329506239776,393.61286986129784,-3935.9420293278376,356.2100601196289,302.8776741027832,283.96826693549576,296.21999433970706,-8042.514547612755,336.25152587890625,308.32898139953613,157.1606031771704,163.94125120375253,-13732.367888552351,375.7917785644531,288.2479190826416,466.9254875231221,487.07085042915133,-3071.4661933851075,338.0225372314453,315.219669342041,452.84748139376535,472.3854528635857,-686.4563331195156,319.83972549438477,324.47885513305664,377.1450364998087,393.41684823747926,-1787.7861288962877,308.9506530761719,328.47198486328125,296.5142618207879,309.3072824864189,-4947.497235030091,362.32032775878906,267.3500347137451,462.89703131244204,482.8685876594297,-3307.1193241905194,320.1914978027344,297.23413467407227,411.1928253130756,428.93361889071724,-2731.301467714762,307.0154571533203,308.8937759399414,336.1449307575177,350.6478049849541,-3519.25057186086,303.6562728881836,312.82965660095215,239.7119746884123,250.054277372799,-7136.865979590627,351.41910552978516,248.73876571655273,447.5685203511672,466.87873259855985,-3744.1179242891394,311.2617301940918,275.3606700897217,407.7602900524023,425.3529879052189,-4464.338621138762,305.16042709350586,287.9542922973633,346.7850123925651,361.74694981448425,-5054.551326157771,307.7726936340332,292.75357246398926,273.6808699362069,285.4887506208732,-8453.853516945137,344.5098114013672,234.2649793624878,428.23591372097997,446.7120263381498,-3668.361186717112,315.41248321533203,256.9047260284424,417.2082878535492,435.2086167942491,-3575.6120607076723,312.7846908569336,268.59795570373535,366.5858450395074,382.40208356550676,-3995.571181709319,316.7502212524414,273.6137008666992,311.8099814541872,325.26293144721103,-5827.116586234968,2826.881513410433,3058.06092282157,3423.3835615512094,3990.8965742984606,4805.15340695345,3941.4251714807906,4342.606599071987,4505.115669680012,5090.5554452909155,3869.183335575266,4197.699733903678,4312.130939486336,4733.750438258849,3716.2522576025845,4110.95872919879,4157.796997300272,4434.463579994903,3496.6751326501676,3932.416373818277,4002.476115585671,4216.507710829226
557,22.28,398.3100891113281,238.27491760253906,331.6553678224525,345.96454117676643,-2511.1984076407152,397.2842788696289,275.0734519958496,316.4560796596934,330.1094841940692,-2448.3529230456684,375.7568359375,300.20130157470703,297.62882865169456,310.46993697561714,-2078.5733221420173,350.28751373291016,312.80882835388184,289.07652583480143,301.54864756764607,133.21633069847536,330.06656646728516,317.4027156829834,274.52957123278014,286.37406888541057,3060.820442041451,370.6675338745117,298.5307216644287,287.22150922502345,299.61359681152294,-4686.43134044071,329.76619720458984,325.7332134246826,334.1984438704645,348.61733749333047,-3094.2028842563814,313.07003021240234,334.44997787475586,301.30140945252646,314.3009701955426,-1977.896951048416,306.83433532714844,335.2005100250244,176.33748124520085,183.94551003896802,-3134.044311186272,356.7761993408203,277.79027938842773,295.5250293779778,308.2753699006495,-4364.830443969506,312.08446502685547,308.76708984375,352.43176234465164,367.63732713338646,-1532.4072939332696,305.0599479675293,318.11511039733887,235.6600111268599,245.82749303446164,-2620.507798762312,308.6983299255371,317.55374908447266,172.73424125079592,180.18680931418004,-1746.6867014654738,345.2855682373047,259.2590618133545,304.44304648266206,317.5781522318564,-3732.5145091675863,304.9502372741699,288.05843353271484,354.49624410249186,369.79088034981254,-1389.0526888851596,304.9460220336914,298.2655906677246,257.83818037226644,268.962532872669,-2319.6104235453818,312.3223114013672,298.5758113861084,184.7252823368395,192.69520034310395,-2319.838756944231,337.62413024902344,244.10290718078613,300.20558444359244,313.1578661387168,-3338.8540049858248,309.0129280090332,266.9102382659912,296.9265291850471,309.7373370049228,-3136.781994733158,311.89857482910156,275.21976470947266,167.02087467447834,174.22694121637636,-5204.37855872826,320.5594253540039,274.9633312225342,101.03074403601045,105.38968578936846,-5496.831141446064,2840.720095057504,3071.2653021893325,3435.802359030234,4002.9585202011663,4816.608369708866,3953.4097153532516,4356.55129257172,4517.687708487833,5097.913265692475,3881.5143503712916,4212.405226989013,4321.964039207714,4740.957910631416,3728.9553836918585,4125.750364412783,4168.555498615178,4442.171388008627,3509.2014472957167,3944.8058672984735,4009.445193234326,4220.723298260801
558,22.32,395.8975601196289,241.6454029083252,103.6233182381911,108.09411584341272,-5946.760633333843,394.86045837402344,277.1078109741211,79.11037482289751,82.52356869006748,-6189.647887600043,374.0943908691406,302.18313217163086,64.66923592508972,67.4593710994992,-6075.264146902949,349.39476013183594,315.08617401123047,61.152024881006916,63.7904110188067,-5943.955913720984,330.1862335205078,320.8728790283203,86.80565162673336,90.55085594957147,-4895.580323395977,368.45184326171875,302.87487030029297,121.91419180642018,127.17414377512475,-4310.986325909955,326.02394104003906,329.1757106781006,127.12019052089194,132.6047537738245,-5400.314592987649,310.6517791748047,334.6786880493164,60.726057137719195,63.34606502244842,-6273.872629327355,307.76851654052734,332.2348880767822,77.73194355976617,81.08566541527941,-2571.4961155922156,355.0969696044922,283.0084705352783,137.04317602593002,142.9558635716072,-4132.987658226057,310.87337493896484,311.64636611938477,78.09037661749737,81.45956296192472,-7154.444104286543,307.1217346191406,317.14253425598145,56.991603260372614,59.45048923030971,-4659.425095103798,313.49592208862305,314.43660736083984,143.0329138007144,149.20402682199597,-774.5695623046017,343.47599029541016,264.28218841552734,133.47839991279446,139.23728624093945,-4458.521649772923,302.1497344970703,290.25904655456543,89.04182120105484,92.88350440285305,-6922.684398673988,304.47559356689453,297.57373809814453,20.91594667364197,21.818359044615413,-6178.604345701339,313.90167236328125,296.55160903930664,64.18613649387156,66.95542848532862,-3143.494296444383,335.75130462646484,248.1400966644287,111.26088356691844,116.06120168317898,-4927.416611388446,305.1551818847656,269.51817512512207,116.4139698997581,121.43661641109478,-4707.5180148457,308.18614959716797,277.4835205078125,108.70456354615034,113.39458998654736,-1520.808780745725,317.24645614624023,277.7079963684082,107.55507814186973,112.1955103723913,170.14561457557102,2845.0438596912404,3074.566244936935,3438.500733874214,4005.510136641919,4820.230403946849,3958.4966811042564,4361.8554827226735,4520.221551088731,5101.156692309086,3887.2325849141557,4215.66360950749,4324.342058776927,4746.926071704295,3734.5248751414965,4129.465704588897,4169.428232976963,4444.84960514804,3513.8438953630434,3949.6633319549173,4013.9809768337877,4225.2111186756965
559,22.36,397.2956085205078,240.13134956359863,51.520001345822955,53.742816659538974,-1358.7824795968438,396.43131256103516,274.76597785949707,70.49718617435158,73.53876654913437,-224.6200535233278,376.05030059814453,300.2603816986084,68.56817888751418,71.52653280993975,101.67904276101396,351.45191192626953,312.28248596191406,86.93582468990053,90.6866452912845,672.4058568119451,331.28997802734375,316.3505172729492,116.37763902167167,121.3987180479528,771.1965524595332,370.61153411865234,301.6633987426758,61.906824807719985,64.5777765664837,-1564.909180216026,328.53443145751953,326.53770446777344,91.0413329962889,94.96928454673423,-940.8867306772571,313.5288429260254,331.75220489501953,102.59690383051141,107.0234170878291,1091.933801634517,309.25214767456055,330.00746726989746,66.90742107950278,69.79412209448292,-282.2885830199123,357.811279296875,281.876163482666,73.52549033991053,76.69772600774371,-1656.4534390965875,312.7657890319824,310.4886245727539,55.46167927185601,57.85455712103105,-590.1251460223417,311.66770935058594,315.09764671325684,124.61804474405376,129.9946536529526,1763.6041105660724,319.2000198364258,311.43213272094727,161.17459279118302,168.1284232197459,473.1099099437486,346.1008071899414,263.5114002227783,68.39123741340141,71.3419572479385,-1697.383224825024,304.5311164855957,290.5088424682617,59.86118407288497,62.44387726346211,-760.9906784847734,309.147891998291,296.8589687347412,118.16637602044955,123.26462957874215,2536.1567633531686,318.96480560302734,294.5459747314453,136.1476385681463,142.02168841345141,1876.6564982030698,337.6812744140625,247.58706092834473,50.19108428312802,52.356563860810404,-1592.6159455592144,305.4235076904297,269.7429084777832,8.750136348351283,9.127658408990659,-2807.723950052603,309.97095108032227,277.2926616668701,44.87443197019078,46.810526146666085,-1664.601595997032,319.6442222595215,276.2911033630371,69.62788648715669,72.63196118246687,-989.0887297481107,2847.1935723576216,3077.5077955989004,3441.3617951866113,4009.13760245357,4825.086352668767,3961.079792166916,4365.654254104543,4524.5024877722435,5103.948457192865,3890.3004939544653,4217.977791792331,4329.541844923045,4753.651208633086,3737.378553431414,4131.963459679436,4174.358818160113,4450.530472684578,3515.938157917476,3950.0284382912773,4015.8533978796545,4228.116397122995
560,22.4,401.74198150634766,233.32420349121094,203.2662514720987,212.03611414156978,3957.3324370507707,401.10679626464844,269.12198066711426,183.2260423806794,191.13127611973823,2939.8127392650968,381.1207962036133,294.6292018890381,189.44014841895026,197.61348793638837,3152.1738781612153,357.0530319213867,307.70630836486816,180.82095184084437,188.62241865554049,2448.3943341063996,337.64591217041016,314.51425552368164,165.39678813919824,172.53278394493324,1278.3516474245112,375.1133728027344,292.4231815338135,256.9632337568603,268.04983694273244,5086.801509406218,335.8229064941406,318.50189208984375,271.2196399285283,282.921331567994,4698.801175531495,321.1445999145508,326.9776725769043,224.71636756837518,234.4116891915397,3184.7068025927647,316.90982818603516,328.709192276001,194.17387307448664,202.55144775070536,3318.9331414055614,360.9682083129883,272.4528980255127,248.4503631119767,259.16968099624114,4561.7988747124355,319.61666107177734,302.10368156433105,270.69553579638034,282.3746151171254,5613.001449902359,312.07332611083984,311.8627452850342,81.50579813162012,85.02234183330815,-1124.3077954911112,314.597225189209,312.14332580566406,116.4353741571816,121.458944148913,-1166.7369767708226,349.3709182739258,255.28555870056152,221.30027006623746,230.84820516683712,3987.6561979724656,310.64977645874023,281.42603874206543,273.78746706565823,285.5999468521404,5578.901739716957,308.6053657531738,293.206844329834,92.30502219394646,96.28749524336217,-674.4283583844993,314.5672798156738,295.7497501373291,113.98275165087983,118.90050396552739,-578.0296111981006,341.727294921875,241.70794486999512,178.4206538933756,186.11856055869785,3344.049917447186,310.1259231567383,262.0466995239258,225.4777476260316,235.2059187679754,5651.956508974618,307.3650932312012,275.1858615875244,83.77462960287065,87.38906137146077,1014.4633806198672,311.710205078125,281.24213218688965,233.80188601852808,243.88919966452835,4281.430962051538,2855.675016923284,3085.15304664369,3449.2663347040666,4016.6824991997914,4831.987664026565,3971.8017856446254,4376.971107367262,4533.878955339906,5112.050515102893,3900.6672811943154,4229.272776397016,4332.942738596376,4758.509566399041,3746.612481638087,4143.387457553521,4178.210317969847,4455.286492843199,3523.3829003398237,3959.436675041996,4019.3489603345133,4237.871965109577
561,22.44,409.5343017578125,220.4723882675171,375.74044352897226,391.95165451579743,4497.888509355691,408.9927291870117,255.41988372802734,395.23363231776284,412.2858712048404,5528.864877127555,385.7659912109375,282.7647113800049,318.5356845149072,332.2788129894595,3366.633126326778,359.05643463134766,300.5281162261963,186.31301752355083,194.3514378977298,143.22548105473274,339.5732879638672,314.27109718322754,48.566342690543635,50.661723269808185,-3046.776516878126,381.0590362548828,275.52881240844727,447.751760207554,467.069878284687,4975.501033548863,342.9170608520508,300.9184741973877,474.0145111403496,494.4657278865194,5288.609907963135,327.55462646484375,314.60866928100586,348.28210809396955,363.30863726985325,3222.423701957839,321.0852813720703,322.8236675262451,180.40546501000168,188.1890057675138,-359.06104957978897,367.4753952026367,256.2662601470947,436.14126655236936,454.95845329366415,4894.7193074355755,325.68763732910156,287.2200107574463,401.85539174924935,419.19332450052644,3420.467734585026,319.2212677001953,302.4729537963867,295.0225130870459,307.7511726920605,5568.220771468809,321.78714752197266,308.73247146606445,198.94865932750602,207.53224075305866,2151.8324151036413,355.95821380615234,240.87278366088867,396.1695870876423,413.2622074681416,4560.350057532612,315.0069999694824,267.9207515716553,354.76944826694285,370.0758718276302,2111.898124387244,312.3577690124512,283.7575435638428,254.17736817328625,265.14377600746275,4221.407019102515,317.51455307006836,290.009765625,161.31072856029928,168.2704325266035,1234.248214026903,348.81980895996094,229.97291564941406,342.7961002807803,357.5859372621807,4286.684417587072,316.4028549194336,251.5320110321045,306.1439065553693,319.35239541243135,2103.661916111399,312.61791229248047,266.4228916168213,255.41846888731422,266.43842364697485,4476.234056887852,316.4234733581543,274.8882865905762,197.77868271966662,206.3117858483897,-939.4353454034665,2871.353083103916,3101.6444814918837,3462.557487223645,4024.4565567157006,4834.014132957356,3990.4845807760125,4396.749736482723,4548.4113008306995,5119.578075333594,3918.8656193260617,4246.040509377037,4345.252785504059,4766.810856029164,3763.1429699368127,4158.190492426626,4188.816069010146,4462.017310144264,3537.686337830311,3972.210770858493,4030.006497280392,4246.124436543512
562,22.48,416.21734619140625,205.8317756652832,402.34517229463415,419.70423648357047,693.814549194326,417.0151901245117,239.51186656951904,445.4105475633603,464.62765470916105,1308.5445876080157,395.6056213378906,262.4329090118408,564.6904619863243,589.0538659774685,6419.376324700225,370.76419830322266,273.57215881347656,734.717364974806,766.4165297158312,14301.627295452534,352.2427749633789,278.73690605163574,943.1313005777926,983.8224233069498,23329.01750092854,382.9989242553711,253.49833488464355,552.8930193656697,576.7474261628143,2741.9386969531843,343.90228271484375,280.07972717285156,521.5505965816851,544.0527437609474,1239.6753968606986,328.6750030517578,294.7381782531738,497.55128968256787,519.017993820285,3892.7339137607946,324.0101623535156,302.10265159606934,523.1607245473297,545.7323402243711,8938.583361421433,367.9435348510742,235.09344577789307,529.449727926972,552.2926808061701,2433.3556878126487,326.28265380859375,265.471830368042,543.9079626077242,567.3747117722127,3704.5346817921554,318.3694839477539,283.50608825683594,474.649557539772,495.1281731761724,4684.425012102798,321.53358459472656,292.33388900756836,410.0135674631461,427.7034823074964,5504.281038860944,356.1985778808594,220.69833755493164,504.396948450929,526.1590065239197,2822.419976394454,315.9206771850586,247.77491569519043,504.1636076313181,525.9155982832374,3895.99316139018,313.51470947265625,264.8998260498047,472.32934819606965,492.7078590823636,5689.102076872521,319.935359954834,272.17248916625977,450.01995611226596,469.4359348349695,7529.1375577091485,349.6213912963867,211.39347553253174,464.9180904329318,484.9768447815809,3184.7726879850043,318.1171417236328,232.48955726623535,477.986548367417,498.6091374921648,4481.418551993336,315.4524040222168,247.75643348693848,472.0109919804647,492.3757674814175,5648.433595861065,320.4137420654297,255.90228080749512,485.01975472103743,505.945789466495,7490.850090452634,2888.1412525632586,3120.22958768025,3486.1196418627437,4055.113217904334,4873.367029889635,4013.554477822525,4418.511846233161,4569.172020583511,5141.407368942569,3940.9573265583085,4268.735497847925,4365.057912431106,4783.918995321464,3784.1893301977693,4179.227116357955,4208.52438337344,4480.794747537662,3557.085411621574,3992.15513635818,4049.7015279796487,4266.362268122172
